num_of_always_defect	num_of_shame_driven_hiding	average_fitness_of_always_defect	average_fitness_of_shame_driven_hiding
20	0	0	0
19	1	1	-4.75
18	2	2	2.51625
17	3	3	9.41583333333334
16	4	3.999375	17.345
15	5	5	24.7155
14	6	6	32.7416666666667
13	7	7	40.0617857142857
12	8	8	47.541875
11	9	9	55.79
10	10	10	63.3205
9	11	11	71.7679545454545
8	12	12	80.1866666666667
7	13	13	88.0157692307692
6	14	14	96.49625
5	15	15	104.673
4	16	16	113.32203125
3	17	17	121.786470588235
2	18	18	130.568194444444
1	19	19	139.569078947368
0	20	0	148.5
