num_of_always_trembling	num_of_tit_for_tat	average_fitness_of_always_trembling	average_fitness_of_tit_for_tat
20	0	74.9725	0
19	1	75.2511842105263	73.245
18	2	75.8280555555555	77.06875
17	3	76.9301470588235	80.955
16	4	76.781875	84.6725
15	5	77.6401666666667	89.045
14	6	77.6133928571428	93.1420833333333
13	7	78.6142307692308	97.1321428571428
12	8	79.1864583333333	101.2965625
11	9	79.4159090909091	105.245
10	10	80.0005	109.146
9	11	80.7230555555555	113.394545454545
8	12	81.0803125	117.37375
7	13	81.7375	121.476346153846
6	14	81.83375	125.675178571429
5	15	82.2575	129.678166666667
4	16	83.055	133.6746875
3	17	83.5816666666667	137.767058823529
2	18	84.415	141.87125
1	19	84.4725	145.934473684211
0	20	0	150
