num_of_always_trembling	num_of_Pavlov	average_fitness_of_always_trembling	average_fitness_of_Pavlov
20	0	75.076875	0
19	1	75.5048684210526	75.4725
18	2	75.9908333333333	76.015
17	3	76.4073529411765	76.2108333333333
16	4	77.03578125	77.051875
15	5	77.889	77.8935
14	6	77.9380357142857	78.1795833333333
13	7	78.7263461538462	78.9035714285714
12	8	78.7647916666667	80.078125
11	9	79.2481818181818	80.5783333333333
10	10	79.98225	81.23975
9	11	80.3286111111111	81.9906818181818
8	12	80.7165625	82.9152083333333
7	13	81.2292857142857	83.915576923077
6	14	82.04	84.9246428571429
5	15	82.4715	85.9428333333333
4	16	83.37125	87.205
3	17	83.1525	88.8770588235294
2	18	83.32875	90.54625
1	19	83.8825	94.0160526315789
0	20	0	102.056875
