num_of_always_cooperate	num_of_shame_driven_denying	average_fitness_of_always_cooperate	average_fitness_of_shame_driven_denying
20	0	150	0
19	1	149.384736842105	152.9675
18	2	148.847222222222	152.30125
17	3	148.207058823529	150.845
16	4	147.303125	149.834375
15	5	146.846	149.253
14	6	146.475714285714	147.744166666667
13	7	145.706923076923	147.053214285714
12	8	144.91	145.7134375
11	9	144.2	145.375
10	10	143.49	144.227
9	11	142.568888888889	143.035681818182
8	12	142.21	141.686041666667
7	13	141.735714285714	140.936346153846
6	14	141.081666666667	139.874821428571
5	15	140.444	138.564333333333
4	16	139.8	137.79625
3	17	138.823333333333	137.127941176471
2	18	138.555	135.725694444444
1	19	138.62	135.187368421053
0	20	0	133.87275
