num_of_always_cooperate	num_of_Pavlov	average_fitness_of_always_cooperate	average_fitness_of_Pavlov
20	0	150	0
19	1	149.451578947368	167.1625
18	2	148.763888888889	160.915
17	3	148.097647058824	158.785833333333
16	4	147.4525	155.941875
15	5	146.833333333333	153.9015
14	6	146.35	151.4025
13	7	145.815384615385	148.930714285714
12	8	145.251666666667	146.214375
11	9	144.174545454545	142.796111111111
10	10	143.649	139.67575
9	11	143.026666666667	136.032272727273
8	12	142.66375	133.125
7	13	141.788571428571	129.733076923077
6	14	140.795	125.940357142857
5	15	141.242	121.984666666667
4	16	139.5025	118.52265625
3	17	139.113333333333	114.103382352941
2	18	138.515	110.267222222222
1	19	138.04	106.389078947368
0	20	0	102.113625
