num_of_always_defect	num_of_tit_for_tat	average_fitness_of_always_defect	average_fitness_of_tit_for_tat
20	0	0	0
19	1	1	-4.75
18	2	2	3.03
17	3	3	11.5
16	4	4	20.1125
15	5	4.99866666666667	28.0305
14	6	6	36.21375
13	7	7	44.075
12	8	8	52.2065625
11	9	8.99818181818182	60.5202777777777
10	10	10	68.71625
9	11	11	76.4968181818182
8	12	12	84.9075
7	13	13	92.8092307692307
6	14	14	101.483571428571
5	15	15	109.0305
4	16	15.9975	117.583125
3	17	17	125.574705882353
2	18	18	133.855833333333
1	19	19	141.904210526316
0	20	0	150
