num_of_always_defect	num_of_guilt_driven_amending	average_fitness_of_always_defect	average_fitness_of_guilt_driven_amending
20	0	0	0
19	1	1	-4.7475
18	2	2	3.3375
17	3	3	11.33
16	4	4	19.340625
15	5	5	27.4045
14	6	6	35.4666666666667
13	7	7	43.1121428571428
12	8	8	51.2578125
11	9	9	59.245
10	10	10	67.242
9	11	11	75.4143181818182
8	12	12	83.0733333333333
7	13	12.9985714285714	91.2725
6	14	13.9983333333333	98.9819642857143
5	15	15	107.167166666667
4	16	16	115.11453125
3	17	17	123.268676470588
2	18	18	131.134166666667
1	19	19	139.201315789474
0	20	0	147.21875
