num_of_always_cooperate	num_of_guilt_driven_amending	average_fitness_of_always_cooperate	average_fitness_of_guilt_driven_amending
20	0	150	0
19	1	149.89052631579	150.5
18	2	149.786111111111	150.3475
17	3	149.672352941176	150.151666666667
16	4	149.596875	149.991875
15	5	149.458	149.7935
14	6	149.369285714286	149.62375
13	7	149.254615384615	149.455
12	8	149.155833333333	149.2584375
11	9	149.094545454545	149.098055555556
10	10	148.925	148.982
9	11	148.861111111111	148.756136363636
8	12	148.71	148.558125
7	13	148.618571428571	148.421153846154
6	14	148.536666666667	148.210892857143
5	15	148.438	148.0395
4	16	148.35	147.888125
3	17	148.226666666667	147.727794117647
2	18	148.11	147.522083333333
1	19	148.01	147.369868421053
0	20	0	147.20175
