num_of_always_cooperate	num_of_TFT_with_trembling_hand	average_fitness_of_always_cooperate	average_fitness_of_TFT_with_trembling_hand
20	0	150	0
19	1	149.9	150.5
18	2	149.776666666667	149.99375
17	3	149.686470588235	149.511666666667
16	4	149.600625	148.82125
15	5	149.487333333333	148.5165
14	6	149.353571428571	148.16375
13	7	149.253076923077	147.363928571429
12	8	149.134166666667	146.9584375
11	9	149.067272727273	146.634166666667
10	10	148.919	145.98525
9	11	148.863333333333	145.625454545455
8	12	148.76125	145.158333333333
7	13	148.618571428571	144.676153846154
6	14	148.526666666667	144.175892857143
5	15	148.422	143.494166666667
4	16	148.2525	143.235625
3	17	148.193333333333	142.588529411765
2	18	148.135	142.162638888889
1	19	148	141.772763157895
0	20	0	141.132625
