num_of_always_defect	num_of_Pavlov	average_fitness_of_always_defect	average_fitness_of_Pavlov
20	0	0	0
19	1	5.50578947368421	-24.9925
18	2	11.1055555555556	-19.17625
17	3	16.59	-13.2175
16	4	22.090625	-7.258125
15	5	27.6453333333333	-1.784
14	6	33.215	4.33458333333333
13	7	38.6953846153846	10.0207142857143
12	8	44.1141666666667	16.266875
11	9	49.4836363636364	22.2625
10	10	54.85	27.66025
9	11	60.4544444444444	34.0061363636363
8	12	66.1	40.1008333333333
7	13	71.6114285714286	46.0957692307692
6	14	76.8066666666667	52.6607142857143
5	15	82.614	58.2038333333333
4	16	88.27	64.60265625
3	17	93.3566666666667	71.2438235294118
2	18	99.08	77.9455555555556
1	19	104.73	86.7693421052631
0	20	0	102.14325
