num_of_always_defect	num_of_TFT_with_trembling_hand	average_fitness_of_always_defect	average_fitness_of_TFT_with_trembling_hand
20	0	0	0
19	1	1	-4.75
18	2	2	2.775
17	3	2.99882352941176	10.355
16	4	3.999375	18.31125
15	5	5	25.974
14	6	6	33.5154166666667
13	7	7	40.9685714285714
12	8	8	48.8346875
11	9	8.99909090909091	56.7686111111111
10	10	10	64.095
9	11	11	72.1075
8	12	11.99875	79.575
7	13	13	87.4353846153846
6	14	14	95.1228571428571
5	15	15	102.720833333333
4	16	16	110.3578125
3	17	17	118.038970588235
2	18	18	125.794305555556
1	19	19	133.536842105263
0	20	0	141.257875
