num_of_always_cooperate	num_of_shame_driven_hiding	average_fitness_of_always_cooperate	average_fitness_of_shame_driven_hiding
20	0	150	0
19	1	149.883157894737	150.5
18	2	149.805	150.375
17	3	149.692352941176	150.256666666667
16	4	149.58125	150.2175
15	5	149.472	150.076
14	6	149.402142857143	149.961666666667
13	7	149.313846153846	149.872857142857
12	8	149.175833333333	149.7875
11	9	149.049090909091	149.667777777778
10	10	148.954	149.555
9	11	148.881111111111	149.497272727273
8	12	148.79	149.350833333333
7	13	148.657142857143	149.249230769231
6	14	148.56	149.133571428571
5	15	148.44	149.009333333333
4	16	148.3375	148.9375
3	17	148.203333333333	148.793529411765
2	18	148.125	148.692222222222
1	19	148	148.613684210526
0	20	0	148.5
