num_of_always_cooperate	num_of_always_trembling	average_fitness_of_always_cooperate	average_fitness_of_always_trembling
20	0	150	0
19	1	144.814210526316	174.8475
18	2	139.465	169.5725
17	3	134.042352941176	164.4225
16	4	128.87625	159.11
15	5	123.512	154.1205
14	6	118.392857142857	148.374583333333
13	7	113.013076923077	143.182857142857
12	8	108.084166666667	138.3521875
11	9	102.836363636364	132.9
10	10	97.602	127.099
9	11	92.3088888888889	122.300909090909
8	12	86.97875	117.464583333333
7	13	81.1785714285714	111.772307692308
6	14	76.1033333333333	106.78
5	15	71.288	101.0795
4	16	65.7975	96.29125
3	17	60.88	90.7919117647059
2	18	55.66	85.1934722222222
1	19	49.52	80.5711842105263
0	20	0	75.0715
