num_of_always_trembling	num_of_TFT_with_trembling_hand	average_fitness_of_always_trembling	average_fitness_of_TFT_with_trembling_hand
20	0	75.068375	0
19	1	75.3763157894737	72.27
18	2	76.0711111111111	75.925
17	3	76.4804411764706	80.01
16	4	77.0125	83.31
15	5	77.0568333333333	87.428
14	6	77.8344642857142	90.9383333333333
13	7	78.24	94.3089285714286
12	8	78.569375	97.861875
11	9	79.1795454545455	101.82
10	10	79.2635	104.944
9	11	80.5969444444444	108.408863636364
8	12	80.43125	112.531875
7	13	81.1382142857142	116.074038461538
6	14	81.5866666666667	119.625535714286
5	15	82.3825	123.058666666667
4	16	82.38875	126.52828125
3	17	83.0675	130.419264705882
2	18	83.3425	134.000694444444
1	19	82.78	137.519342105263
0	20	0	141.2595
