num_of_always_defect	num_of_always_trembling	average_fitness_of_always_defect	average_fitness_of_always_trembling
20	0	0	0
19	1	5.28578947368421	-25.035
18	2	10.5261111111111	-19.775
17	3	15.7682352941176	-14.2783333333333
16	4	21.0425	-9.094375
15	5	26.3486666666667	-3.667
14	6	31.7085714285714	1.5
13	7	36.88	6.79964285714286
12	8	42.0116666666666	12.13
11	9	47.36	17.1261111111111
10	10	52.488	21.96725
9	11	57.8344444444444	27.7922727272727
8	12	63.37625	32.8358333333333
7	13	68.5414285714286	38.2067307692308
6	14	74.045	43.57125
5	15	79.514	48.5961666666667
4	16	84.2725	54.121875
3	17	89.6633333333334	58.9780882352941
2	18	94.87	64.5419444444445
1	19	98.36	69.8318421052631
0	20	0	74.97125
