num_of_always_trembling	num_of_shame_driven_hiding	average_fitness_of_always_trembling	average_fitness_of_shame_driven_hiding
20	0	74.955625	0
19	1	75.3986842105263	72.7925
18	2	75.8175	76.45625
17	3	76.6088235294118	80.8508333333333
16	4	76.76125	83.503125
15	5	77.2008333333333	87.9125
14	6	78.1001785714286	91.0825
13	7	78.2171153846154	95.4028571428572
12	8	78.7425	99.1109375
11	9	78.9127272727273	102.820555555556
10	10	79.5905	107.2065
9	11	79.6816666666667	110.896136363636
8	12	80.2328125	115.040833333333
7	13	80.9446428571429	118.955384615385
6	14	81.16	123.12625
5	15	81.8765	127.201333333333
4	16	82.184375	131.39015625
3	17	82.68	135.514558823529
2	18	83.27125	139.881388888889
1	19	83.125	144.0875
0	20	0	148.5
