num_of_always_trembling	num_of_guilt_driven_amending	average_fitness_of_always_trembling	average_fitness_of_guilt_driven_amending
20	0	74.85225	0
19	1	75.4127631578947	72.1225
18	2	75.7223611111111	76.76
17	3	76.4047058823529	80.3758333333333
16	4	77.025	84.504375
15	5	77.3863333333333	88.407
14	6	77.8342857142857	92.40875
13	7	78.5376923076923	96.3282142857143
12	8	78.774375	99.9615625
11	9	79.1884090909091	104.470277777778
10	10	80.079	107.98475
9	11	80.0811111111112	111.767727272727
8	12	80.7075	115.854166666667
7	13	81.0682142857143	119.617884615385
6	14	81.5079166666667	123.533392857143
5	15	81.6785	127.678166666667
4	16	82.5925	131.4734375
3	17	83.7625	135.529117647059
2	18	83.92875	139.396111111111
1	19	84.535	143.295131578947
0	20	0	147.166
