num_of_guilt_driven_amending	num_of_Pavlov	average_fitness_of_guilt_driven_amending	average_fitness_of_Pavlov
20	0	147.196	0
19	1	146.65	98.49
18	2	146.077638888889	98.02875
17	3	145.687352941176	99.6866666666667
16	4	145.15578125	99.43
15	5	144.815333333333	99.6135
14	6	144.194642857143	100.68625
13	7	143.794423076923	100.824285714286
12	8	143.209791666667	100.61875
11	9	142.486363636364	101.160277777778
10	10	142.199	100.293
9	11	141.471666666667	101.641363636364
8	12	140.99125	101.060416666667
7	13	140.45	102.112115384615
6	14	140.421666666667	102.328214285714
5	15	139.9245	101.742333333333
4	16	139.095	102.3965625
3	17	138.8375	101.706470588235
2	18	138.0725	102.910416666667
1	19	138.31	102.163947368421
0	20	0	101.757125
