num_of_shame_driven_denying	num_of_Pavlov	average_fitness_of_shame_driven_denying	average_fitness_of_Pavlov
20	0	133.921625	0
19	1	134.173421052632	94.175
18	2	134.656111111111	96.38
17	3	135.057794117647	95.5108333333333
16	4	135.00171875	96.225625
15	5	135.681166666667	96.863
14	6	136.085892857143	97.07
13	7	136.570961538462	96.6014285714286
12	8	136.960625	98.416875
11	9	137.117045454546	97.7766666666666
10	10	137.50675	99.8425
9	11	137.788888888889	99.2643181818182
8	12	138.17	99.3227083333333
7	13	138.655714285714	100.409038461538
6	14	139.14125	101.087142857143
5	15	139.625	100.754166666667
4	16	140.253125	100.9834375
3	17	140.260833333333	102.021176470588
2	18	140.51875	100.991666666667
1	19	141.055	102.496184210526
0	20	0	102.108375
