num_of_shame_driven_hiding	num_of_Pavlov	average_fitness_of_shame_driven_hiding	average_fitness_of_Pavlov
20	0	148.5	0
19	1	148.173026315789	97.91
18	2	148.005694444444	99.31
17	3	147.620147058823	97.095
16	4	147.495	97.45125
15	5	147.093166666667	99.203
14	6	146.898392857143	99.7420833333334
13	7	146.621923076923	99.9742857142857
12	8	146.271666666667	100.788125
11	9	145.858409090909	100.160833333333
10	10	145.531	100.233
9	11	145.451666666667	101.585227272727
8	12	145.0796875	101.271458333333
7	13	144.799642857143	101.542692307692
6	14	144.57625	101.616785714286
5	15	144.4045	101.51
4	16	143.85625	102.06234375
3	17	143.55	102.025588235294
2	18	143.825	102.327083333333
1	19	143.6375	102.5975
0	20	0	102.70025
