num_of_shame_driven_denying	num_of_guilt_driven_amending	average_fitness_of_shame_driven_denying	average_fitness_of_guilt_driven_amending
20	0	134.064875	0
19	1	133.973289473684	138.0725
18	2	134.776944444444	139.63375
17	3	134.843970588235	140.186666666667
16	4	135.2325	140.329375
15	5	135.711833333333	140.787
14	6	135.995714285714	140.88875
13	7	136.778461538462	142.036071428571
12	8	137.014791666667	142.0946875
11	9	137.735227272727	142.503888888889
10	10	137.82225	142.88875
9	11	138.187777777778	143.273636363636
8	12	138.24	143.872916666667
7	13	138.938571428571	144.280961538462
6	14	139.0175	144.733392857143
5	15	139.5755	144.967333333333
4	16	140.29625	145.54921875
3	17	140.760833333333	145.872058823529
2	18	140.9175	146.373472222222
1	19	141.2325	146.764473684211
0	20	0	147.183875
