num_of_TFT_with_trembling_hand	num_of_shame_driven_denying	average_fitness_of_TFT_with_trembling_hand	average_fitness_of_shame_driven_denying
20	0	141.07775	0
19	1	140.835526315789	137.865
18	2	140.757638888889	137.9425
17	3	140.584705882353	137.554166666667
16	4	140.2021875	137.21875
15	5	140.180666666667	137.434
14	6	139.868035714286	137.019166666667
13	7	139.597884615385	136.96
12	8	139.470625	136.3815625
11	9	139.339772727273	136.3
10	10	139.0975	136.33675
9	11	138.699722222222	135.929318181818
8	12	138.425625	135.666666666667
7	13	138.4425	135.534038461538
6	14	137.86875	135.353392857143
5	15	137.8405	135.170166666667
4	16	137.71125	134.575625
3	17	137.193333333333	134.215441176471
2	18	137.1	134.397083333333
1	19	136.05	134.314473684211
0	20	0	133.853875
