num_of_TFT_with_trembling_hand	num_of_Pavlov	average_fitness_of_TFT_with_trembling_hand	average_fitness_of_Pavlov
20	0	141.134625	0
19	1	141.0075	96.9975
18	2	140.865	99.995
17	3	140.808088235294	99.0575
16	4	140.6034375	98.119375
15	5	140.4575	99.776
14	6	140.396964285714	99.89625
13	7	140.032115384615	99.0382142857142
12	8	139.999791666667	101.3821875
11	9	139.871818181818	100.963055555556
10	10	139.77075	101.71025
9	11	139.446666666667	101.409318181818
8	12	139.45125	101.559583333333
7	13	139.5775	101.349615384615
6	14	139.135416666667	101.085892857143
5	15	138.639	101.735333333333
4	16	138.77	102.31234375
3	17	138.170833333333	102.275294117647
2	18	138.38875	101.823333333333
1	19	137.73	102.686315789474
0	20	0	102.5005
