num_of_TFT_with_trembling_hand	num_of_guilt_driven_amending	average_fitness_of_TFT_with_trembling_hand	average_fitness_of_guilt_driven_amending
20	0	141.21	0
19	1	141.291315789474	143.745
18	2	141.567777777778	143.69875
17	3	141.715441176471	144.088333333333
16	4	142.0246875	144.005
15	5	141.970833333333	144.3695
14	6	142.466964285714	144.47875
13	7	142.262884615385	144.781785714286
12	8	142.706666666667	144.9221875
11	9	142.797727272727	145.213055555556
10	10	142.94825	145.30825
9	11	143.196111111111	145.527954545454
8	12	143.26	145.84625
7	13	143.644642857143	145.864807692308
6	14	143.879166666667	146.068392857143
5	15	143.858	146.235166666667
4	16	144.201875	146.40203125
3	17	144.29	146.622941176471
2	18	144.53625	146.806666666667
1	19	144.7675	147.024342105263
0	20	0	147.17825
