num_of_TFT_with_trembling_hand	num_of_shame_driven_hiding	average_fitness_of_TFT_with_trembling_hand	average_fitness_of_shame_driven_hiding
20	0	141.149875	0
19	1	141.405263157895	144.7175
18	2	141.363472222222	145.09625
17	3	141.500588235294	145.475833333333
16	4	141.8128125	145.435
15	5	141.927	145.7435
14	6	141.966071428571	145.899583333333
13	7	142.112884615385	145.936428571429
12	8	142.225416666667	146.126875
11	9	142.294772727273	146.457777777778
10	10	142.51175	146.56
9	11	142.893611111111	146.795681818182
8	12	142.7246875	146.95375
7	13	142.941428571429	147.075576923077
6	14	143.06	147.401964285714
5	15	143.36	147.5435
4	16	143.39125	147.73984375
3	17	143.601666666667	147.887058823529
2	18	143.8825	148.1075
1	19	143.915	148.324342105263
0	20	0	148.5
