num_of_tit_for_tat	num_of_TFT_with_trembling_hand	average_fitness_of_tit_for_tat	average_fitness_of_TFT_with_trembling_hand
20	0	150	0
19	1	149.716052631579	145.8525
18	2	149.459166666667	145.82
17	3	149.148970588235	145.689166666667
16	4	148.9425	145.036875
15	5	148.514833333333	145.093
14	6	148.40625	144.775
13	7	148.123269230769	144.3625
12	8	147.853125	144.0790625
11	9	147.493636363636	143.973333333333
10	10	147.2405	143.74925
9	11	146.913888888889	143.332272727273
8	12	146.53	143.346666666667
7	13	146.346428571429	142.974230769231
6	14	146.014166666667	142.795714285714
5	15	145.853	142.463333333333
4	16	145.51	142.1996875
3	17	145.421666666667	142.128823529412
2	18	144.81875	141.601111111111
1	19	144.735	141.541447368421
0	20	0	141.094625
