num_of_tit_for_tat	num_of_shame_driven_hiding	average_fitness_of_tit_for_tat	average_fitness_of_shame_driven_hiding
20	0	150	0
19	1	149.894210526316	150.5
18	2	149.8	150.415
17	3	149.699411764706	150.3
16	4	149.586875	150.1825
15	5	149.498666666667	150.112
14	6	149.372857142857	150.003333333333
13	7	149.278461538461	149.884285714286
12	8	149.1675	149.77125
11	9	149.052727272727	149.671111111111
10	10	148.962	149.579
9	11	148.847777777778	149.447272727273
8	12	148.74125	149.341666666667
7	13	148.622857142857	149.241538461538
6	14	148.508333333333	149.137142857143
5	15	148.434	149.04
4	16	148.315	148.938125
3	17	148.203333333333	148.824117647059
2	18	148.11	148.702777777778
1	19	148	148.606842105263
0	20	0	148.5
