num_of_tit_for_tat	num_of_guilt_driven_amending	average_fitness_of_tit_for_tat	average_fitness_of_guilt_driven_amending
20	0	150	0
19	1	149.930263157895	148.725
18	2	149.83625	148.61625
17	3	149.753235294118	148.530833333333
16	4	149.68078125	148.49625
15	5	149.581833333333	148.3435
14	6	149.506071428571	148.337083333333
13	7	149.4125	148.230714285714
12	8	149.3625	148.180625
11	9	149.254772727273	148.059444444444
10	10	149.2155	147.97
9	11	149.134722222222	147.928181818182
8	12	149.0446875	147.8425
7	13	148.912857142857	147.734615384615
6	14	148.875833333333	147.688571428571
5	15	148.816	147.583833333333
4	16	148.706875	147.5225
3	17	148.638333333333	147.422794117647
2	18	148.535	147.33375
1	19	148.47	147.257236842105
0	20	0	147.20125
