num_of_always_cooperate	num_of_guilt_driven_amending	average_fitness_of_always_cooperate	average_fitness_of_guilt_driven_amending
50	0	100	0
49	1	99.8044897959184	104.805
48	2	99.5954166666667	104.565
47	3	99.4151063829787	104.308333333333
46	4	99.2104347826087	104.03125
45	5	98.9971111111111	103.749
44	6	98.8068181818182	103.5
43	7	98.6032558139535	103.285
42	8	98.425	103.003125
41	9	98.2414634146341	102.696111111111
40	10	98.0275	102.518
39	11	97.8384615384616	102.217272727273
38	12	97.6526315789474	101.88625
37	13	97.4121621621621	101.710384615385
36	14	97.2430555555555	101.430357142857
35	15	96.9994285714286	101.203666666667
34	16	96.8738235294117	100.9334375
33	17	96.6178787878787	100.701470588235
32	18	96.44875	100.346111111111
31	19	96.2409677419354	100.076578947368
30	20	96.0043333333333	99.8685
29	21	95.9086206896552	99.4778571428571
28	22	95.6099999999999	99.3031818181818
27	23	95.4644444444444	99.0939130434782
26	24	95.266923076923	98.7275
25	25	95.1024	98.5304
24	26	94.90375	98.2532692307692
23	27	94.6573913043478	98.0003703703703
22	28	94.4063636363636	97.71375
21	29	94.3395238095238	97.4584482758621
20	30	94.0735	97.2171666666667
19	31	93.8347368421052	96.9053225806452
18	32	93.6433333333334	96.6834375
17	33	93.4458823529412	96.4351515151515
16	34	93.313125	96.0969117647059
15	35	93.1399999999999	95.9568571428572
14	36	92.855	95.5356944444444
13	37	92.7153846153846	95.3737837837838
12	38	92.4175000000001	95.0277631578947
11	39	92.3381818181818	94.7728205128205
10	40	92.138	94.57825
9	41	91.8611111111111	94.2984146341464
8	42	91.72	94.0538095238095
7	43	91.5171428571429	93.7720930232558
6	44	91.31	93.5375
5	45	91.154	93.2716666666667
4	46	90.9225	93.0257608695652
3	47	90.7766666666666	92.7010638297872
2	48	90.51	92.4683333333333
1	49	90.34	92.1708163265306
0	50	0	91.9417
