num_of_always_defect	num_of_shame_driven_hiding	average_fitness_of_always_defect	average_fitness_of_shame_driven_hiding
50	0	0	0
49	1	0.978979591836735	-24.08
48	2	1.958125	-22.0175
47	3	2.93595744680851	-19.8966666666667
46	4	3.92065217391304	-17.735
45	5	4.90244444444445	-15.502
44	6	5.87613636363636	-13.4691666666667
43	7	6.86000000000001	-11.2885714285714
42	8	7.8457142857143	-9.123125
41	9	8.80780487804878	-7.03333333333333
40	10	9.79525	-4.821
39	11	10.77	-2.72136363636364
38	12	11.7657894736842	-0.29375
37	13	12.7505405405405	1.86230769230769
36	14	13.7269444444444	3.87678571428571
35	15	14.7228571428571	6.15733333333333
34	16	15.6982352941177	8.3240625
33	17	16.6536363636364	10.6505882352941
32	18	17.63875	13.0233333333333
31	19	18.6183870967742	15.3092105263158
30	20	19.5993333333333	17.71025
29	21	20.5996551724138	19.8592857142857
28	22	21.5546428571429	22.2140909090909
27	23	22.552962962963	24.4665217391304
26	24	23.5115384615385	26.8760416666667
25	25	24.5432	29.3
24	26	25.4858333333333	31.7053846153846
23	27	26.4595652173913	34.0227777777778
22	28	27.4377272727273	36.4233928571429
21	29	28.4280952380952	38.9360344827586
20	30	29.393	41.237
19	31	30.3852631578947	43.8935483870968
18	32	31.3477777777778	46.39890625
17	33	32.3588235294118	48.8142424242424
16	34	33.319375	51.4239705882353
15	35	34.2813333333333	53.9091428571429
14	36	35.2835714285714	56.4608333333333
13	37	36.2523076923077	58.9724324324324
12	38	37.2383333333333	61.6742105263158
11	39	38.2381818181818	64.3255128205128
10	40	39.194	66.963
9	41	40.2	69.650243902439
8	42	41.145	72.4317857142857
7	43	42.1371428571429	75.0708139534884
6	44	43.145	77.8505681818181
5	45	44.116	80.6781111111111
4	46	45.1375	83.4483695652174
3	47	46.07	86.273085106383
2	48	47.14	89.156875
1	49	48.16	92.0421428571428
0	50	0	95
