num_of_always_trembling	num_of_TFT_with_trembling_hand	average_fitness_of_always_trembling	average_fitness_of_TFT_with_trembling_hand
50	0	49.8987	0
49	1	50.5105102040816	39.47
48	2	50.8357291666667	40.34
47	3	51.2393617021277	42.1166666666667
46	4	51.69	43.26625
45	5	51.9065555555555	43.871
44	6	52.3580681818182	45.3741666666667
43	7	52.8161627906977	45.7307142857143
42	8	53.2739285714286	46.509375
41	9	53.8182926829268	47.6683333333333
40	10	54.298	48.499
39	11	54.5301282051282	49.4427272727273
38	12	55.0810526315789	50.3883333333333
37	13	55.3968918918919	51.3692307692308
36	14	55.6611111111111	52.3528571428571
35	15	56.318	53.2903333333333
34	16	56.675	54.2684375
33	17	57.1516666666667	55.23
32	18	57.42953125	56.3616666666667
31	19	57.9982258064516	56.9094736842105
30	20	58.0373333333333	58.031
29	21	58.9263793103448	59.0645238095238
28	22	58.93	60.0997727272728
27	23	59.4955555555556	60.9789130434783
26	24	59.9071153846154	62.0164583333333
25	25	60.2688	63.0962
24	26	60.778125	63.8175
23	27	61.0569565217391	64.857037037037
22	28	61.7443181818182	65.8064285714286
21	29	61.8795238095238	66.5977586206897
20	30	62.46925	67.602
19	31	62.9765789473684	68.558064516129
18	32	63.0366666666666	69.55390625
17	33	63.7108823529412	70.6539393939394
16	34	64.2340625	71.6575
15	35	64.6573333333334	72.449
14	36	65.0146428571429	73.5029166666667
13	37	65.5265384615384	74.3851351351351
12	38	65.75125	75.3648684210526
11	39	66.2404545454546	76.2288461538462
10	40	66.18	77.318125
9	41	66.9511111111111	78.2041463414634
8	42	67.535625	79.159880952381
7	43	67.9135714285714	80.21
6	44	68.2633333333333	81.0964772727273
5	45	68.597	82.0701111111111
4	46	69.27125	83.0147826086956
3	47	69.2766666666667	83.9365957446808
2	48	70.0925	84.9711458333333
1	49	69.895	85.8638775510204
0	50	0	86.9104
