num_of_always_trembling	num_of_guilt_driven_amending	average_fitness_of_always_trembling	average_fitness_of_guilt_driven_amending
50	0	50.0847	0
49	1	50.324693877551	38.995
48	2	50.8832291666667	40.97
47	3	51.2170212765958	41.3133333333333
46	4	51.9033695652174	42.29875
45	5	52.0124444444445	43.997
44	6	52.5497727272727	44.7816666666667
43	7	53.149534883721	45.98
42	8	53.5669047619048	46.815625
41	9	53.9823170731707	48.1411111111111
40	10	54.307125	49.2925
39	11	54.941923076923	50.0068181818182
38	12	55.32	51.20625
37	13	55.7016216216216	52.3388461538462
36	14	55.9808333333334	53.5617857142857
35	15	56.7271428571428	54.392
34	16	56.8325	55.3234375
33	17	57.3837878787879	56.5570588235294
32	18	58.00421875	57.5988888888889
31	19	58.3037096774193	58.7176315789474
30	20	58.6533333333334	59.808
29	21	59.06	60.6995238095238
28	22	59.3557142857143	61.9556818181818
27	23	59.8574074074074	63.0065217391304
26	24	60.3817307692308	64.1614583333333
25	25	60.793	65.2044
24	26	61.2577083333333	66.3165384615384
23	27	61.609347826087	67.2757407407407
22	28	62.3404545454545	68.3432142857143
21	29	62.5795238095238	69.4937931034482
20	30	62.923	70.4626666666666
19	31	63.4552631578947	71.663870967742
18	32	63.94	72.6
17	33	64.1785294117647	73.665303030303
16	34	64.665625	74.7408823529412
15	35	65.143	75.8031428571428
14	36	65.5410714285714	76.9108333333333
13	37	65.94	77.9694594594595
12	38	66.3329166666666	78.9905263157895
11	39	66.91	80.0939743589744
10	40	67.5	81.205875
9	41	67.61	82.2684146341464
8	42	68.290625	83.3509523809524
7	43	68.455	84.4447674418605
6	44	69.3116666666667	85.4872727272728
5	45	69.385	86.5841111111111
4	46	69.90375	87.6348913043478
3	47	70.5133333333333	88.6720212765958
2	48	70.6625	89.801875
1	49	71.1	90.8994897959184
0	50	0	91.9157
