num_of_always_cooperate	num_of_shame_driven_hiding	average_fitness_of_always_cooperate	average_fitness_of_shame_driven_hiding
50	0	100	0
49	1	99.8142857142857	105
48	2	99.635	104.77
47	3	99.4365957446809	104.67
46	4	99.2408695652174	104.5
45	5	99.0588888888888	104.27
44	6	98.8961363636364	104.058333333333
43	7	98.6948837209302	103.805714285714
42	8	98.4847619047619	103.73
41	9	98.310487804878	103.551111111111
40	10	98.09925	103.311
39	11	97.9125641025641	103.11
38	12	97.7305263157895	102.928333333333
37	13	97.5227027027027	102.777692307692
36	14	97.305	102.52
35	15	97.1788571428572	102.322
34	16	96.94	102.159375
33	17	96.7533333333334	101.942352941177
32	18	96.54625	101.747222222222
31	19	96.3383870967742	101.559473684211
30	20	96.1743333333334	101.3065
29	21	95.9079310344827	101.088095238095
28	22	95.7282142857143	100.917727272727
27	23	95.5640740740741	100.699130434783
26	24	95.3180769230769	100.546666666667
25	25	95.1076	100.342
24	26	94.9408333333333	100.163076923077
23	27	94.7069565217391	99.9266666666667
22	28	94.5540909090909	99.6896428571428
21	29	94.3438095238095	99.551724137931
20	30	94.1515	99.2756666666667
19	31	93.9394736842105	99.0664516129032
18	32	93.7394444444444	98.874375
17	33	93.4476470588235	98.6606060606061
16	34	93.250625	98.5258823529412
15	35	93.07	98.2217142857143
14	36	92.8314285714286	98.0469444444445
13	37	92.6046153846154	97.8470270270271
12	38	92.42	97.6271052631579
11	39	92.1954545454545	97.4053846153846
10	40	91.932	97.2025
9	41	91.7088888888889	96.9819512195122
8	42	91.49375	96.7521428571429
7	43	91.4314285714286	96.5523255813953
6	44	91.115	96.3334090909091
5	45	90.858	96.1337777777778
4	46	90.71	95.8939130434782
3	47	90.45	95.6787234042553
2	48	90.185	95.4495833333333
1	49	90	95.2144897959184
0	50	0	95
