num_of_always_cooperate	num_of_Pavlov	average_fitness_of_always_cooperate	average_fitness_of_Pavlov
50	0	100	0
49	1	99.4483673469388	144.74
48	2	98.8695833333333	145.395
47	3	98.3559574468085	144.75
46	4	97.8910869565218	142.07125
45	5	97.2542222222222	139.998
44	6	96.8022727272727	139.024166666667
43	7	96.2046511627907	137.670714285714
42	8	95.7642857142857	136.02625
41	9	95.079756097561	134.628333333333
40	10	94.62175	132.937
39	11	94.1361538461538	131.316818181818
38	12	93.5636842105263	130.022916666667
37	13	92.9945945945946	128.606923076923
36	14	92.4052777777778	127.414642857143
35	15	91.8674285714286	125.858
34	16	91.3741176470588	124.21125
33	17	90.8884848484849	122.631764705882
32	18	90.32375	121.498611111111
31	19	89.9051612903226	119.866578947368
30	20	89.191	118.50025
29	21	88.7286206896552	116.94880952381
28	22	88.0964285714286	115.535454545455
27	23	87.5762962962963	114.049130434783
26	24	87.2861538461539	112.554583333333
25	25	86.5276	111.0432
24	26	86.1341666666667	109.680961538462
23	27	85.4478260869565	108.267592592593
22	28	85.1559090909091	106.451964285714
21	29	84.4952380952381	105.17724137931
20	30	83.678	103.745666666667
19	31	83.3221052631579	102.320483870968
18	32	82.6672222222223	100.69828125
17	33	82.4811764705882	99.3889393939394
16	34	81.683125	98.0041176470588
15	35	81.2686666666667	96.1184285714286
14	36	80.6964285714286	94.9072222222222
13	37	80.0846153846154	93.3263513513514
12	38	79.4416666666666	91.8913157894737
11	39	78.8518181818182	90.2828205128205
10	40	78.334	88.674625
9	41	78.19	87.3963414634146
8	42	77.21375	85.7742857142857
7	43	77.0142857142857	84.2775581395349
6	44	76.3166666666667	82.8022727272727
5	45	75.742	81.3065555555555
4	46	75.2275	79.6930434782609
3	47	75.02	78.1148936170213
2	48	74.41	76.7495833333333
1	49	72.95	75.2080612244898
0	50	0	73.5354
