num_of_always_defect	num_of_shame_driven_denying	average_fitness_of_always_defect	average_fitness_of_shame_driven_denying
50	0	0	0
49	1	0.979795918367347	-24.07
48	2	1.95854166666667	-21.885
47	3	2.94234042553191	-19.7566666666667
46	4	3.91869565217391	-17.87875
45	5	4.89644444444445	-15.711
44	6	5.87795454545454	-13.5925
43	7	6.85744186046512	-11.3542857142857
42	8	7.83071428571429	-9.3275
41	9	8.82682926829268	-7.14777777777778
40	10	9.8135	-5.1615
39	11	10.7666666666667	-3.11181818181818
38	12	11.7536842105263	-0.871666666666667
37	13	12.7437837837838	1.03192307692308
36	14	13.7263888888889	3.15321428571429
35	15	14.702	5.205
34	16	15.69	7.459375
33	17	16.6772727272727	9.55941176470588
32	18	17.6328125	11.4558333333333
31	19	18.6406451612903	13.6052631578947
30	20	19.609	15.79725
29	21	20.5748275862069	17.9061904761905
28	22	21.5478571428571	19.9597727272727
27	23	22.5518518518519	22.0397826086957
26	24	23.5173076923077	24.2133333333333
25	25	24.5104	26.364
24	26	25.49	28.245
23	27	26.4365217391304	30.5018518518518
22	28	27.4377272727273	32.7285714285714
21	29	28.4152380952381	34.6715517241379
20	30	29.426	36.8743333333333
19	31	30.4031578947368	38.7925806451613
18	32	31.3733333333333	40.9884375
17	33	32.3629411764706	43.1642424242424
16	34	33.33125	45.0782352941177
15	35	34.314	47.221
14	36	35.3035714285714	49.4080555555556
13	37	36.2653846153846	51.4497297297297
12	38	37.2708333333333	53.4811842105263
11	39	38.2081818181818	55.5997435897436
10	40	39.186	57.614625
9	41	40.1688888888889	59.8870731707317
8	42	41.1625	61.8447619047619
7	43	42.1714285714286	64.0848837209303
6	44	43.155	66.1436363636363
5	45	44.078	68.3393333333333
4	46	45.0325	70.2565217391305
3	47	46.0233333333333	72.4526595744681
2	48	46.955	74.4570833333333
1	49	48	76.5583673469388
0	50	0	78.7079
