num_of_always_trembling	num_of_Pavlov	average_fitness_of_always_trembling	average_fitness_of_Pavlov
50	0	50.1125	0
49	1	50.3904081632653	49.24
48	2	51.0563541666667	50.69
47	3	51.1785106382979	50.7583333333333
46	4	51.5720652173913	51.46125
45	5	52.1181111111111	52.048
44	6	52.4479545454546	52.1175
43	7	53.15	51.9614285714286
42	8	53.4042857142857	52.7075
41	9	53.9924390243902	53.6411111111112
40	10	54.5405	53.913
39	11	54.7497435897436	53.7186363636364
38	12	55.1419736842105	54.735
37	13	55.9025675675675	55.3630769230769
36	14	56.315	55.4264285714286
35	15	56.4302857142857	56.256
34	16	57.0273529411765	56.668125
33	17	57.5651515151515	57.13
32	18	57.8859375	57.5358333333333
31	19	58.5304838709678	57.9321052631579
30	20	58.855	58.12825
29	21	59.3520689655173	59.01
28	22	59.69625	59.3740909090909
27	23	60.1981481481482	59.8439130434782
26	24	60.6092307692308	60.30625
25	25	60.7958	60.9202
24	26	61.581875	61.2373076923077
23	27	62.0815217391304	61.7207407407408
22	28	62.2484090909091	62.3076785714286
21	29	62.8221428571429	62.6584482758621
20	30	63.356	63.2103333333333
19	31	63.9547368421053	63.9009677419355
18	32	64.4544444444444	64.058125
17	33	64.8264705882353	64.5877272727273
16	34	65.235	65.0179411764706
15	35	65.379	65.6274285714285
14	36	65.8717857142857	66.0815277777778
13	37	66.2361538461539	66.6416216216216
12	38	66.69875	66.9776315789474
11	39	67.435	67.6391025641025
10	40	67.8925	68.029875
9	41	68.3016666666666	68.6889024390244
8	42	68.865	69.2091666666667
7	43	69.2464285714286	69.5562790697674
6	44	69.295	70.1990909090909
5	45	70.412	70.8138888888889
4	46	69.72625	71.1257608695652
3	47	70.0616666666667	71.7607446808511
2	48	71.0225	72.5395833333333
1	49	71.27	72.8968367346939
0	50	0	73.5874
