num_of_always_cooperate	num_of_shame_driven_denying	average_fitness_of_always_cooperate	average_fitness_of_shame_driven_denying
50	0	100	0
49	1	99.4271428571429	114.51
48	2	98.8929166666667	113.36
47	3	98.2363829787234	112.713333333333
46	4	97.6808695652174	112.32
45	5	97.1151111111111	111.225
44	6	96.5647727272727	110.695833333333
43	7	95.9579069767442	109.754285714286
42	8	95.4628571428571	108.948125
41	9	94.6826829268293	108.282777777778
40	10	94.17475	107.6945
39	11	93.611282051282	107.055454545455
38	12	93.0555263157895	106.324166666667
37	13	92.4745945945946	105.478076923077
36	14	92.0952777777778	104.753571428571
35	15	91.4411428571428	103.904666666667
34	16	90.7491176470589	103.3975
33	17	90.2693939393939	102.762352941176
32	18	89.4703125	101.650277777778
31	19	89.0187096774194	100.88
30	20	88.426	100.19125
29	21	87.8379310344828	99.8442857142857
28	22	87.4046428571429	98.955
27	23	86.8133333333334	98.195
26	24	86.2626923076923	97.4722916666667
25	25	85.5744	96.7824
24	26	85.035	96.1661538461538
23	27	84.61	95.2498148148149
22	28	83.8659090909091	94.6594642857143
21	29	83.0771428571428	93.8541379310345
20	30	82.2845	93.0251666666666
19	31	82.1021052631579	92.3940322580645
18	32	81.5027777777778	91.65484375
17	33	81.1535294117647	90.9801515151515
16	34	80.580625	90.2551470588235
15	35	79.6533333333333	89.5412857142857
14	36	79.1278571428572	88.8566666666666
13	37	78.7684615384615	88.1502702702703
12	38	77.8175	87.3090789473684
11	39	77.5345454545455	86.7078205128205
10	40	77.082	85.928875
9	41	76.0866666666667	85.3068292682927
8	42	76.175	84.5189285714286
7	43	74.9885714285714	83.8162790697675
6	44	74.5	83.0535227272728
5	45	73.96	82.3651111111111
4	46	73.6425	81.5033695652174
3	47	73.4733333333334	80.971914893617
2	48	72.625	80.1054166666667
1	49	71.2	79.4416326530613
0	50	0	78.7144
