num_of_always_defect	num_of_TFT_with_trembling_hand	average_fitness_of_always_defect	average_fitness_of_TFT_with_trembling_hand
50	0	0	0
49	1	0.979387755102041	-24.02
48	2	1.95541666666667	-21.7125
47	3	2.93978723404255	-19.4483333333333
46	4	3.91543478260869	-17.21125
45	5	4.90511111111111	-14.984
44	6	5.89022727272727	-12.5466666666667
43	7	6.8693023255814	-10.4592857142857
42	8	7.83595238095239	-8.34625
41	9	8.83317073170732	-6.05
40	10	9.8015	-3.599
39	11	10.7810256410256	-1.42818181818182
38	12	11.7473684210526	0.685
37	13	12.7432432432432	3.14115384615385
36	14	13.7208333333333	5.35714285714286
35	15	14.7091428571429	7.617
34	16	15.6929411764706	9.906875
33	17	16.6590909090909	12.2838235294118
32	18	17.6184375	14.4527777777778
31	19	18.6151612903226	16.8160526315789
30	20	19.6093333333333	19.04925
29	21	20.593448275862	21.2033333333333
28	22	21.5707142857143	23.5161363636364
27	23	22.5537037037037	25.7352173913043
26	24	23.5157692307692	28.0785416666667
25	25	24.4936	30.2954
24	26	25.455	32.5751923076923
23	27	26.454347826087	34.8405555555556
22	28	27.4236363636364	37.0626785714286
21	29	28.437619047619	39.3810344827586
20	30	29.4065	41.715
19	31	30.3873684210526	43.8224193548387
18	32	31.365	46.10578125
17	33	32.3570588235294	48.445303030303
16	34	33.3375	50.5944117647059
15	35	34.2973333333333	52.9042857142857
14	36	35.3085714285714	55.2293055555556
13	37	36.2453846153846	57.4781081081081
12	38	37.2741666666667	59.781052631579
11	39	38.2190909090909	61.904358974359
10	40	39.195	64.194625
9	41	40.1544444444445	66.4489024390244
8	42	41.1825	68.7310714285714
7	43	42.1	71.0741860465116
6	44	43.125	73.2971590909091
5	45	44.222	75.5948888888889
4	46	45.0375	77.6908695652174
3	47	45.9833333333333	80.063085106383
2	48	46.985	82.2746875
1	49	47.93	84.5684693877551
0	50	0	86.8432
