num_of_always_defect	num_of_guilt_driven_amending	average_fitness_of_always_defect	average_fitness_of_guilt_driven_amending
50	0	0	0
49	1	0.980612244897959	-23.99
48	2	1.95958333333333	-21.63
47	3	2.93553191489361	-19.3166666666667
46	4	3.9254347826087	-16.8575
45	5	4.89933333333333	-14.629
44	6	5.87931818181818	-12.1725
43	7	6.86534883720931	-9.76857142857143
42	8	7.84857142857144	-7.409375
41	9	8.82585365853658	-5.04
40	10	9.8085	-2.7345
39	11	10.7853846153846	-0.332727272727273
38	12	11.7684210526316	2.02833333333333
37	13	12.7418918918919	4.38423076923077
36	14	13.7125	6.78357142857143
35	15	14.6885714285714	9.082
34	16	15.6761764705882	11.50375
33	17	16.6557575757576	13.9379411764706
32	18	17.6571875	16.2730555555556
31	19	18.6387096774194	18.5960526315789
30	20	19.622	20.94725
29	21	20.6037931034483	23.1314285714286
28	22	21.5532142857143	25.7040909090909
27	23	22.5433333333333	28.0904347826087
26	24	23.5123076923077	30.43125
25	25	24.5124	32.8158
24	26	25.45375	35.1526923076923
23	27	26.4621739130435	37.4818518518518
22	28	27.4572727272727	39.88375
21	29	28.3857142857143	42.1741379310345
20	30	29.396	44.6631666666666
19	31	30.37	47.0737096774194
18	32	31.3594444444445	49.428125
17	33	32.3141176470588	51.7133333333333
16	34	33.331875	54.0755882352941
15	35	34.316	56.5065714285715
14	36	35.29	58.7695833333333
13	37	36.2938461538461	61.1375675675676
12	38	37.2808333333333	63.5143421052632
11	39	38.2518181818182	65.9655128205128
10	40	39.192	68.314625
9	41	40.2022222222222	70.7170731707317
8	42	41.215	72.9630952380952
7	43	42.1742857142857	75.4238372093023
6	44	43.155	77.7882954545454
5	45	44.13	80.0946666666667
4	46	45.0925	82.4659782608695
3	47	46.0433333333333	84.7948936170213
2	48	47.115	87.3157291666667
1	49	48.03	89.5708163265306
0	50	0	91.9318
