num_of_always_trembling	num_of_shame_driven_denying	average_fitness_of_always_trembling	average_fitness_of_shame_driven_denying
50	0	50.0716	0
49	1	50.4658163265306	41.735
48	2	50.5659375	43.315
47	3	51.0296808510638	43.2083333333333
46	4	51.5998913043478	44.34125
45	5	51.5782222222222	44.92
44	6	52.0176136363636	46.1208333333334
43	7	52.4518604651163	46.4671428571429
42	8	52.6522619047619	47.046875
41	9	52.7620731707317	48.3383333333333
40	10	53.05475	48.854
39	11	53.4269230769231	49.6959090909091
38	12	53.9156578947368	50.1479166666667
37	13	54.2108108108108	51.0434615384615
36	14	54.4775	51.8453571428572
35	15	54.6625714285714	52.678
34	16	55.1172058823529	53.389375
33	17	55.4145454545454	54.1167647058824
32	18	55.735625	54.9319444444444
31	19	56.0785483870968	55.5757894736842
30	20	56.432	56.36025
29	21	56.8337931034482	56.8607142857143
28	22	57.1258928571428	57.8172727272727
27	23	57.3931481481482	58.5941304347826
26	24	57.5873076923077	59.318125
25	25	57.8664	59.8012
24	26	58.444375	60.6784615384615
23	27	58.2308695652174	61.6146296296296
22	28	58.8352272727272	62.3773214285714
21	29	59.3371428571428	63.148275862069
20	30	59.48875	63.8801666666667
19	31	60.1881578947368	64.488064516129
18	32	60.3894444444445	65.30234375
17	33	60.5685294117647	66.0042424242424
16	34	60.905	66.7264705882353
15	35	61.4556666666667	67.4527142857143
14	36	61.6942857142857	68.2613888888889
13	37	62.0161538461538	68.9872972972973
12	38	61.80875	69.5982894736842
11	39	62.5318181818182	70.5134615384616
10	40	63.007	71.16575
9	41	63.1272222222222	71.8873170731707
8	42	63.196875	72.6771428571428
7	43	63.7107142857143	73.4525581395349
6	44	64.0858333333334	74.3451136363636
5	45	64.303	74.8268888888889
4	46	64.38125	75.7598913043478
3	47	64.97	76.4841489361702
2	48	64.97	77.1759375
1	49	65.395	78.0127551020408
0	50	0	78.7029
