num_of_always_defect	num_of_Pavlov	average_fitness_of_always_defect	average_fitness_of_Pavlov
50	0	0	0
49	1	2.2734693877551	-50.04
48	2	4.54208333333334	-47.645
47	3	6.84	-45.0083333333333
46	4	9.135	-42.73125
45	5	11.3931111111111	-40.041
44	6	13.6718181818182	-37.8558333333333
43	7	15.9672093023256	-35.1114285714286
42	8	18.1792857142857	-32.785625
41	9	20.5343902439024	-30.2761111111111
40	10	22.79525	-27.6515
39	11	24.958717948718	-25.0904545454545
38	12	27.3526315789474	-22.61
37	13	29.6548648648649	-20.23
36	14	31.7766666666667	-17.7321428571429
35	15	34.1088571428571	-15.132
34	16	36.4123529411765	-12.7328125
33	17	38.660303030303	-10.2638235294118
32	18	41.0140625	-7.72333333333333
31	19	43.1825806451613	-4.945
30	20	45.5113333333333	-2.59025
29	21	47.8755172413793	-0.0276190476190477
28	22	50.0925	2.36931818181818
27	23	52.45	4.83391304347826
26	24	54.6534615384615	7.18479166666666
25	25	57.0112	9.7054
24	26	59.4425	12.3603846153846
23	27	61.4782608695652	14.9018518518519
22	28	63.6422727272727	17.3801785714286
21	29	66.1257142857143	19.8253448275862
20	30	68.2695	22.3536666666667
19	31	70.5242105263158	24.9138709677419
18	32	72.7633333333333	27.3275
17	33	75.0464705882353	29.8619696969697
16	34	77.4075	32.5023529411765
15	35	79.798	34.8187142857143
14	36	81.9835714285715	37.2430555555556
13	37	84.3238461538462	39.812972972973
12	38	86.6233333333333	42.4584210526316
11	39	89.0136363636364	44.9139743589744
10	40	91.2499999999999	47.53275
9	41	93.5133333333334	50.0958536585366
8	42	95.3275	52.6813095238095
7	43	97.9385714285714	55.2643023255814
6	44	100.04	57.7645454545454
5	45	102.65	60.3018888888889
4	46	104.99	62.9372826086957
3	47	107.126666666667	65.4235106382979
2	48	109.445	68.2086458333333
1	49	111.6	70.9672448979592
0	50	0	73.6036
