num_of_always_trembling	num_of_shame_driven_hiding	average_fitness_of_always_trembling	average_fitness_of_shame_driven_hiding
50	0	50.154	0
49	1	50.5965306122449	39.85
48	2	50.7658333333333	40.9
47	3	51.0807446808511	42.0916666666667
46	4	51.5722826086957	43.32375
45	5	52.0907777777778	44.054
44	6	52.1954545454545	45.365
43	7	52.6113953488372	46.5585714285714
42	8	53.075119047619	47.35625
41	9	53.7429268292683	48.3827777777778
40	10	54.20525	49.329
39	11	54.2466666666667	50.5045454545454
38	12	54.8222368421053	51.56
37	13	55.1205405405405	52.5234615384615
36	14	55.5804166666667	53.6167857142857
35	15	55.9557142857143	54.686
34	16	56.2629411764706	55.74875
33	17	56.6657575757576	56.6502941176471
32	18	57.2090625	57.7883333333333
31	19	57.538870967742	58.6939473684211
30	20	57.791	59.77675
29	21	58.0739655172414	61.0571428571428
28	22	58.6348214285714	61.8788636363637
27	23	59.1425925925926	62.9934782608696
26	24	59.4134615384616	64.0447916666667
25	25	59.8862	65.249
24	26	60.3077083333333	66.3757692307692
23	27	60.5360869565218	67.7009259259259
22	28	60.8693181818182	68.5860714285714
21	29	61.6338095238095	69.5401724137931
20	30	61.57225	70.779
19	31	61.7897368421053	71.9067741935484
18	32	62.4613888888889	72.9853125
17	33	62.9923529411765	74.2425757575757
16	34	63.220625	75.3383823529412
15	35	63.588	76.4532857142857
14	36	64.0696428571429	77.7597222222222
13	37	64.4146153846154	78.8956756756757
12	38	64.80875	80.0297368421052
11	39	65.1386363636364	81.3288461538462
10	40	65.503	82.434125
9	41	65.8888888888889	83.7230487804878
8	42	66.38375	84.900119047619
7	43	66.6607142857143	86.1293023255814
6	44	67.4558333333334	87.3485227272727
5	45	67.339	88.5867777777778
4	46	67.6275	89.8347826086957
3	47	68.305	91.1494680851064
2	48	68.7125	92.4129166666667
1	49	68.885	93.6576530612245
0	50	0	95
