num_of_shame_driven_denying	num_of_guilt_driven_amending	average_fitness_of_shame_driven_denying	average_fitness_of_guilt_driven_amending
50	0	78.6911	0
49	1	78.9240816326531	80.43
48	2	79.1766666666666	80.5075
47	3	79.3658510638298	80.865
46	4	79.6272826086956	80.96375
45	5	79.8654444444444	81.131
44	6	80.0742045454546	81.4225
43	7	80.3389534883721	81.71
42	8	80.5583333333334	82.05875
41	9	80.8319512195122	82.0183333333334
40	10	80.99925	82.2805
39	11	81.2453846153846	82.4995454545455
38	12	81.4415789473685	82.8141666666667
37	13	81.7751351351351	82.8869230769231
36	14	81.9108333333333	83.3246428571429
35	15	82.0812857142857	83.5166666666667
34	16	82.3135294117647	83.7415625
33	17	82.5824242424242	84.0614705882353
32	18	82.856875	84.2252777777777
31	19	83.0843548387097	84.5181578947368
30	20	83.3093333333333	84.74
29	21	83.5382758620689	85.0457142857143
28	22	83.78875	85.2534090909091
27	23	83.9953703703704	85.5936956521739
26	24	84.1557692307693	85.7391666666667
25	25	84.5104	85.9294
24	26	84.6835416666667	86.0946153846154
23	27	84.7678260869565	86.4770370370371
22	28	85.1929545454545	86.6857142857143
21	29	85.4457142857143	86.8948275862069
20	30	85.523	87.1158333333333
19	31	85.778947368421	87.35
18	32	86.2033333333333	87.69796875
17	33	86.364705882353	87.7919696969697
16	34	86.7553125	88.0683823529412
15	35	86.832	88.3221428571428
14	36	87.0232142857143	88.5434722222222
13	37	87.3119230769231	88.8418918918919
12	38	87.57125	89.0936842105263
11	39	87.6745454545455	89.3491025641026
10	40	87.994	89.52
9	41	88.2572222222222	89.7842682926829
8	42	88.37375	89.9810714285714
7	43	88.8042857142857	90.2661627906977
6	44	88.8633333333333	90.50625
5	45	88.977	90.747
4	46	89.4425	91.0003260869565
3	47	89.9233333333334	91.1811702127659
2	48	89.89	91.4636458333333
1	49	90.13	91.6897959183673
0	50	0	91.9334
