num_of_shame_driven_denying	num_of_Pavlov	average_fitness_of_shame_driven_denying	average_fitness_of_Pavlov
50	0	78.7774	0
49	1	78.9279591836734	67.085
48	2	79.2319791666667	67.6375
47	3	79.381914893617	67.495
46	4	79.6295652173913	66.58125
45	5	79.7902222222222	67.15
44	6	79.9589772727273	67.1233333333333
43	7	80.3008139534884	67.4264285714286
42	8	80.4573809523809	67.925625
41	9	80.5973170731707	67.8255555555556
40	10	80.95825	68.2475
39	11	81.120641025641	68.2240909090909
38	12	81.4317105263158	68.1566666666667
37	13	81.5914864864865	68.6411538461538
36	14	81.8183333333333	68.4028571428572
35	15	82.1798571428572	69.2723333333333
34	16	82.2227941176471	68.70875
33	17	82.5306060606061	69.0394117647059
32	18	82.7628125	69.1547222222222
31	19	82.9675806451613	69.3344736842105
30	20	83.1271666666666	69.35325
29	21	83.3686206896552	69.5483333333334
28	22	83.6251785714285	69.9663636363636
27	23	83.9644444444445	69.8967391304348
26	24	84.1480769230769	70.005
25	25	84.255	70.1844
24	26	84.6029166666666	70.5794230769231
23	27	84.9171739130435	70.3396296296296
22	28	85.065909090909	70.4483928571428
21	29	85.1885714285714	71.0905172413793
20	30	85.4345	70.8395
19	31	85.7257894736842	71.1972580645161
18	32	85.7377777777778	71.25625
17	33	86.1255882352941	71.5387878787878
16	34	86.3734375	71.6280882352942
15	35	86.6096666666667	71.6618571428572
14	36	86.9153571428571	71.8720833333333
13	37	87.0965384615385	71.9009459459459
12	38	87.4120833333333	71.9321052631579
11	39	87.4772727272727	72.1289743589743
10	40	87.737	72.3655
9	41	88.0394444444445	72.2628048780488
8	42	88.249375	72.5476190476191
7	43	88.3264285714286	72.7624418604651
6	44	88.6516666666666	72.8484090909091
5	45	88.75	72.9724444444445
4	46	88.85625	73.1595652173912
3	47	89.235	73.2946808510638
2	48	90.075	73.3433333333333
1	49	89.44	73.4928571428571
0	50	0	73.6711
