num_of_shame_driven_hiding	num_of_shame_driven_denying	average_fitness_of_shame_driven_hiding	average_fitness_of_shame_driven_denying
50	0	95	0
49	1	94.7322448979592	84.96
48	2	94.4903125	84.945
47	3	94.2229787234043	84.9733333333334
46	4	94.0353260869565	84.84375
45	5	93.7542222222222	84.653
44	6	93.4796590909091	84.2833333333333
43	7	93.2917441860465	84.3807142857143
42	8	93.0630952380952	84.163125
41	9	92.809756097561	83.9361111111111
40	10	92.566375	83.9185
39	11	92.3543589743589	83.655
38	12	92.1582894736842	83.4458333333333
37	13	91.9435135135134	83.4823076923077
36	14	91.71	83.4089285714286
35	15	91.5312857142857	83.154
34	16	91.2176470588236	83.1165625
33	17	91.045	83.1035294117647
32	18	90.83328125	82.8463888888889
31	19	90.5604838709678	82.5323684210527
30	20	90.386	82.5065
29	21	90.1527586206897	82.3438095238095
28	22	90.0308928571429	82.1963636363636
27	23	89.825	81.9819565217392
26	24	89.6217307692308	81.8697916666667
25	25	89.4756	81.7976
24	26	89.0791666666667	81.7319230769231
23	27	89.0195652173913	81.4642592592592
22	28	88.7368181818182	81.4014285714286
21	29	88.6197619047619	81.2544827586207
20	30	88.4015	81.1518333333334
19	31	88.2268421052632	80.9756451612904
18	32	88.0883333333334	80.91046875
17	33	87.9282352941176	80.8633333333333
16	34	87.745	80.5866176470588
15	35	87.5036666666667	80.5302857142857
14	36	87.3228571428571	80.3673611111111
13	37	87.13	80.2101351351351
12	38	86.9266666666667	80.1332894736842
11	39	86.7890909090909	79.974358974359
10	40	86.7455	79.8185
9	41	86.4011111111111	79.7975609756097
8	42	86.410625	79.6932142857143
7	43	86.3057142857143	79.4922093023256
6	44	86.0516666666667	79.3757954545454
5	45	86.113	79.3346666666667
4	46	85.35375	79.1796739130435
3	47	85.4683333333333	79.080744680851
2	48	85.035	78.8760416666667
1	49	85.455	78.7829591836735
0	50	0	78.688
