num_of_TFT_with_trembling_hand	num_of_shame_driven_denying	average_fitness_of_TFT_with_trembling_hand	average_fitness_of_shame_driven_denying
50	0	86.8633	0
49	1	86.7536734693878	85.215
48	2	86.5883333333333	85.405
47	3	86.4332978723404	85.205
46	4	86.3211956521739	85.16625
45	5	86.1742222222222	84.795
44	6	86.0230681818182	84.8691666666666
43	7	85.8505813953488	84.4171428571428
42	8	85.7540476190476	84.524375
41	9	85.6407317073171	84.2161111111111
40	10	85.481875	84.232
39	11	85.3133333333333	83.8154545454545
38	12	85.1690789473684	84.1166666666666
37	13	85.0036486486486	83.7769230769231
36	14	84.8926388888889	83.6853571428571
35	15	84.8031428571429	83.6
34	16	84.6351470588235	83.303125
33	17	84.4769696969696	83.3688235294117
32	18	84.38015625	83.1997222222222
31	19	84.1490322580646	83.0434210526316
30	20	84.0596666666667	82.90125
29	21	83.9329310344828	82.6609523809524
28	22	83.7764285714286	82.5090909090909
27	23	83.7996296296296	82.4721739130435
26	24	83.5548076923077	82.1704166666667
25	25	83.4934	82.0878
24	26	83.220625	82.0525
23	27	83.204347826087	81.8109259259259
22	28	83.0318181818182	81.7192857142857
21	29	82.9654761904762	81.6624137931034
20	30	82.7275	81.5931666666667
19	31	82.5652631578947	81.3575806451613
18	32	82.4519444444444	81.03546875
17	33	82.3758823529412	81.1139393939394
16	34	82.24875	80.8975
15	35	82.1156666666667	80.7662857142857
14	36	81.9892857142857	80.5456944444444
13	37	81.8707692307692	80.4985135135135
12	38	81.6829166666667	80.3074999999999
11	39	81.4904545454545	80.3110256410257
10	40	81.543	80.1385
9	41	81.48	79.9784146341463
8	42	80.9975	79.8423809523809
7	43	81.1821428571429	79.671976744186
6	44	80.6541666666667	79.5878409090909
5	45	80.632	79.3336666666666
4	46	80.52	79.3147826086956
3	47	80.3616666666667	79.0687234042553
2	48	80.305	78.9946875
1	49	80.49	78.8876530612245
0	50	0	78.6459
