num_of_TFT_with_trembling_hand	num_of_shame_driven_hiding	average_fitness_of_TFT_with_trembling_hand	average_fitness_of_shame_driven_hiding
50	0	86.7983	0
49	1	86.8625510204081	92.905
48	2	86.8214583333333	93.0075
47	3	86.8146808510639	92.8166666666667
46	4	86.8720652173913	93.0075
45	5	86.8592222222222	93.031
44	6	86.86875	93.1175
43	7	86.8751162790698	93.0735714285714
42	8	86.9001190476191	93.080625
41	9	86.845243902439	93.2255555555556
40	10	86.90575	93.2135
39	11	86.9019230769231	93.2586363636364
38	12	86.9236842105263	93.3029166666667
37	13	86.924054054054	93.3476923076923
36	14	86.9113888888889	93.3725000000001
35	15	86.9005714285714	93.4083333333334
34	16	86.9432352941176	93.4034375
33	17	86.9015151515151	93.4591176470588
32	18	86.91046875	93.5516666666667
31	19	86.8829032258065	93.5292105263158
30	20	86.924	93.547
29	21	86.9829310344828	93.5490476190476
28	22	87.0007142857143	93.6152272727273
27	23	86.8920370370371	93.6410869565218
26	24	87.05	93.6754166666667
25	25	86.9712	93.7182
24	26	87.03375	93.7671153846154
23	27	86.9328260869565	93.8381481481482
22	28	87.1631818181818	93.9048214285714
21	29	87.0007142857143	93.8810344827586
20	30	87.035	93.9091666666667
19	31	87.0021052631579	94.0058064516129
18	32	87.0094444444445	94.07234375
17	33	87.0761764705882	94.1162121212121
16	34	87.03	94.1225
15	35	87.0873333333333	94.2027142857143
14	36	87.0664285714286	94.2501388888889
13	37	87.1446153846154	94.2855405405405
12	38	87.11375	94.3275
11	39	87.1640909090909	94.3960256410256
10	40	87.1475	94.44675
9	41	87.1783333333333	94.4995121951219
8	42	87.166875	94.5238095238095
7	43	87.1614285714285	94.6022093023256
6	44	87.1483333333333	94.6457954545455
5	45	87.212	94.7113333333333
4	46	87.0225	94.7770652173913
3	47	87.4683333333334	94.8264893617021
2	48	87.275	94.875625
1	49	86.72	94.9278571428571
0	50	0	95
