num_of_TFT_with_trembling_hand	num_of_guilt_driven_amending	average_fitness_of_TFT_with_trembling_hand	average_fitness_of_guilt_driven_amending
50	0	86.793	0
49	1	86.9788775510204	86.905
48	2	87.0625	87.2125
47	3	87.1586170212766	87.4833333333333
46	4	87.2210869565218	87.46625
45	5	87.2764444444444	87.634
44	6	87.4225	87.7033333333334
43	7	87.5067441860465	87.8221428571429
42	8	87.5913095238095	87.986875
41	9	87.7080487804878	87.9327777777778
40	10	87.849625	88.1165
39	11	87.8929487179487	88.0236363636363
38	12	87.9275	88.31375
37	13	88.1301351351351	88.4111538461539
36	14	88.0818055555556	88.5560714285714
35	15	88.2758571428572	88.5733333333334
34	16	88.3660294117647	88.6975
33	17	88.4210606060606	88.8476470588235
32	18	88.5259375	88.8747222222222
31	19	88.6624193548387	88.9710526315789
30	20	88.7719999999999	89.062
29	21	88.826724137931	89.2078571428571
28	22	88.9344642857143	89.2515909090909
27	23	89.0657407407408	89.2604347826087
26	24	89.1359615384615	89.48
25	25	89.2138	89.4836000000001
24	26	89.279375	89.6446153846154
23	27	89.3367391304348	89.6788888888889
22	28	89.5170454545454	89.77
21	29	89.4552380952381	89.8720689655172
20	30	89.651	90.0485
19	31	89.6960526315789	90.0514516129033
18	32	89.8716666666666	90.1703125
17	33	89.8744117647059	90.2486363636363
16	34	90.0028125	90.4238235294118
15	35	90.1396666666667	90.493
14	36	90.2357142857143	90.5948611111111
13	37	90.3607692307692	90.717027027027
12	38	90.45875	90.7922368421053
11	39	90.545	90.8642307692308
10	40	90.582	90.95525
9	41	90.7355555555556	91.1037804878049
8	42	90.90375	91.1351190476191
7	43	90.945	91.2651162790698
6	44	91.0283333333333	91.3918181818181
5	45	90.944	91.4728888888889
4	46	91.24875	91.5985869565217
3	47	91.3583333333333	91.6924468085107
2	48	91.46	91.743125
1	49	91.4	91.8340816326531
0	50	0	91.923
