num_of_tit_for_tat	num_of_Pavlov	average_fitness_of_tit_for_tat	average_fitness_of_Pavlov
50	0	100	0
49	1	99.7069387755102	78.145
48	2	99.4210416666667	77.695
47	3	99.1396808510638	77.33
46	4	98.8289130434783	76.81875
45	5	98.5432222222223	77.59
44	6	98.2886363636364	77.1466666666666
43	7	97.9341860465116	77.005
42	8	97.7492857142857	77.214375
41	9	97.3808536585366	77.0166666666667
40	10	97.099875	77.115
39	11	96.8033333333333	76.3077272727273
38	12	96.4990789473685	76.9133333333333
37	13	96.2255405405405	76.5292307692308
36	14	95.9269444444445	76.4228571428571
35	15	95.6734285714285	76.5983333333333
34	16	95.3223529411764	76.111875
33	17	95.0606060606061	76.1158823529412
32	18	94.8225	76.2494444444445
31	19	94.4975806451613	76.0923684210527
30	20	94.1931666666667	75.927
29	21	94.0077586206896	75.8076190476191
28	22	93.5998214285714	75.5990909090909
27	23	93.3624074074074	75.9678260869565
26	24	93.0494230769231	75.6872916666666
25	25	92.7554	75.7626
24	26	92.35125	75.5021153846154
23	27	92.2326086956522	75.44
22	28	91.9272727272728	75.2821428571429
21	29	91.6878571428572	75.3629310344828
20	30	91.29525	75.2541666666667
19	31	90.9581578947368	75.3672580645161
18	32	90.6716666666667	75.05234375
17	33	90.3823529411765	75.0801515151515
16	34	90.2403125	74.8569117647059
15	35	89.824	74.7664285714286
14	36	89.6142857142857	74.8083333333333
13	37	89.3196153846154	74.5567567567568
12	38	89.055	74.7556578947369
11	39	88.685909090909	74.5084615384615
10	40	88.395	74.388625
9	41	88.0133333333333	74.4458536585366
8	42	87.774375	74.4985714285715
7	43	87.4721428571429	74.1358139534884
6	44	87.3283333333334	74.1647727272727
5	45	87.034	74.1735555555555
4	46	86.72	73.8913043478261
3	47	86.405	73.8455319148936
2	48	86.055	73.6372916666667
1	49	85.595	73.7695918367347
0	50	0	73.7365
