num_of_tit_for_tat	num_of_shame_driven_hiding	average_fitness_of_tit_for_tat	average_fitness_of_shame_driven_hiding
50	0	100	0
49	1	99.8069387755101	105
48	2	99.6339583333333	104.875
47	3	99.4440425531915	104.606666666667
46	4	99.2578260869565	104.4425
45	5	99.0584444444444	104.248
44	6	98.8595454545455	104.093333333333
43	7	98.6820930232558	103.848571428571
42	8	98.5135714285714	103.705
41	9	98.2990243902439	103.453333333333
40	10	98.1045	103.282
39	11	97.8982051282051	103.067272727273
38	12	97.741052631579	102.994166666667
37	13	97.5105405405406	102.676923076923
36	14	97.3374999999999	102.544285714286
35	15	97.1682857142857	102.336666666667
34	16	96.9008823529412	102.09125
33	17	96.7175757575758	101.931176470588
32	18	96.54	101.742777777778
31	19	96.3012903225806	101.596842105263
30	20	96.1383333333333	101.3295
29	21	95.9606896551724	101.160952380952
28	22	95.7382142857143	100.881818181818
27	23	95.5122222222222	100.710869565217
26	24	95.3515384615385	100.53
25	25	95.146	100.336
24	26	94.9908333333333	100.098461538462
23	27	94.7469565217391	99.93
22	28	94.5359090909091	99.7467857142857
21	29	94.3252380952381	99.5703448275862
20	30	94.114	99.295
19	31	93.831052631579	99.1090322580646
18	32	93.7216666666666	98.899375
17	33	93.4811764705882	98.67
16	34	93.206875	98.479705882353
15	35	93.082	98.2705714285714
14	36	92.8178571428572	98.0363888888889
13	37	92.6846153846154	97.8356756756757
12	38	92.3066666666667	97.646052631579
11	39	92.2045454545454	97.4274358974359
10	40	92.051	97.2012499999999
9	41	91.7733333333333	96.9665853658537
8	42	91.59125	96.7907142857143
7	43	91.4085714285714	96.5509302325582
6	44	91.0783333333334	96.3593181818182
5	45	90.902	96.1164444444445
4	46	90.685	95.8889130434783
3	47	90.3933333333333	95.6821276595745
2	48	90.19	95.4535416666666
1	49	90	95.2210204081634
0	50	0	95
