num_of_tit_for_tat	num_of_guilt_driven_amending	average_fitness_of_tit_for_tat	average_fitness_of_guilt_driven_amending
50	0	100	0
49	1	99.8809183673469	97.4
48	2	99.7603125	97.3075
47	3	99.6317021276596	97.2533333333333
46	4	99.5132608695653	97.17125
45	5	99.4	96.994
44	6	99.2664772727273	96.9266666666667
43	7	99.1531395348837	96.7878571428571
42	8	99.042380952381	96.68375
41	9	98.9031707317073	96.5822222222222
40	10	98.781625	96.409
39	11	98.6434615384615	96.3281818181818
38	12	98.5277631578947	96.23125
37	13	98.4247297297297	96.1392307692308
36	14	98.2888888888889	95.9664285714286
35	15	98.2134285714286	95.9063333333334
34	16	98.0608823529412	95.795625
33	17	97.929393939394	95.6588235294117
32	18	97.805625	95.5127777777778
31	19	97.6240322580646	95.432894736842
30	20	97.5703333333333	95.27625
29	21	97.4337931034483	95.2245238095238
28	22	97.2975	95.0806818181818
27	23	97.2290740740741	95.0519565217391
26	24	97.0709615384616	94.8977083333333
25	25	96.9538	94.7584
24	26	96.8204166666667	94.7015384615385
23	27	96.7271739130435	94.502037037037
22	28	96.5879545454546	94.4426785714286
21	29	96.4764285714286	94.2951724137931
20	30	96.2927500000001	94.2026666666667
19	31	96.2518421052632	94.0804838709677
18	32	96.0977777777778	93.9740625
17	33	95.9623529411765	93.8590909090909
16	34	95.8696875	93.7194117647059
15	35	95.7210000000001	93.646
14	36	95.5910714285713	93.5181944444445
13	37	95.4880769230769	93.3967567567567
12	38	95.3354166666667	93.3123684210527
11	39	95.2609090909091	93.1967948717949
10	40	95.0735	93.07275
9	41	94.9694444444444	92.9192682926829
8	42	94.8625	92.8198809523809
7	43	94.7071428571429	92.7467441860465
6	44	94.6216666666667	92.6242045454545
5	45	94.504	92.48
4	46	94.4675	92.3904347826087
3	47	94.29	92.2890425531915
2	48	94.055	92.1252083333333
1	49	94.02	92.0168367346939
0	50	0	91.9462
