num_of_tit_for_tat	num_of_TFT_with_trembling_hand	average_fitness_of_tit_for_tat	average_fitness_of_TFT_with_trembling_hand
50	0	100	0
49	1	99.785	96.665
48	2	99.5522916666667	96.435
47	3	99.3203191489362	96.3466666666667
46	4	99.1113043478261	96.2025
45	5	98.9092222222223	95.795
44	6	98.6205681818182	95.6491666666667
43	7	98.4101162790698	95.4928571428571
42	8	98.2154761904762	95.383125
41	9	97.9739024390244	95.1716666666667
40	10	97.722875	94.87
39	11	97.5319230769231	94.7381818181818
38	12	97.2831578947368	94.4720833333333
37	13	97.071081081081	94.1934615384615
36	14	96.7870833333333	94.1396428571429
35	15	96.5965714285714	93.788
34	16	96.3980882352941	93.6
33	17	96.1183333333333	93.430294117647
32	18	95.9209375	93.3333333333333
31	19	95.7238709677419	93.0744736842105
30	20	95.4803333333333	92.807
29	21	95.2615517241379	92.6635714285714
28	22	94.9766071428571	92.4434090909091
27	23	94.8262962962963	92.2763043478261
26	24	94.5530769230769	92.0722916666667
25	25	94.3782	91.8446
24	26	94.115	91.6740384615385
23	27	93.9447826086957	91.4174074074074
22	28	93.6925	91.2285714285714
21	29	93.4009523809523	90.9929310344827
20	30	93.1935	90.8236666666667
19	31	93.0436842105263	90.6756451612903
18	32	92.7547222222222	90.4603125
17	33	92.5344117647059	90.2009090909091
16	34	92.2465625	90.0902941176471
15	35	92.129	89.8391428571428
14	36	91.8025	89.6318055555556
13	37	91.6634615384616	89.4944594594594
12	38	91.4433333333334	89.2606578947368
11	39	91.1872727272727	89.1003846153846
10	40	90.9624999999999	88.866
9	41	90.6027777777778	88.6413414634146
8	42	90.366875	88.4255952380953
7	43	90.4264285714286	88.3122093023256
6	44	89.9441666666666	88.0331818181818
5	45	89.911	87.8664444444445
4	46	89.595	87.651195652174
3	47	89.2983333333333	87.4751063829787
2	48	89.23	87.2673958333333
1	49	89.08	86.9713265306122
0	50	0	86.8875
