num_of_tit_for_tat	num_of_shame_driven_denying	average_fitness_of_tit_for_tat	average_fitness_of_shame_driven_denying
50	0	100	0
49	1	99.6236734693877	95.465
48	2	99.2420833333333	94.7425
47	3	98.8667021276596	94.4083333333333
46	4	98.4703260869565	94.01875
45	5	98.0402222222222	93.549
44	6	97.7104545454545	93.2483333333334
43	7	97.3318604651163	92.9257142857143
42	8	96.9634523809524	92.42875
41	9	96.505243902439	92.4711111111111
40	10	96.171125	92.151
39	11	95.7808974358974	91.7368181818182
38	12	95.43	91.5158333333334
37	13	94.9783783783784	90.9823076923077
36	14	94.7686111111111	90.6407142857142
35	15	94.198	90.4606666666667
34	16	93.8516176470588	90.064375
33	17	93.5740909090909	89.6770588235294
32	18	93.07515625	89.2952777777778
31	19	92.7004838709677	88.888947368421
30	20	92.3886666666667	88.5945
29	21	91.9831034482758	88.397619047619
28	22	91.6335714285714	88.0447727272727
27	23	91.1416666666666	87.5721739130435
26	24	90.8892307692308	87.6085416666667
25	25	90.5394	87.0246
24	26	90.0966666666667	86.7798076923077
23	27	89.6378260869565	86.3240740740741
22	28	89.2643181818182	86.1258928571429
21	29	88.8138095238095	85.803275862069
20	30	88.626	85.3195
19	31	88.211052631579	85.0374193548387
18	32	87.6213888888889	84.61078125
17	33	87.4841176470589	84.2662121212121
16	34	87.1209375	84.0597058823529
15	35	86.7893333333333	83.6238571428571
14	36	86.1057142857143	83.2209722222222
13	37	85.8076923076924	82.9751351351351
12	38	85.4966666666667	82.7140789473684
11	39	85.135	82.3753846153846
10	40	84.6625	82.048875
9	41	84.675	81.6548780487805
8	42	83.935625	81.3263095238095
7	43	83.8185714285714	80.9705813953488
6	44	83.1691666666667	80.7578409090909
5	45	82.971	80.3165555555556
4	46	82.4825	80.1067391304348
3	47	82.28	79.6491489361702
2	48	81.395	79.3566666666666
1	49	81.62	78.9620408163265
0	50	0	78.7088
