num_of_generous_TFT	num_of_shame_driven_denying	average_fitness_of_generous_TFT	average_fitness_of_shame_driven_denying
100	0	100	0
99	1	99.6884343434344	108.835
98	2	99.3372448979592	108.7925
97	3	99.0075257731959	108.181666666667
96	4	98.6747395833333	107.92125
95	5	98.3575789473684	107.658
94	6	98.0590425531915	107.6175
93	7	97.7212365591398	107.125714285714
92	8	97.3943478260869	106.66
91	9	97.0408241758242	106.193888888889
90	10	96.7227777777778	105.919
89	11	96.4489325842697	105.702727272727
88	12	96.0555681818182	105.227916666667
87	13	95.7597126436782	104.934615384615
86	14	95.4631976744186	104.62
85	15	95.1121176470588	104.344666666667
84	16	94.7482738095238	104.076875
83	17	94.4496385542168	103.762058823529
82	18	94.0926829268292	103.341666666667
81	19	93.8275925925926	103.045
80	20	93.451625	102.574
79	21	93.1337974683544	102.44380952381
78	22	92.8305128205128	101.933409090909
77	23	92.4733116883117	101.514782608696
76	24	92.1917105263157	101.274166666667
75	25	91.8536666666667	101.0236
74	26	91.5362837837838	100.777692307692
73	27	91.1958904109589	100.267777777778
72	28	90.8369444444444	100.08125
71	29	90.5575352112677	99.6663793103448
70	30	90.2487857142857	99.2558333333333
69	31	89.8758695652173	98.8941935483871
68	32	89.6365441176471	98.533125
67	33	89.2410447761195	98.2775757575758
66	34	88.9151515151515	97.7505882352941
65	35	88.4851538461538	97.5295714285714
64	36	88.25609375	97.2131944444445
63	37	87.921746031746	96.9343243243243
62	38	87.6207258064516	96.5043421052632
61	39	87.1937704918033	96.1260256410256
60	40	86.9765	95.711625
59	41	86.5976271186441	95.4109756097561
58	42	86.1814655172414	95.1239285714286
57	43	85.9779824561404	94.7609302325582
56	44	85.6399107142857	94.4446590909091
55	45	85.2623636363636	94.1226666666666
54	46	85.0625925925926	93.7280434782609
53	47	84.677641509434	93.5421276595745
52	48	84.2463461538461	93.1775
51	49	83.88	92.8898979591837
50	50	83.6735	92.481
49	51	83.3387755102041	92.0836274509804
48	52	82.9860416666667	91.7975
47	53	82.6153191489361	91.3684905660378
46	54	82.3965217391304	91.0478703703704
45	55	82.1457777777778	90.7909090909091
44	56	81.7096590909091	90.5622321428571
43	57	81.3639534883721	90.0247368421053
42	58	81.0046428571428	89.7004310344827
41	59	80.6968292682927	89.3627118644068
40	60	80.35725	89.1298333333333
39	61	79.9737179487179	88.7393442622951
38	62	79.6109210526316	88.4225
37	63	79.3104054054054	88.1261904761905
36	64	79.0956944444444	87.726640625
35	65	78.5268571428571	87.3229230769231
34	66	78.3519117647059	87.0764393939394
33	67	78.2280303030303	86.6667164179105
32	68	77.72171875	86.3551470588236
31	69	77.5333870967742	85.9589130434783
30	70	77.1643333333333	85.7520714285714
29	71	76.896724137931	85.3009859154929
28	72	76.4194642857143	85.0755555555556
27	73	76.2396296296296	84.6013698630137
26	74	75.8561538461538	84.2972297297297
25	75	75.592	83.9963333333333
24	76	75.1589583333333	83.6332894736843
23	77	74.8082608695652	83.3057142857143
22	78	74.6665909090909	82.8741025641025
21	79	74.0442857142857	82.5955063291139
20	80	73.77575	82.26675
19	81	73.6447368421053	81.8820370370371
18	82	73.1272222222222	81.5691463414634
17	83	72.9679411764705	81.2415662650603
16	84	72.535625	80.8361904761905
15	85	72.232	80.5533529411764
14	86	71.9582142857142	80.2459302325582
13	87	71.6492307692308	79.8654597701149
12	88	71.1625	79.5316477272727
11	89	70.855	79.1751685393258
10	90	70.595	78.8081111111111
9	91	70.2988888888889	78.4920329670329
8	92	70.08625	78.1633152173913
7	93	69.6678571428572	77.8174731182796
6	94	69.565	77.4870212765958
5	95	68.938	77.1748421052631
4	96	68.425	76.7578645833333
3	97	68.5416666666667	76.5051546391752
2	98	67.8375	76.1398979591837
1	99	67.035	75.8083333333333
0	100	0	75.44855
