num_of_generous_TFT	num_of_shame_driven_hiding	average_fitness_of_generous_TFT	average_fitness_of_shame_driven_hiding
100	0	100	0
99	1	99.8159595959596	110
98	2	99.6422448979593	109.775
97	3	99.4627835051546	109.636666666667
96	4	99.2613541666667	109.465
95	5	99.0751578947369	109.21
94	6	98.905	109.03
93	7	98.6912903225807	108.91
92	8	98.5404347826087	108.71375
91	9	98.3456043956044	108.468888888889
90	10	98.1892222222222	108.348
89	11	97.946404494382	108.159090909091
88	12	97.7489772727273	107.908333333333
87	13	97.5827586206896	107.736923076923
86	14	97.3790697674418	107.552142857143
85	15	97.2014117647059	107.331333333333
84	16	97.0225	107.19125
83	17	96.8402409638555	107.017647058824
82	18	96.6489024390244	106.849444444444
81	19	96.4713580246913	106.578421052632
80	20	96.26	106.4435
79	21	96.0902531645569	106.179523809524
78	22	95.8985897435898	105.975454545455
77	23	95.6805194805195	105.788260869565
76	24	95.5394736842105	105.695833333333
75	25	95.2683999999999	105.4256
74	26	95.1251351351352	105.303076923077
73	27	94.9416438356164	105.063333333333
72	28	94.7675	104.856785714286
71	29	94.5111267605634	104.742068965517
70	30	94.342	104.471333333333
69	31	94.1478260869565	104.291612903226
68	32	93.957205882353	104.0978125
67	33	93.7165671641791	103.879090909091
66	34	93.5719696969697	103.724117647059
65	35	93.3856923076923	103.508
64	36	93.18359375	103.307777777778
63	37	92.9687301587301	103.134594594595
62	38	92.8066129032258	102.972105263158
61	39	92.5495081967213	102.724871794872
60	40	92.3678333333334	102.4975
59	41	92.2028813559322	102.359024390244
58	42	92.0096551724138	102.127142857143
57	43	91.81	101.928372093023
56	44	91.6366071428572	101.768636363636
55	45	91.3723636363636	101.530888888889
54	46	91.19	101.363695652174
53	47	91.002641509434	101.161063829787
52	48	90.8044230769231	100.955833333333
51	49	90.6	100.814897959184
50	50	90.4046	100.5004
49	51	90.2720408163266	100.313333333333
48	52	89.9985416666667	100.158269230769
47	53	89.8134042553192	99.9203773584906
46	54	89.5869565217391	99.7046296296297
45	55	89.4135555555556	99.5692727272727
44	56	89.1606818181818	99.3214285714286
43	57	88.9572093023256	99.130701754386
42	58	88.7873809523809	98.9234482758621
41	59	88.5765853658537	98.6840677966101
40	60	88.36275	98.4838333333333
39	61	88.1405128205128	98.3367213114754
38	62	87.9336842105263	98.1306451612904
37	63	87.8178378378379	97.8777777777778
36	64	87.5177777777777	97.68234375
35	65	87.3231428571428	97.4293846153846
34	66	87.0967647058824	97.2712121212121
33	67	86.94	97.0988059701493
32	68	86.6975	96.8763235294117
31	69	86.5196774193549	96.6172463768116
30	70	86.214	96.4382857142857
29	71	86.0268965517241	96.2323943661972
28	72	85.8653571428572	95.9909722222222
27	73	85.6166666666666	95.7749315068493
26	74	85.4653846153847	95.585945945946
25	75	85.232	95.3852
24	76	85.03375	95.1461842105263
23	77	84.8004347826087	94.9590909090909
22	78	84.6918181818182	94.7346153846153
21	79	84.3357142857143	94.5330379746836
20	80	84.1965	94.335375
19	81	83.888947368421	94.0885185185185
18	82	83.7505555555556	93.9206097560976
17	83	83.5435294117647	93.6881927710843
16	84	83.283125	93.4833333333333
15	85	83.1846666666667	93.264
14	86	82.9	93.0777906976744
13	87	82.6638461538462	92.8450574712643
12	88	82.3616666666667	92.5992045454546
11	89	82.28	92.4111235955057
10	90	82.075	92.1758888888889
9	91	81.7355555555556	91.9898901098901
8	92	81.515	91.7446739130435
7	93	81.3628571428572	91.5393548387097
6	94	81.1266666666667	91.3194680851064
5	95	80.888	91.111052631579
4	96	80.675	90.8765624999999
3	97	80.4433333333333	90.6558762886598
2	98	80.225	90.430306122449
1	99	80	90.2259595959596
0	100	0	90
