num_of_generous_TFT	num_of_TFT_with_trembling_hand	average_fitness_of_generous_TFT	average_fitness_of_TFT_with_trembling_hand
100	0	100	0
99	1	99.8029292929293	105.39
98	2	99.6075	104.885
97	3	99.4176288659794	104.535
96	4	99.21015625	104.39625
95	5	99.021947368421	104.1
94	6	98.8415425531915	103.850833333333
93	7	98.6276881720431	103.819285714286
92	8	98.4275543478261	103.351875
91	9	98.238021978022	103.310555555556
90	10	98.0704444444445	102.996
89	11	97.8490449438202	102.815454545455
88	12	97.6746022727273	102.595833333333
87	13	97.4574712643678	102.302692307692
86	14	97.2833139534883	102.166785714286
85	15	97.0537647058823	101.922333333333
84	16	96.8879166666667	101.668125
83	17	96.6646385542168	101.416470588235
82	18	96.4978048780488	101.238888888889
81	19	96.2825308641976	100.953947368421
80	20	96.1425625	100.89075
79	21	95.9437341772152	100.545
78	22	95.7207051282051	100.199090909091
77	23	95.5194155844156	100.255652173913
76	24	95.331447368421	99.86125
75	25	95.1082	99.7204
74	26	94.9167567567568	99.4503846153846
73	27	94.7043835616438	99.1979629629629
72	28	94.5245138888889	98.9423214285714
71	29	94.3725352112676	98.7903448275863
70	30	94.1255	98.4806666666667
69	31	93.9567391304347	98.2638709677419
68	32	93.7936764705882	98.05796875
67	33	93.5807462686567	97.8515151515151
66	34	93.3993181818182	97.6580882352941
65	35	93.1866923076923	97.408
64	36	92.986953125	97.2040277777777
63	37	92.8130952380951	96.955945945946
62	38	92.6172580645161	96.6668421052631
61	39	92.3748360655738	96.4846153846154
60	40	92.231	96.332875
59	41	92.0229661016949	96.0195121951219
58	42	91.7737931034483	95.7810714285714
57	43	91.5815789473684	95.6045348837209
56	44	91.3836607142857	95.4247727272727
55	45	91.2615454545455	95.0808888888889
54	46	91.0116666666667	94.9136956521739
53	47	90.8054716981132	94.6907446808511
52	48	90.6599038461538	94.5101041666667
51	49	90.4276470588236	94.2159183673469
50	50	90.2246	93.9577
49	51	89.9979591836735	93.8086274509804
48	52	89.930625	93.5470192307692
47	53	89.7456382978723	93.3066981132075
46	54	89.4294565217391	93.1307407407408
45	55	89.2452222222222	92.9249090909091
44	56	89.1103409090909	92.6747321428571
43	57	88.9595348837209	92.486403508772
42	58	88.6734523809524	92.1919827586207
41	59	88.5510975609756	92.041186440678
40	60	88.30175	91.7702499999999
39	61	88.1175641025641	91.5295901639345
38	62	87.9286842105263	91.2989516129032
37	63	87.7025675675675	91.0983333333333
36	64	87.5376388888889	90.898515625
35	65	87.3877142857143	90.6984615384615
34	66	87.115	90.4715151515152
33	67	86.9493939393939	90.1613432835821
32	68	86.72453125	89.9422794117647
31	69	86.5956451612903	89.7265217391304
30	70	86.3576666666667	89.4625714285715
29	71	86.1974137931035	89.3054225352113
28	72	85.9808928571429	89.1245833333334
27	73	85.7703703703703	88.836301369863
26	74	85.6232692307692	88.6335810810811
25	75	85.3714	88.3417333333333
24	76	85.2164583333333	88.1334210526316
23	77	84.9767391304348	87.9220779220779
22	78	84.7315909090909	87.693782051282
21	79	84.6188095238095	87.5391139240506
20	80	84.38825	87.2179374999999
19	81	84.1742105263158	87.0168518518519
18	82	84.0213888888889	86.7546951219512
17	83	83.8229411764706	86.5701807228915
16	84	83.606875	86.3606547619048
15	85	83.4516666666666	86.1365294117647
14	86	83.3121428571429	85.8701744186047
13	87	83.0807692307692	85.6769540229885
12	88	82.9304166666667	85.4247159090909
11	89	82.6827272727273	85.2174157303371
10	90	82.39	84.9726666666667
9	91	82.3361111111111	84.779010989011
8	92	82.081875	84.51
7	93	81.8171428571429	84.3595161290322
6	94	81.6583333333333	84.088085106383
5	95	81.442	83.8406842105263
4	96	81.31125	83.6505729166666
3	97	81.0883333333333	83.3938144329897
2	98	80.785	83.2036734693878
1	99	80.505	82.9632828282828
0	100	0	82.7188
