num_of_generous_TFT	num_of_guilt_driven_amending	average_fitness_of_generous_TFT	average_fitness_of_guilt_driven_amending
100	0	100	0
99	1	99.8360606060606	104.07
98	2	99.6647448979591	104.1
97	3	99.5062371134021	103.565
96	4	99.3457291666667	103.56625
95	5	99.1883157894736	103.282
94	6	99.0327127659574	103.1925
93	7	98.8646236559139	102.935714285714
92	8	98.6941304347826	102.7975
91	9	98.5089010989011	102.769444444444
90	10	98.3582222222222	102.43
89	11	98.1760112359551	102.28
88	12	98.0477840909091	102.110416666667
87	13	97.8745402298851	102.012692307692
86	14	97.7106976744187	101.776785714286
85	15	97.5234117647059	101.611
84	16	97.3857738095238	101.3684375
83	17	97.2103614457831	101.190882352941
82	18	97.0705487804878	101.109444444444
81	19	96.8911111111111	100.790789473684
80	20	96.68525	100.6495
79	21	96.544746835443	100.431666666667
78	22	96.3821153846154	100.251590909091
77	23	96.2612987012987	100.168695652174
76	24	96.0678289473684	99.8689583333333
75	25	95.9064	99.682
74	26	95.7505405405405	99.5909615384615
73	27	95.5798630136987	99.3392592592592
72	28	95.4051388888889	99.2048214285714
71	29	95.2210563380281	99.0158620689655
70	30	95.0236428571429	98.9161666666667
69	31	94.876884057971	98.6503225806452
68	32	94.7270588235294	98.5034375
67	33	94.5799253731343	98.3539393939394
66	34	94.3963636363636	98.1236764705883
65	35	94.275	97.9612857142857
64	36	94.04265625	97.7336111111111
63	37	93.9157936507936	97.6039189189189
62	38	93.7489516129032	97.4497368421052
61	39	93.6068852459016	97.2455128205128
60	40	93.3884166666667	97.071375
59	41	93.2869491525424	96.8356097560976
58	42	93.1049137931035	96.7065476190476
57	43	92.9664035087719	96.5416279069768
56	44	92.7894642857143	96.2622727272728
55	45	92.659	96.1474444444444
54	46	92.4538888888889	95.9718478260869
53	47	92.267641509434	95.7835106382979
52	48	92.1189423076923	95.5904166666666
51	49	91.9280392156863	95.3013265306123
50	50	91.77	95.3166
49	51	91.6025510204081	95.0608823529411
48	52	91.4463541666667	94.9316346153846
47	53	91.3198936170213	94.7201886792453
46	54	91.1238043478261	94.5102777777778
45	55	90.9016666666667	94.3614545454545
44	56	90.7773863636363	94.1663392857143
43	57	90.6222093023256	93.9708771929824
42	58	90.4469047619047	93.7868965517241
41	59	90.3042682926829	93.5324576271186
40	60	90.115375	93.343
39	61	90.0142307692307	93.2945901639344
38	62	89.8346052631579	93.0451612903226
37	63	89.6475675675676	92.9184126984127
36	64	89.4663888888889	92.743984375
35	65	89.3642857142857	92.5401538461539
34	66	89.174705882353	92.3185606060606
33	67	88.9789393939394	92.1855970149254
32	68	88.81703125	91.9841911764706
31	69	88.6509677419354	91.759347826087
30	70	88.5413333333333	91.6090714285714
29	71	88.33	91.455985915493
28	72	88.1348214285714	91.2922222222222
27	73	88.0318518518519	91.0904109589041
26	74	87.851923076923	90.8547972972973
25	75	87.6686	90.6987333333334
24	76	87.536875	90.5618421052632
23	77	87.2847826086957	90.4114285714286
22	78	87.1525	90.165641025641
21	79	87.0038095238095	90.0078481012658
20	80	86.8335	89.7786875
19	81	86.6955263157895	89.5853703703704
18	82	86.5602777777778	89.4525
17	83	86.3467647058824	89.2570481927712
16	84	86.1959375	89.1199404761905
15	85	85.983	88.9124705882353
14	86	85.8153571428571	88.7441279069767
13	87	85.7307692307693	88.5604597701149
12	88	85.57	88.4011363636364
11	89	85.3595454545455	88.1733146067416
10	90	85.2135	88.0170555555556
9	91	85.0238888888889	87.8013736263736
8	92	84.8525	87.628097826087
7	93	84.7621428571429	87.4449462365591
6	94	84.5175	87.2734574468085
5	95	84.331	87.14
4	96	84.2425	86.91234375
3	97	84.075	86.7282989690721
2	98	83.94	86.5301530612245
1	99	83.845	86.3969191919192
0	100	0	86.2295
