num_of_always_trembling	num_of_shame_driven_hiding	average_fitness_of_always_trembling	average_fitness_of_shame_driven_hiding
100	0	49.98955	0
99	1	50.1637373737374	40.435
98	2	50.4335204081633	40.365
97	3	50.619175257732	41.025
96	4	50.8786458333334	41.48
95	5	51.1145263157895	41.842
94	6	51.1111702127659	42.4308333333333
93	7	51.2672043010753	42.6764285714286
92	8	51.5271739130435	42.566875
91	9	51.9184065934066	43.6905555555555
90	10	51.8732777777778	43.533
89	11	52.093988764045	43.605
88	12	52.4086363636364	44.2158333333334
87	13	52.5901724137931	44.4315384615385
86	14	52.5663372093023	45
85	15	53.0176470588235	45.2286666666667
84	16	53.0083333333333	45.1984375
83	17	53.2643975903614	45.9844117647059
82	18	53.4720121951219	46.2227777777778
81	19	53.6691975308642	46.9052631578947
80	20	53.8073125	47.073
79	21	54.0688607594937	47.3733333333333
78	22	54.2596153846154	47.7625
77	23	54.439025974026	48.1960869565217
76	24	54.6489473684211	48.3947916666667
75	25	55.0133333333333	48.7568
74	26	55.1201351351351	49.4001923076923
73	27	55.2841780821918	49.4107407407407
72	28	55.264375	49.7425
71	29	55.7175352112676	50.2031034482758
70	30	55.9114285714286	50.565
69	31	56.1230434782609	51.021935483871
68	32	56.2197794117647	51.44140625
67	33	56.4367910447761	51.7743939393939
66	34	56.6967424242424	52.1133823529412
65	35	56.7699230769231	52.4708571428572
64	36	56.980078125	52.9451388888889
63	37	57.1957936507936	53.0891891891892
62	38	57.3752419354838	53.5134210526316
61	39	57.6901639344262	53.8469230769231
60	40	57.8229166666667	54.397125
59	41	58.1280508474576	54.5713414634146
58	42	58.1760344827586	55.1991666666667
57	43	58.2914912280702	55.4879069767442
56	44	58.5214285714286	55.8739772727273
55	45	58.8906363636364	56.2048888888889
54	46	59.027037037037	56.5354347826087
53	47	59.2581132075472	56.9842553191489
52	48	59.3606730769231	57.334375
51	49	59.6250980392157	57.7051020408163
50	50	59.65	57.9899
49	51	59.9959183673469	58.3778431372549
48	52	60.1989583333334	58.8821153846154
47	53	60.2628723404255	59.2470754716981
46	54	60.4270652173913	59.6938888888889
45	55	60.745	60.0932727272727
44	56	60.9327272727273	60.4579464285714
43	57	60.9624418604651	60.8382456140351
42	58	61.2253571428571	61.3591379310345
41	59	61.4778048780488	61.7324576271187
40	60	61.631	61.9715833333333
39	61	61.7198717948718	62.3550819672131
38	62	62.1859210526316	62.7974193548387
37	63	62.3601351351352	63.2642857142857
36	64	62.58125	63.6903125
35	65	62.2947142857143	64.0779230769231
34	66	62.8166176470588	64.5149242424242
33	67	62.9836363636364	64.9294776119403
32	68	63.21625	65.2350735294117
31	69	63.4487096774193	65.7258695652174
30	70	63.5631666666667	66.2061428571429
29	71	63.9020689655172	66.6381690140845
28	72	64.0271428571428	66.9831944444445
27	73	64.1122222222222	67.4075342465753
26	74	64.5138461538462	67.9635135135135
25	75	64.5844	68.2531333333334
24	76	64.5602083333333	68.7425
23	77	64.9063043478261	69.1688961038961
22	78	65.2247727272728	69.6325641025641
21	79	65.3592857142857	70.0449367088608
20	80	65.37825	70.5166875
19	81	65.7465789473684	70.9988888888889
18	82	65.7280555555556	71.4944512195122
17	83	66.0235294117647	71.7424096385542
16	84	66.318125	72.2458333333333
15	85	66.6586666666667	72.7897647058823
14	86	66.4678571428571	73.1635465116279
13	87	66.9253846153846	73.626091954023
12	88	66.9866666666667	74.1485795454545
11	89	67.1795454545454	74.6344382022472
10	90	67.4085	75.0673888888889
9	91	67.545	75.5398351648352
8	92	67.7475	76.0722282608696
7	93	67.9307142857142	76.4948387096774
6	94	67.9816666666667	77.0105319148936
5	95	68.486	77.480947368421
4	96	68.6625	78.0074479166667
3	97	68.44	78.4870618556701
2	98	67.88	79.0013775510204
1	99	69.37	79.5039898989899
0	100	0	80
