num_of_always_cooperate	num_of_TFT_with_trembling_hand	average_fitness_of_always_cooperate	average_fitness_of_TFT_with_trembling_hand
100	0	100	0
99	1	99.6013131313132	120
98	2	99.1992857142857	119.4675
97	3	98.7932989690721	118.951666666667
96	4	98.3927083333333	118.51625
95	5	97.9963157894737	117.93
94	6	97.575	117.45
93	7	97.1658064516129	116.848571428571
92	8	96.7497826086956	116.3775
91	9	96.3964835164835	115.940555555556
90	10	95.9954444444444	115.5065
89	11	95.5722471910112	114.833181818182
88	12	95.1307954545454	114.300833333333
87	13	94.7627586206896	113.843846153846
86	14	94.3324418604651	113.434285714286
85	15	93.9423529411765	112.697333333333
84	16	93.5142857142857	112.305625
83	17	93.1557831325301	111.930588235294
82	18	92.6871951219513	111.270833333333
81	19	92.3553086419753	110.725
80	20	91.953	110.42425
79	21	91.5156962025317	109.828809523809
78	22	91.1000000000001	109.104318181818
77	23	90.6807792207792	108.763043478261
76	24	90.2497368421052	108.210208333333
75	25	89.9376	107.86
74	26	89.4931081081081	107.205384615385
73	27	89.0882191780822	106.71
72	28	88.6886111111111	106.261607142857
71	29	88.2428169014085	105.613620689655
70	30	87.8702857142857	105.183833333333
69	31	87.4807246376812	104.685806451613
68	32	87.0838235294117	104.23375
67	33	86.6598507462686	103.573181818182
66	34	86.2790909090909	103.192058823529
65	35	85.9110769230769	102.681428571429
64	36	85.45	102.175138888889
63	37	84.9831746031746	101.634594594595
62	38	84.6556451612903	101.112763157895
61	39	84.2183606557377	100.625256410256
60	40	83.8168333333333	100.09075
59	41	83.4405084745763	99.5386585365854
58	42	82.9913793103449	99.1440476190477
57	43	82.6315789473684	98.6123255813953
56	44	82.2128571428571	98.0135227272727
55	45	81.8805454545455	97.5462222222222
54	46	81.3855555555555	97.0897826086957
53	47	80.9958490566038	96.5554255319149
52	48	80.55	96.0722916666666
51	49	80.24	95.5172448979592
50	50	79.78	95.0075
49	51	79.3697959183674	94.5300980392157
48	52	78.9770833333333	94.02375
47	53	78.5129787234043	93.4755660377358
46	54	78.0819565217391	92.8760185185185
45	55	77.7551111111111	92.531
44	56	77.4638636363636	91.9272321428571
43	57	76.9141860465116	91.3118421052632
42	58	76.5061904761905	90.8673275862069
41	59	76.1314634146341	90.4466949152542
40	60	75.70375	89.9004166666667
39	61	75.4074358974359	89.4779508196721
38	62	74.9915789473684	88.8685483870968
37	63	74.5708108108108	88.3366666666666
36	64	74.1483333333333	87.8153125
35	65	73.6682857142857	87.3412307692307
34	66	73.3226470588235	86.7397727272727
33	67	72.9466666666667	86.3119402985074
32	68	72.604375	85.8135294117647
31	69	72.0216129032258	85.2827536231884
30	70	71.6553333333334	84.8316428571429
29	71	71.2872413793103	84.2433098591549
28	72	70.9532142857143	83.7833333333333
27	73	70.4840740740741	83.2774657534247
26	74	70.1057692307692	82.664527027027
25	75	69.7948	82.2403333333334
24	76	69.2783333333333	81.7063815789473
23	77	68.8126086956522	81.2244155844156
22	78	68.3727272727273	80.7050641025641
21	79	68.072380952381	80.1523417721518
20	80	67.813	79.669625
19	81	67.4142105263158	79.2288888888889
18	82	66.9172222222222	78.6094512195122
17	83	66.5741176470588	78.1625903614458
16	84	66.06125	77.5729761904762
15	85	65.574	77.1035882352941
14	86	65.2157142857143	76.6873255813953
13	87	64.8423076923077	76.1611494252873
12	88	64.5083333333333	75.6249431818182
11	89	64.0409090909091	75.0552247191011
10	90	63.635	74.5588888888889
9	91	63.0711111111111	74.1031318681318
8	92	62.8225	73.5738043478261
7	93	62.4957142857143	73.0431182795699
6	94	62.0016666666667	72.4864893617021
5	95	61.692	72.002
4	96	61.1475	71.5461458333333
3	97	60.8266666666667	71.0297422680412
2	98	60.435	70.5411224489796
1	99	60	69.9932323232323
0	100	0	69.5004
