num_of_always_trembling	num_of_guilt_driven_amending	average_fitness_of_always_trembling	average_fitness_of_guilt_driven_amending
100	0	49.86045	0
99	1	50.2347474747475	37.895
98	2	50.4734693877551	37.865
97	3	50.8825257731959	37.97
96	4	50.9452604166667	38.58375
95	5	51.2325263157895	39.272
94	6	51.5747872340426	39.6458333333333
93	7	51.7568817204301	39.6092857142857
92	8	51.9969565217391	40.534375
91	9	52.2943956043956	40.3833333333333
90	10	52.6335	41.0345
89	11	52.6732584269662	41.1081818181818
88	12	52.9632386363637	41.9629166666667
87	13	53.1141954022989	42.1234615384615
86	14	53.4898837209302	42.3846428571428
85	15	53.730705882353	42.92
84	16	54.1364285714286	43.1653125
83	17	54.2997590361446	43.3838235294117
82	18	54.7078048780488	44.0297222222222
81	19	54.7238888888889	44.4128947368421
80	20	55.011125	44.841
79	21	55.3574683544304	45.1569047619048
78	22	55.51	45.7822727272727
77	23	55.8012987012987	45.8686956521739
76	24	56.1898026315789	46.3197916666667
75	25	56.1883333333333	46.802
74	26	56.5994594594595	47.0792307692308
73	27	56.6697945205479	47.4844444444444
72	28	57.0552083333333	47.9353571428572
71	29	57.4524647887324	48.3151724137931
70	30	57.5168571428572	48.4061666666667
69	31	57.8111594202899	48.9343548387097
68	32	58.1186764705882	49.3821875
67	33	58.5405970149254	49.8419696969697
66	34	58.4227272727273	50.0898529411765
65	35	58.8254615384615	50.3452857142857
64	36	59.0365625	50.8252777777778
63	37	59.3783333333333	51.1995945945946
62	38	59.7025	51.6288157894737
61	39	59.8093442622951	52.0482051282051
60	40	59.9534166666667	52.429875
59	41	60.2834745762712	52.6319512195122
58	42	60.4202586206897	53.1852380952381
57	43	60.7949122807018	53.5510465116279
56	44	61.0114285714286	53.8961363636364
55	45	61.3413636363636	54.4076666666667
54	46	61.5943518518519	54.6978260869565
53	47	61.8775471698113	55.189255319149
52	48	62.2775961538462	55.2678125
51	49	62.2737254901961	55.6360204081632
50	50	62.6321	56.2868
49	51	62.9294897959183	56.6659803921569
48	52	63.1672916666667	57.0261538461538
47	53	63.3002127659574	57.2392452830189
46	54	63.4678260869565	57.6533333333333
45	55	63.7678888888889	58.1644545454545
44	56	64.3081818181818	58.4419642857143
43	57	64.3052325581395	58.8430701754386
42	58	64.4855952380953	59.2775862068965
41	59	64.8353658536585	59.5840677966102
40	60	65.038	59.9881666666667
39	61	65.4119230769231	60.3472131147541
38	62	65.4728947368421	60.7362903225807
37	63	65.9825675675676	61.1809523809524
36	64	66.30125	61.534609375
35	65	66.4775714285715	61.8880769230769
34	66	66.5867647058823	62.1926515151515
33	67	66.8336363636364	62.555223880597
32	68	67.174375	62.9739705882353
31	69	67.2804838709678	63.431884057971
30	70	67.7138333333333	63.7535
29	71	67.9575862068965	64.1557042253521
28	72	68.2407142857143	64.63625
27	73	68.5118518518519	64.9810273972602
26	74	68.7436538461538	65.442027027027
25	75	68.8214	65.8048666666667
24	76	69.1966666666667	66.0455263157895
23	77	69.4280434782609	66.5388961038961
22	78	69.5981818181818	66.8551923076923
21	79	70.1269047619048	67.2445569620253
20	80	70.10975	67.7083125
19	81	70.3184210526316	67.924012345679
18	82	70.5013888888889	68.3559146341463
17	83	70.9388235294118	68.7421084337349
16	84	71.275625	69.1768452380953
15	85	71.4016666666667	69.4995294117647
14	86	71.3589285714285	69.9495930232558
13	87	71.6057692307692	70.3094252873563
12	88	72.11375	70.6019886363636
11	89	72.355	71.098202247191
10	90	72.537	71.5198333333334
9	91	72.8811111111111	71.8291208791209
8	92	72.9725	72.2319021739131
7	93	73.6878571428572	72.5737634408602
6	94	73.3225	72.9342021276596
5	95	73.894	73.327947368421
4	96	74.68	73.70578125
3	97	74.53	74.0422680412371
2	98	74.72	74.4517346938775
1	99	74.36	74.815606060606
0	100	0	75.30455
