num_of_always_trembling	num_of_shame_driven_denying	average_fitness_of_always_trembling	average_fitness_of_shame_driven_denying
100	0	49.9673	0
99	1	50.1848484848485	44.275
98	2	50.2198469387755	44.2975
97	3	50.3954639175258	44.56
96	4	50.5054166666667	43.90625
95	5	50.4916842105263	44.605
94	6	50.6771276595745	45.155
93	7	50.8021505376344	45.0507142857143
92	8	50.9935869565217	44.81875
91	9	51.0275824175824	45.0883333333333
90	10	51.2135	45.63
89	11	51.3802247191011	45.9459090909091
88	12	51.524375	45.7954166666667
87	13	51.4012643678161	46.1788461538462
86	14	51.6282558139535	46.0342857142857
85	15	51.7474117647059	45.9853333333333
84	16	51.8475595238095	46.3890625
83	17	51.9946987951807	46.5764705882353
82	18	52.0678048780488	46.6516666666667
81	19	52.1600617283951	46.6486842105263
80	20	52.263625	46.75375
79	21	52.4401898734177	47.1290476190476
78	22	52.5467307692307	47.1809090909091
77	23	52.6317532467532	47.2676086956522
76	24	52.8032894736842	47.2364583333333
75	25	52.9655333333333	47.6412
74	26	53.0619594594595	47.7986538461539
73	27	53.0749315068493	48.1975925925926
72	28	53.1854861111111	48.1896428571429
71	29	53.5007746478873	48.2865517241379
70	30	53.5777142857143	48.3588333333333
69	31	53.5939130434782	48.6167741935484
68	32	53.8838970588235	48.8759375
67	33	53.6619402985075	48.9313636363637
66	34	53.7739393939394	49.1672058823529
65	35	54.1334615384616	49.4941428571429
64	36	54.23046875	49.4113888888889
63	37	54.3075396825397	49.5639189189189
62	38	54.501935483871	49.8060526315789
61	39	54.4395901639344	49.8001282051282
60	40	54.5191666666667	50.111375
59	41	54.7898305084746	50.2035365853659
58	42	55.0541379310345	50.4235714285714
57	43	54.8511403508772	50.5186046511628
56	44	54.9985714285714	50.6156818181818
55	45	55.2705454545454	50.8145555555555
54	46	55.3157407407408	50.7973913043478
53	47	55.4966981132075	51.0870212765957
52	48	55.5925961538462	51.1077083333333
51	49	55.865294117647	51.1754081632653
50	50	55.8823	51.5703
49	51	55.9586734693877	51.7177450980392
48	52	56.0766666666667	51.7036538461539
47	53	56.0825531914894	52.1017924528302
46	54	56.2707608695652	52.1056481481481
45	55	56.4703333333333	52.3597272727273
44	56	56.6478409090909	52.4442857142857
43	57	56.7348837209302	52.4460526315789
42	58	56.6260714285714	52.6741379310345
41	59	57.0171951219512	52.8724576271187
40	60	57.1855	52.9746666666667
39	61	57.1439743589744	53.2181967213115
38	62	57.0607894736842	53.3265322580645
37	63	57.3208108108108	53.3787301587301
36	64	57.5320833333333	53.5675
35	65	57.6404285714286	53.7667692307692
34	66	57.7460294117647	53.9648484848485
33	67	57.9898484848485	54.1426865671642
32	68	58.031875	54.1130882352941
31	69	58.018870967742	54.2657971014493
30	70	57.9738333333333	54.5175714285714
29	71	58.2529310344828	54.6807042253521
28	72	58.4266071428572	54.8627083333333
27	73	58.3555555555556	54.9907534246575
26	74	58.7157692307692	55.0869594594595
25	75	59.0622	55.1678
24	76	58.9735416666666	55.286052631579
23	77	58.9989130434783	55.5166883116883
22	78	59.1702272727273	55.605641025641
21	79	58.9652380952381	55.961582278481
20	80	59.5025	56.0483125
19	81	59.4578947368421	56.1446913580247
18	82	59.4983333333333	56.3016463414634
17	83	59.6555882352941	56.4489759036145
16	84	59.9425	56.5358333333333
15	85	59.6456666666667	56.7037647058824
14	86	60.1885714285714	56.8183139534884
13	87	60.2319230769231	56.976091954023
12	88	60.39125	57.0604545454545
11	89	60.3309090909091	57.1761797752809
10	90	60.3645	57.3681111111111
9	91	60.4972222222222	57.6882417582417
8	92	60.54625	57.7629347826087
7	93	61.1964285714286	57.9467204301075
6	94	61.1291666666667	58.0503191489362
5	95	61.299	58.2448947368421
4	96	61.545	58.32296875
3	97	61.1766666666667	58.4338659793814
2	98	61.1575	58.6057142857143
1	99	62	58.7622222222222
0	100	0	58.96325
