num_of_always_trembling	num_of_TFT_with_trembling_hand	average_fitness_of_always_trembling	average_fitness_of_TFT_with_trembling_hand
100	0	50.0238	0
99	1	50.2178282828283	38.535
98	2	50.3039285714286	39.6075
97	3	50.6385051546392	40.0116666666667
96	4	50.9894270833333	40.045
95	5	51.0218947368421	39.971
94	6	51.3458510638298	40.2208333333333
93	7	51.6144623655914	40.7878571428571
92	8	51.6195108695652	40.861875
91	9	51.9836813186813	41.5061111111111
90	10	52.2292777777778	41.855
89	11	52.3851123595505	42.3040909090909
88	12	52.6728409090909	42.73875
87	13	52.8490804597701	42.8742307692308
86	14	53.0636627906977	43.1817857142857
85	15	53.3248235294118	43.25
84	16	53.5617857142857	43.7871875
83	17	53.6878313253012	43.9541176470588
82	18	53.8999390243902	44.2808333333333
81	19	54.1606172839506	44.6531578947369
80	20	54.4165625	44.73925
79	21	54.5905696202532	45.4280952380952
78	22	54.8126282051282	45.5084090909091
77	23	55.0311038961039	45.7413043478261
76	24	55.395	46.153125
75	25	55.5668	46.5646
74	26	55.7597972972973	46.8376923076923
73	27	55.9056849315069	47.2827777777778
72	28	56.1246527777778	47.45
71	29	56.2901408450704	47.6255172413793
70	30	56.6126428571429	47.9956666666667
69	31	56.9760869565217	48.4062903225807
68	32	56.926544117647	48.75
67	33	57.2260447761194	48.909393939394
66	34	57.5721212121212	49.2664705882353
65	35	57.8082307692308	49.4994285714286
64	36	57.9665625	49.84875
63	37	58.0965079365079	50.2467567567568
62	38	58.3059677419355	50.2514473684211
61	39	58.4684426229508	50.7341025641026
60	40	58.7515	51.107
59	41	58.948813559322	51.3865853658537
58	42	59.2111206896552	51.7839285714286
57	43	59.504298245614	52.1095348837209
56	44	59.7395535714286	52.3001136363636
55	45	59.8908181818182	52.6027777777778
54	46	60.0470370370371	53.0378260869565
53	47	60.1558490566038	53.1865957446809
52	48	60.5711538461539	53.5970833333333
51	49	60.864705882353	53.8389795918367
50	50	60.8535	54.2134
49	51	61.3002040816327	54.5238235294118
48	52	61.3397916666667	54.8211538461538
47	53	61.4403191489362	55.0559433962264
46	54	61.8076086956522	55.4797222222222
45	55	62.1333333333333	55.7721818181818
44	56	62.2398863636363	55.9570535714286
43	57	62.4229069767442	56.2735964912281
42	58	62.7190476190476	56.5293103448276
41	59	62.7370731707317	56.858220338983
40	60	63.223875	57.1591666666667
39	61	63.2441025641026	57.454262295082
38	62	63.6030263157895	57.8681451612903
37	63	63.9290540540541	58.24
36	64	64.0433333333333	58.44625
35	65	64.3584285714286	58.6720769230769
34	66	64.5016176470588	59.1457575757576
33	67	64.6724242424242	59.3862686567164
32	68	64.8209375	59.6454411764706
31	69	65.2035483870968	59.8892753623188
30	70	65.3786666666666	60.1939285714286
29	71	65.5586206896552	60.5773943661972
28	72	65.6228571428571	60.8888194444444
27	73	65.9455555555556	61.2073287671233
26	74	66.2253846153846	61.5118918918919
25	75	66.5674	61.8353333333333
24	76	66.6627083333333	62.1969078947369
23	77	66.9680434782609	62.4085064935065
22	78	67.0331818181818	62.8099358974359
21	79	67.2826190476191	63.0270253164557
20	80	67.41525	63.331375
19	81	67.8163157894737	63.5874691358024
18	82	67.9969444444444	63.9595121951219
17	83	68.2732352941176	64.1984337349398
16	84	68.57625	64.5575595238095
15	85	68.6166666666667	64.8517647058824
14	86	68.8335714285714	65.1451162790697
13	87	69.2665384615385	65.6038505747126
12	88	69.3066666666667	65.8172727272727
11	89	69.52	66.0793258426966
10	90	69.886	66.3671666666667
9	91	70.0027777777778	66.7734615384615
8	92	70.311875	67.105652173913
7	93	70.3864285714286	67.2834408602151
6	94	70.3725	67.5960106382979
5	95	70.845	67.9755263157895
4	96	70.96125	68.2153645833333
3	97	71.4216666666667	68.5398969072165
2	98	71.6975	68.7783163265306
1	99	71.64	69.1579797979798
0	100	0	69.49285
