num_of_always_cooperate	num_of_guilt_driven_amending	average_fitness_of_always_cooperate	average_fitness_of_guilt_driven_amending
100	0	100	0
99	1	99.630303030303	117.85
98	2	99.2722448979592	117.5825
97	3	98.9059793814433	117.113333333333
96	4	98.5458333333333	116.74375
95	5	98.2067368421053	116.184
94	6	97.8365957446808	115.874166666667
93	7	97.4752688172043	115.445714285714
92	8	97.0860869565218	114.94125
91	9	96.7252747252747	114.569444444444
90	10	96.3617777777778	113.972
89	11	95.9987640449438	113.661818181818
88	12	95.6294318181819	113.197083333333
87	13	95.3011494252873	112.771153846154
86	14	94.9496511627907	112.375357142857
85	15	94.572	111.84
84	16	94.1830952380953	111.5828125
83	17	93.8332530120482	111.134705882353
82	18	93.4910975609756	110.657222222222
81	19	93.0458024691358	110.210263157895
80	20	92.714	109.7465
79	21	92.3403797468354	109.348571428571
78	22	91.9907692307693	108.904772727273
77	23	91.6398701298701	108.439347826087
76	24	91.26	108
75	25	90.9209333333333	107.6594
74	26	90.6325675675676	107.131346153846
73	27	90.2038356164384	106.715740740741
72	28	89.8205555555556	106.239821428571
71	29	89.452676056338	105.865517241379
70	30	89.1708571428571	105.420666666667
69	31	88.7326086956522	105.067096774194
68	32	88.3769117647059	104.60359375
67	33	88.0610447761194	104.109848484848
66	34	87.6139393939394	103.690441176471
65	35	87.3513846153846	103.264285714286
64	36	86.95125	102.852638888889
63	37	86.5788888888889	102.382567567568
62	38	86.1809677419355	101.952368421053
61	39	85.8783606557377	101.540641025641
60	40	85.5091666666667	101.15725
59	41	85.0989830508474	100.822682926829
58	42	84.758275862069	100.189404761905
57	43	84.4133333333333	99.829534883721
56	44	84.1519642857143	99.3752272727273
55	45	83.6774545454545	99.0184444444445
54	46	83.2935185185185	98.6195652173913
53	47	82.9271698113208	98.1586170212766
52	48	82.5526923076923	97.7277083333333
51	49	82.2623529411765	97.2691836734694
50	50	81.8588	96.8908
49	51	81.5306122448979	96.3641176470588
48	52	81.2179166666667	95.8863461538461
47	53	80.695744680851	95.5382075471699
46	54	80.3817391304348	95.0923148148148
45	55	79.9837777777778	94.6650909090909
44	56	79.7290909090909	94.2157142857143
43	57	79.2558139534884	93.7959649122807
42	58	79.0185714285714	93.3323275862069
41	59	78.6643902439024	92.9144915254237
40	60	78.25275	92.5055833333333
39	61	77.8605128205128	91.9890983606557
38	62	77.5178947368421	91.6704032258065
37	63	77.1597297297298	91.1642063492063
36	64	76.7752777777778	90.720390625
35	65	76.352	90.3928461538462
34	66	76.0917647058824	89.9756060606061
33	67	75.7148484848485	89.4585820895522
32	68	75.340625	89.0802205882353
31	69	74.9467741935484	88.6349275362319
30	70	74.5416666666667	88.1868571428571
29	71	74.3158620689655	87.8045070422535
28	72	73.9282142857143	87.3501388888889
27	73	73.4896296296296	86.795
26	74	73.1703846153846	86.4564189189189
25	75	72.7828	85.9919333333333
24	76	72.49125	85.6140789473684
23	77	72.034347826087	85.1454545454545
22	78	71.6809090909091	84.7199358974359
21	79	71.2976190476191	84.3212658227848
20	80	70.935	83.861625
19	81	70.5631578947369	83.4534567901235
18	82	70.2861111111111	83.1096951219512
17	83	69.8994117647059	82.5874096385542
16	84	69.549375	82.1271428571428
15	85	69.0706666666667	81.7644705882353
14	86	68.8971428571429	81.2597674418604
13	87	68.4084615384615	80.8818390804598
12	88	68.0608333333333	80.4863068181818
11	89	67.6672727272727	79.9525842696629
10	90	67.506	79.4966111111111
9	91	66.8811111111111	79.1300549450549
8	92	66.655	78.7150543478261
7	93	66.28	78.2125806451613
6	94	65.9833333333333	77.8332978723404
5	95	65.756	77.3953684210527
4	96	65.07	76.9755208333333
3	97	64.79	76.5117525773196
2	98	64.49	76.1198979591836
1	99	64.48	75.6720202020202
0	100	0	75.2633
