num_of_always_cooperate	num_of_shame_driven_denying	average_fitness_of_always_cooperate	average_fitness_of_shame_driven_denying
100	0	100	0
99	1	99.3055555555555	134.345
98	2	98.6463265306122	133.63
97	3	97.9324742268041	132.555
96	4	97.2534375	132.115
95	5	96.5223157894737	131.364
94	6	95.8762765957447	130.2675
93	7	95.1765591397849	129.555
92	8	94.5653260869565	128.820625
91	9	93.8003296703297	128.103333333333
90	10	93.0778888888889	127.475
89	11	92.379213483146	126.593636363636
88	12	91.7396590909091	125.793333333333
87	13	90.9968965517241	125.366153846154
86	14	90.3160465116279	124.446428571429
85	15	89.5301176470588	123.430333333333
84	16	88.8957142857143	122.773125
83	17	88.3396385542168	122.121764705882
82	18	87.5758536585366	121.158888888889
81	19	86.8404938271605	120.515789473684
80	20	86.211125	119.56175
79	21	85.4835443037975	119.022380952381
78	22	84.8748717948718	118.244545454545
77	23	84.1816883116883	117.421304347826
76	24	83.3282894736842	116.776666666667
75	25	82.6086666666667	115.8956
74	26	81.9801351351351	115.254423076923
73	27	81.3490410958904	114.555740740741
72	28	80.6202777777778	113.754107142857
71	29	79.8228169014085	113.070172413793
70	30	79.2097142857143	112.252
69	31	78.4834782608695	111.438548387097
68	32	77.9144117647059	110.66359375
67	33	77.1977611940298	109.865909090909
66	34	76.535303030303	109.15
65	35	75.9004615384616	108.397857142857
64	36	75.13828125	107.647777777778
63	37	74.3968253968254	106.846216216216
62	38	73.6293548387097	105.934736842105
61	39	73.0049180327869	105.205256410256
60	40	72.4861666666667	104.506
59	41	71.5781355932204	103.875731707317
58	42	70.7863793103448	102.942142857143
57	43	70.2394736842105	102.317093023256
56	44	69.6492857142857	101.550340909091
55	45	68.8207272727273	100.685222222222
54	46	68.1874074074074	100.050217391304
53	47	67.5077358490566	99.3075531914894
52	48	66.7311538461538	98.4257291666666
51	49	66.1941176470588	97.6767346938775
50	50	65.3704	97.0286
49	51	64.7081632653061	96.165588235294
48	52	63.9458333333333	95.4669230769231
47	53	63.4738297872341	94.7302830188679
46	54	62.6171739130435	93.8487037037037
45	55	62.0213333333334	93.2624545454545
44	56	61.1827272727273	92.5530357142857
43	57	60.7244186046512	91.5398245614035
42	58	59.8088095238095	90.879051724138
41	59	59.0846341463415	90.146186440678
40	60	58.44075	89.3876666666667
39	61	57.8889743589744	88.690737704918
38	62	57.0976315789474	87.8926612903226
37	63	56.4978378378378	87.1752380952381
36	64	55.7175	86.26046875
35	65	55.1302857142857	85.4913846153846
34	66	54.3176470588236	84.7651515151515
33	67	53.7239393939394	83.8740298507463
32	68	52.9815625	83.29125
31	69	52.1687096774194	82.5715942028985
30	70	51.7823333333333	81.812
29	71	50.9641379310345	80.8561267605634
28	72	50.1585714285714	80.4220833333333
27	73	49.5188888888889	79.5492465753424
26	74	49.0496153846154	78.6343243243243
25	75	48.1696	77.8736
24	76	47.5795833333333	77.2007236842105
23	77	46.7769565217392	76.3335714285714
22	78	46.2277272727273	75.6575
21	79	45.2438095238095	74.8905696202531
20	80	44.5235	74.049125
19	81	43.8642105263158	73.4804938271605
18	82	43.2766666666667	72.6331097560976
17	83	42.6417647058824	71.8863253012048
16	84	42.13125	71.0170238095238
15	85	41.3033333333333	70.3644705882353
14	86	40.3135714285714	69.6269186046512
13	87	39.8546153846154	68.7402298850575
12	88	39.065	68.0034090909091
11	89	38.1954545454545	67.3674157303371
10	90	37.858	66.5613888888889
9	91	37.13	65.8072527472527
8	92	36.32	65.0358152173913
7	93	34.7942857142857	64.2677956989247
6	94	34.8033333333333	63.5416489361702
5	95	34.314	62.6832105263158
4	96	33.315	61.9252604166667
3	97	33.0666666666666	61.2555670103093
2	98	32.52	60.4375510204082
1	99	30.54	59.7022727272727
0	100	0	58.9856
