num_of_always_defect	num_of_guilt_driven_amending	average_fitness_of_always_defect	average_fitness_of_guilt_driven_amending
100	0	0	0
99	1	0.801818181818181	-39.8
98	2	1.61204081632653	-38.5275
97	3	2.41319587628866	-37.2666666666667
96	4	3.22770833333333	-36.365
95	5	4.00673684210527	-35.112
94	6	4.81627659574468	-33.9533333333333
93	7	5.60215053763441	-32.6771428571428
92	8	6.4370652173913	-31.675
91	9	7.2332967032967	-30.45
90	10	8.01966666666667	-29.2635
89	11	8.82224719101123	-28.0868181818182
88	12	9.63852272727273	-26.9108333333333
87	13	10.4372413793103	-25.6792307692308
86	14	11.236511627907	-24.6725
85	15	12.0582352941176	-23.5366666666667
84	16	12.8695238095238	-22.4471875
83	17	13.6655421686747	-21.1655882352941
82	18	14.4639024390244	-19.8983333333333
81	19	15.2195061728395	-18.9134210526316
80	20	16.056875	-17.7285
79	21	16.8812658227848	-16.6830952380952
78	22	17.6585897435897	-15.3847727272727
77	23	18.4611688311688	-14.1367391304348
76	24	19.2426315789474	-13.0689583333333
75	25	20.0733333333333	-11.8582
74	26	20.8691891891892	-10.6271153846154
73	27	21.7187671232877	-9.50851851851852
72	28	22.4656944444444	-8.38410714285714
71	29	23.2897183098592	-7.20879310344827
70	30	24.092	-5.973
69	31	24.8921739130435	-4.97774193548387
68	32	25.6569117647059	-3.77046875
67	33	26.4792537313433	-2.66439393939394
66	34	27.360303030303	-1.43705882352941
65	35	28.1029230769231	-0.191714285714286
64	36	28.94140625	1.00666666666667
63	37	29.7001587301587	2.07216216216216
62	38	30.5277419354839	3.1925
61	39	31.3049180327869	4.46730769230769
60	40	32.1146666666667	5.53525
59	41	32.9238983050847	6.71865853658537
58	42	33.7598275862069	7.76869047619047
57	43	34.500701754386	8.99406976744186
56	44	35.3151785714286	10.1615909090909
55	45	36.0581818181818	11.3887777777778
54	46	36.9753703703704	12.4848913043478
53	47	37.7128301886792	13.7160638297872
52	48	38.5798076923077	14.8501041666667
51	49	39.2821568627451	16.0484693877551
50	50	40.1572	17.185
49	51	40.9428571428571	18.3352941176471
48	52	41.786875	19.4540384615385
47	53	42.5382978723404	20.6502830188679
46	54	43.3954347826087	21.8381481481481
45	55	44.1555555555556	23.0370909090909
44	56	44.9436363636364	24.19375
43	57	45.7462790697674	25.3102631578947
42	58	46.5133333333333	26.5072413793103
41	59	47.3743902439024	27.5765254237288
40	60	48.25175	28.7656666666667
39	61	49.0451282051282	29.9219672131148
38	62	49.743947368421	31.075
37	63	50.5616216216216	32.278253968254
36	64	51.3611111111111	33.424765625
35	65	52.2237142857143	34.6061538461539
34	66	52.9641176470588	35.7962121212121
33	67	53.8133333333333	36.8958955223881
32	68	54.6525	38.0802941176471
31	69	55.3574193548387	39.2134782608696
30	70	56.2353333333333	40.2785714285714
29	71	56.9675862068965	41.5577464788732
28	72	57.8135714285714	42.6465277777778
27	73	58.6262962962963	43.8551369863014
26	74	59.4138461538462	45.0001351351351
25	75	60.11	46.1625333333334
24	76	61.0625	47.4185526315789
23	77	61.7565217391304	48.5348051948052
22	78	62.5454545454545	49.686858974359
21	79	63.4352380952381	50.8825949367089
20	80	64.317	52.0914375
19	81	65.0363157894737	53.2019135802469
18	82	65.7594444444445	54.352743902439
17	83	66.5688235294118	55.5262650602409
16	84	67.42125	56.6646428571429
15	85	68.3513333333333	57.8185294117647
14	86	69.1571428571428	58.991976744186
13	87	69.8946153846154	60.1726436781609
12	88	70.545	61.303125
11	89	71.3554545454545	62.4306741573034
10	90	72.294	63.6051111111111
9	91	73.0266666666666	64.7776373626374
8	92	73.66375	65.9491847826087
7	93	74.7	67.0836021505376
6	94	75.485	68.1556914893617
5	95	76.024	69.4327368421053
4	96	77.02	70.6103645833334
3	97	77.57	71.7930412371134
2	98	78.53	72.8958163265306
1	99	79.52	74.1352525252525
0	100	0	75.1891
