num_of_always_trembling	num_of_Pavlov	average_fitness_of_always_trembling	average_fitness_of_Pavlov
100	0	49.96045	0
99	1	50.2992424242424	49.61
98	2	50.5546428571428	49.3275
97	3	50.7903608247423	50.315
96	4	51.0135416666667	51.03375
95	5	51.2743157894737	50.52
94	6	51.4381914893617	51.3033333333334
93	7	51.4888709677419	51.68
92	8	52.1085869565218	51.155
91	9	52.3797802197802	52.4466666666667
90	10	52.5716666666667	52.1625
89	11	52.9127528089888	52.5522727272728
88	12	53.0798863636363	52.59125
87	13	53.2841954022988	52.6426923076923
86	14	53.7918604651163	53.1792857142857
85	15	53.9199411764706	53.673
84	16	54.2145833333333	53.6228125
83	17	54.5517469879518	54.4214705882353
82	18	54.7951829268293	54.215
81	19	55.0729012345679	54.6394736842105
80	20	55.131	54.943
79	21	55.3679746835443	55.19
78	22	55.8428205128205	55.2320454545455
77	23	55.9767532467532	55.8069565217391
76	24	56.2492105263158	56.224375
75	25	56.6530666666667	56.106
74	26	56.6843918918919	56.4126923076923
73	27	57.128904109589	56.717962962963
72	28	57.3302083333333	57.0805357142857
71	29	57.7238028169014	57.1643103448276
70	30	57.8027857142857	57.3928333333333
69	31	58.1526811594203	57.7775806451613
68	32	58.2121323529412	57.9303125
67	33	58.5855970149254	58.2718181818182
66	34	58.9177272727273	58.4533823529411
65	35	59.2863846153846	58.7711428571428
64	36	59.312421875	59.1359722222222
63	37	59.5557142857143	59.1874324324324
62	38	60.0141129032258	59.3709210526316
61	39	60.0870491803279	59.7292307692308
60	40	60.4523333333333	60.108
59	41	60.7434745762712	60.2374390243903
58	42	60.8751724137931	60.5577380952381
57	43	61.2678947368421	60.8306976744186
56	44	61.6197321428571	61.1469318181818
55	45	61.8369090909091	61.2078888888889
54	46	61.8760185185185	61.6906521739131
53	47	61.9884905660377	61.8551063829787
52	48	62.4933653846154	62.14375
51	49	62.7177450980392	62.3729591836735
50	50	63.0984	62.835
49	51	63.269693877551	63.0703921568627
48	52	63.7194791666667	63.2443269230769
47	53	63.6570212765957	63.2978301886793
46	54	63.9744565217391	63.7187962962963
45	55	64.199	64.0153636363637
44	56	64.4777272727273	64.1152678571429
43	57	64.7560465116279	64.4754385964912
42	58	65.0475	64.6948275862068
41	59	65.3686585365854	64.9141525423729
40	60	65.84125	65.177
39	61	66	65.5118852459017
38	62	66.3992105263158	65.9247580645161
37	63	66.2090540540541	66.050873015873
36	64	66.7004166666667	66.378046875
35	65	67.0274285714285	66.5370769230769
34	66	67.0601470588235	66.7794696969697
33	67	67.4559090909091	67.1009701492537
32	68	67.53953125	67.2672794117647
31	69	67.7953225806451	67.6523188405797
30	70	68.378	67.9222857142857
29	71	68.6355172413793	68.1656338028169
28	72	68.9094642857143	68.4246527777778
27	73	69.0548148148148	68.8566438356164
26	74	69.3653846153846	69.0445945945946
25	75	69.7114	69.1298666666666
24	76	69.5427083333333	69.4891447368421
23	77	69.9869565217391	69.6164285714286
22	78	70.1159090909091	70.045
21	79	70.44	70.1941772151899
20	80	70.929	70.4968125
19	81	71.321052631579	70.8412345679012
18	82	71.1469444444445	71.0620731707317
17	83	71.6911764705882	71.089578313253
16	84	71.9728125	71.6732738095238
15	85	72.317	71.6621176470588
14	86	72.5567857142858	72.1275
13	87	72.9480769230769	72.1754022988505
12	88	73.06625	72.7048295454546
11	89	73.2277272727273	72.9288764044944
10	90	73.2355	73.1112222222222
9	91	73.5833333333333	73.356043956044
8	92	73.999375	73.6808695652174
7	93	74.4364285714286	73.9367741935484
6	94	74.5366666666667	74.2452127659574
5	95	74.891	74.3904736842105
4	96	75.02	74.6630729166667
3	97	75.38	74.9705670103093
2	98	75.9225	75.2548979591837
1	99	75.87	75.5281818181818
0	100	0	75.69605
