num_of_always_cooperate	num_of_Pavlov	average_fitness_of_always_cooperate	average_fitness_of_Pavlov
100	0	100	0
99	1	99.400101010101	148.41
98	2	98.7890816326531	149.03
97	3	98.1960824742268	147.685
96	4	97.6151041666667	147.37625
95	5	97.0116842105263	146.668
94	6	96.4142553191489	145.485833333333
93	7	95.8341935483871	144.874285714286
92	8	95.1660869565218	144.186875
91	9	94.6079120879121	144.178333333333
90	10	93.9938888888888	143.1195
89	11	93.4855056179775	142.105
88	12	92.8427272727272	141.164583333333
87	13	92.213908045977	140.541153846154
86	14	91.6713953488372	139.817142857143
85	15	91.0951764705882	139.144666666667
84	16	90.4972619047619	138.543125
83	17	89.9403614457831	137.736764705882
82	18	89.2326829268292	136.780277777778
81	19	88.6507407407408	136.407631578947
80	20	87.95775	135.3315
79	21	87.4803797468354	134.853333333333
78	22	86.7685897435898	134.122954545454
77	23	86.2574025974026	133.092826086957
76	24	85.7481578947368	132.5825
75	25	85.1353333333333	131.6484
74	26	84.5127027027027	131.1675
73	27	83.8902739726028	130.029259259259
72	28	83.3936111111111	129.570714285714
71	29	82.7435211267606	128.702413793104
70	30	82.1	128.086
69	31	81.5934782608696	127.49
68	32	80.8808823529412	126.39953125
67	33	80.3128358208955	125.793636363636
66	34	79.8207575757576	124.982647058824
65	35	79.1738461538462	124.273142857143
64	36	78.53328125	123.649027777778
63	37	77.8957142857143	122.729594594595
62	38	77.3408064516129	122.06
61	39	76.6767213114754	121.181923076923
60	40	76.0853333333333	120.412
59	41	75.5596610169491	119.920121951219
58	42	74.8562068965517	119.020714285714
57	43	74.2485964912281	118.294302325581
56	44	73.8383928571428	117.598977272727
55	45	73.1223636363637	116.825666666667
54	46	72.5931481481482	116.102391304348
53	47	72.0232075471698	115.167127659574
52	48	71.1644230769231	114.67
51	49	70.723137254902	113.685510204082
50	50	70.207	113.202
49	51	69.6667346938776	112.256862745098
48	52	68.9414583333334	111.502019230769
47	53	68.3608510638298	110.513773584906
46	54	67.9586956521739	110.143055555556
45	55	67.2395555555556	109.349545454546
44	56	66.53	108.539375
43	57	66.153488372093	107.817719298246
42	58	65.4028571428572	106.933534482759
41	59	64.8341463414634	106.143898305085
40	60	64.28975	105.619416666667
39	61	63.6325641025641	104.729836065574
38	62	62.8681578947369	104.152983870968
37	63	62.4635135135135	103.493412698413
36	64	61.8772222222222	102.725
35	65	61.2162857142857	101.826461538462
34	66	60.6494117647059	101.034393939394
33	67	59.9560606060606	100.270298507463
32	68	59.4075	99.5102941176471
31	69	58.9403225806452	98.9476811594203
30	70	58.3153333333333	98.2023571428571
29	71	57.9686206896552	97.4075352112676
28	72	57.0810714285714	96.5995833333333
27	73	56.3914814814815	95.8671232876712
26	74	55.8919230769231	95.225
25	75	55.0864	94.4346666666667
24	76	54.5891666666667	93.5680921052631
23	77	54.0426086956522	92.8533766233766
22	78	53.6177272727273	92.1408974358974
21	79	52.7652380952381	91.3393670886076
20	80	52.0695	90.697875
19	81	51.7268421052632	89.9057407407408
18	82	51.2044444444444	89.1896951219512
17	83	50.374705882353	88.4072891566265
16	84	49.705625	87.7705952380953
15	85	49.374	86.8927647058823
14	86	48.4914285714286	86.2047093023256
13	87	47.8592307692308	85.4198850574712
12	88	47.3066666666667	84.6766477272727
11	89	46.6881818181818	83.9310112359551
10	90	46.114	83.1971666666667
9	91	45.6388888888889	82.4260439560439
8	92	44.97625	81.8324456521739
7	93	44.2071428571429	80.9940322580645
6	94	44.2433333333333	80.3072872340426
5	95	43.564	79.5067894736842
4	96	43.225	78.726875
3	97	41.5833333333333	78.0529381443299
2	98	41.03	77.2930612244898
1	99	41.23	76.4147474747474
0	100	0	75.8118
