num_of_always_defect	num_of_TFT_with_trembling_hand	average_fitness_of_always_defect	average_fitness_of_TFT_with_trembling_hand
100	0	0	0
99	1	0.804848484848485	-39.89
98	2	1.59969387755102	-38.5975
97	3	2.41185567010309	-37.5683333333333
96	4	3.21864583333333	-36.3225
95	5	4.03221052631579	-35.287
94	6	4.80723404255319	-34.0916666666667
93	7	5.62677419354839	-33.0592857142857
92	8	6.42076086956522	-32.228125
91	9	7.21714285714286	-30.9505555555556
90	10	8.03233333333334	-29.881
89	11	8.84157303370786	-28.64
88	12	9.62931818181818	-27.5541666666667
87	13	10.428275862069	-26.4023076923077
86	14	11.2512790697674	-25.4178571428572
85	15	12.0564705882353	-24.2806666666667
84	16	12.8403571428571	-23.235
83	17	13.6484337349398	-22.0385294117647
82	18	14.4340243902439	-20.9875
81	19	15.2545679012346	-19.9515789473684
80	20	16.046625	-18.8415
79	21	16.8749367088608	-17.6959523809524
78	22	17.6317948717949	-16.4895454545455
77	23	18.4911688311688	-15.4660869565217
76	24	19.2693421052632	-14.40875
75	25	20.0673333333333	-13.2556
74	26	20.8824324324324	-12.2375
73	27	21.7065753424658	-11.1053703703704
72	28	22.4779166666667	-10.0144642857143
71	29	23.3140845070423	-8.85517241379311
70	30	24.077	-7.77433333333333
69	31	24.8469565217391	-6.62435483870968
68	32	25.7133823529412	-5.47875
67	33	26.4979104477612	-4.49969696969697
66	34	27.2754545454545	-3.43529411764706
65	35	28.1249230769231	-2.20557142857143
64	36	28.88125	-1.11347222222222
63	37	29.6953968253968	-0.0118918918918919
62	38	30.4541935483871	1.17802631578947
61	39	31.3419672131147	2.16538461538462
60	40	32.0796666666666	3.266
59	41	32.968813559322	4.4509756097561
58	42	33.7415517241379	5.50035714285714
57	43	34.4912280701754	6.54290697674419
56	44	35.3228571428571	7.67522727272728
55	45	36.1478181818182	8.79544444444444
54	46	36.9338888888889	9.86510869565218
53	47	37.7639622641509	10.9306382978723
52	48	38.5596153846154	12.0564583333333
51	49	39.3670588235294	13.2529591836735
50	50	40.1194	14.308
49	51	40.94	15.3414705882353
48	52	41.6522916666667	16.5384615384615
47	53	42.6444680851064	17.625
46	54	43.3928260869565	18.7456481481481
45	55	44.1257777777778	19.8061818181818
44	56	45.0027272727273	20.9215178571429
43	57	45.7986046511628	21.9014035087719
42	58	46.5883333333333	23.0918103448276
41	59	47.3068292682927	24.1833050847458
40	60	48.1775	25.3623333333333
39	61	48.9705128205128	26.4189344262295
38	62	49.7852631578947	27.6043548387097
37	63	50.5410810810811	28.6238095238095
36	64	51.3636111111111	29.8453125
35	65	52.2082857142857	30.9754615384615
34	66	52.9826470588235	32.0058333333333
33	67	53.7972727272728	33.1784328358209
32	68	54.59625	34.0744852941176
31	69	55.3751612903226	35.3033333333333
30	70	56.1926666666667	36.38
29	71	57.1124137931034	37.5778169014084
28	72	57.8453571428571	38.6819444444444
27	73	58.5518518518518	39.6621917808219
26	74	59.5342307692308	40.7867567567568
25	75	60.1664	41.9098666666667
24	76	61.0529166666667	43.0385526315789
23	77	61.8526086956522	44.0651298701299
22	78	62.6881818181818	45.1976282051282
21	79	63.5271428571429	46.2287341772152
20	80	64.288	47.425625
19	81	65.0584210526316	48.6025925925926
18	82	65.7794444444444	49.6459146341464
17	83	66.5523529411765	50.7927108433735
16	84	67.565	51.8389285714286
15	85	68.22	52.9146470588236
14	86	69.0064285714286	54.0363372093023
13	87	69.9415384615384	55.0546551724138
12	88	70.7833333333333	56.2565340909091
11	89	71.3045454545455	57.3322471910112
10	90	72.337	58.4611666666667
9	91	72.8888888888889	59.5468131868132
8	92	73.775	60.6218478260869
7	93	74.64	61.8022043010753
6	94	75.48	62.8611702127659
5	95	76.292	63.9472105263158
4	96	77.0925	65.14453125
3	97	77.87	66.2131443298969
2	98	78.76	67.3051020408163
1	99	80	68.4194444444444
0	100	0	69.48215
