num_of_always_defect	num_of_shame_driven_hiding	average_fitness_of_always_defect	average_fitness_of_shame_driven_hiding
100	0	0	0
99	1	0.802424242424242	-40.065
98	2	1.6219387755102	-38.575
97	3	2.40824742268041	-37.92
96	4	3.214375	-36.775
95	5	4.00084210526316	-35.949
94	6	4.82606382978723	-34.9533333333333
93	7	5.61021505376344	-34.0028571428571
92	8	6.4175	-33.124375
91	9	7.23758241758242	-31.9244444444444
90	10	8.03122222222222	-31.145
89	11	8.83999999999999	-30.0022727272727
88	12	9.64977272727273	-28.98375
87	13	10.4563218390805	-27.9565384615385
86	14	11.2647674418605	-27.2292857142857
85	15	12.0267058823529	-25.953
84	16	12.8596428571429	-25.1628125
83	17	13.6620481927711	-24.0514705882353
82	18	14.4313414634146	-23.19
81	19	15.2659259259259	-22.1955263157895
80	20	16.0665	-21.103
79	21	16.8488607594937	-20.0321428571429
78	22	17.6370512820513	-19.1345454545454
77	23	18.4487012987013	-18.0284782608696
76	24	19.2335526315789	-17.0041666666667
75	25	20.0810666666667	-15.9536
74	26	20.8895945945946	-14.8598076923077
73	27	21.6616438356164	-13.8718518518518
72	28	22.4691666666667	-12.8598214285714
71	29	23.2476056338028	-11.7975862068966
70	30	24.099	-10.7268333333333
69	31	24.885652173913	-9.72129032258065
68	32	25.7388235294118	-8.64296875
67	33	26.499552238806	-7.50924242424242
66	34	27.3222727272727	-6.47323529411765
65	35	28.0847692307692	-5.42285714285714
64	36	28.86859375	-4.26791666666667
63	37	29.7195238095238	-3.26364864864865
62	38	30.5441935483871	-2.10921052631579
61	39	31.3052459016393	-1.12102564102564
60	40	32.1475	0.03525
59	41	32.9342372881356	1.00451219512195
58	42	33.7815517241379	2.19535714285714
57	43	34.5114035087719	3.38709302325581
56	44	35.2775	4.44272727272727
55	45	36.1614545454545	5.55744444444444
54	46	36.9674074074074	6.73315217391304
53	47	37.7201886792453	7.84425531914894
52	48	38.5980769230769	8.94270833333333
51	49	39.2954901960784	10.0924489795918
50	50	40.1068	11.1609
49	51	40.9995918367347	12.4383333333333
48	52	41.751875	13.4769230769231
47	53	42.6072340425532	14.7148113207547
46	54	43.3445652173913	15.8608333333333
45	55	44.1142222222222	16.9757272727273
44	56	44.9277272727273	18.25375
43	57	45.7832558139535	19.5778070175439
42	58	46.5871428571429	20.6374137931034
41	59	47.3307317073171	21.826186440678
40	60	48.2025	23.0821666666667
39	61	49.0035897435897	24.1797540983607
38	62	49.7089473684211	25.4052419354839
37	63	50.7267567567568	26.6800793650794
36	64	51.4113888888889	28.01125
35	65	52.12	29.1997692307692
34	66	52.9561764705882	30.4710606060606
33	67	53.8209090909091	31.6411194029851
32	68	54.59	33.0197794117647
31	69	55.4061290322581	34.2528260869565
30	70	56.2613333333333	35.5157857142857
29	71	57.0534482758621	36.807676056338
28	72	57.8364285714285	38.1743055555555
27	73	58.6651851851852	39.4167808219178
26	74	59.45	40.8493918918919
25	75	60.2168	42.1032
24	76	60.92125	43.4696052631579
23	77	61.8295652173913	44.8149350649351
22	78	62.6990909090909	46.1623076923077
21	79	63.4604761904762	47.6550632911392
20	80	64.2885	48.898375
19	81	65.0378947368421	50.3343209876543
18	82	65.8861111111111	51.8251219512195
17	83	66.7176470588235	53.1525301204819
16	84	67.365	54.5411309523809
15	85	68.1626666666667	56.0474117647059
14	86	69.0235714285714	57.5031976744186
13	87	69.9369230769231	59.048908045977
12	88	70.5691666666667	60.4942613636364
11	89	71.64	62.0758426966292
10	90	72.386	63.5691666666667
9	91	73.1366666666667	65.1136263736264
8	92	73.88	66.6475543478261
7	93	74.5685714285714	68.2338709677419
6	94	75.5383333333333	69.8741489361702
5	95	76.178	71.5058421052632
4	96	77.0975	73.1249479166667
3	97	78.2966666666667	74.815412371134
2	98	78.945	76.5074489795918
1	99	79.31	78.2433333333333
0	100	0	80
