num_of_always_defect	num_of_shame_driven_denying	average_fitness_of_always_defect	average_fitness_of_shame_driven_denying
100	0	0	0
99	1	0.801818181818181	-39.85
98	2	1.60571428571429	-38.79
97	3	2.40628865979381	-37.9766666666667
96	4	3.22697916666667	-36.60125
95	5	3.99715789473684	-35.842
94	6	4.81585106382979	-34.7483333333333
93	7	5.62838709677419	-33.6842857142857
92	8	6.43695652173913	-32.884375
91	9	7.2056043956044	-31.7611111111111
90	10	8.01855555555556	-30.617
89	11	8.81887640449438	-29.8490909090909
88	12	9.63670454545455	-28.7145833333333
87	13	10.4262068965517	-27.6653846153846
86	14	11.2520930232558	-26.8110714285714
85	15	12.0383529411765	-25.803
84	16	12.8475	-24.780625
83	17	13.6613253012048	-23.845
82	18	14.4393902439024	-22.9861111111111
81	19	15.2550617283951	-21.9252631578947
80	20	16.03425	-20.85
79	21	16.8618987341772	-19.8838095238095
78	22	17.6632051282051	-18.7697727272727
77	23	18.4780519480519	-17.9234782608696
76	24	19.2709210526316	-16.8175
75	25	20.0744	-15.9768
74	26	20.8693243243243	-14.8498076923077
73	27	21.6919178082192	-13.837037037037
72	28	22.4654166666667	-12.8458928571428
71	29	23.2454929577465	-11.9194827586207
70	30	24.1102857142857	-10.8676666666667
69	31	24.893768115942	-9.77467741935484
68	32	25.6675	-8.974375
67	33	26.5114925373134	-7.77787878787879
66	34	27.2874242424242	-6.79647058823529
65	35	28.042	-5.93442857142857
64	36	28.82390625	-4.66111111111111
63	37	29.7079365079365	-3.93391891891892
62	38	30.5251612903226	-2.95526315789474
61	39	31.316393442623	-1.84551282051282
60	40	32.0871666666667	-0.84
59	41	32.9374576271186	0.160487804878049
58	42	33.6936206896552	1.18166666666667
57	43	34.4826315789474	2.11081395348837
56	44	35.3428571428571	3.16897727272727
55	45	36.0743636363636	4.185
54	46	36.9414814814815	5.16478260869565
53	47	37.7509433962264	6.08414893617022
52	48	38.4457692307692	7.09072916666666
51	49	39.3807843137255	8.08479591836735
50	50	40.1564	9.085
49	51	40.9861224489796	10.0152941176471
48	52	41.7916666666667	11.0894230769231
47	53	42.5510638297873	12.0989622641509
46	54	43.3428260869565	13.1225
45	55	44.1753333333333	14.1359090909091
44	56	44.9913636363636	15.0491071428571
43	57	45.7532558139535	16.1523684210526
42	58	46.6554761904762	17.0575
41	59	47.4443902439024	18.0263559322034
40	60	48.1685	19.0330833333333
39	61	48.8797435897436	20.0214754098361
38	62	49.7415789473684	21.1142741935484
37	63	50.6518918918919	22.0429365079365
36	64	51.3916666666667	23.069375
35	65	52.2602857142857	24.0156923076923
34	66	53.0779411764706	24.9933333333333
33	67	53.7833333333333	25.9758208955224
32	68	54.5815625	27.0822058823529
31	69	55.4503225806451	28.0828260869565
30	70	56.195	29.1907857142857
29	71	56.9668965517241	29.9726056338028
28	72	57.8239285714286	31.1474305555556
27	73	58.6333333333333	31.9967808219178
26	74	59.4153846153846	33.0687162162162
25	75	60.202	33.9670666666667
24	76	61.0766666666667	34.9335526315789
23	77	61.8930434782609	36.0435064935065
22	78	62.6909090909091	37.1002564102564
21	79	63.3671428571428	37.9463924050633
20	80	64.262	39.0860625
19	81	65.1505263157895	40.0217901234568
18	82	65.69	40.9815243902439
17	83	66.7064705882353	42.0026506024096
16	84	67.43625	43.0086904761905
15	85	68.284	44.0638823529412
14	86	69.04	45.0131395348837
13	87	69.8530769230769	45.9669540229885
12	88	70.7733333333333	46.9965909090909
11	89	71.2172727272727	48.0053932584269
10	90	72.377	49.0338888888889
9	91	73.1333333333333	49.9691208791209
8	92	74.085	50.8942391304348
7	93	74.7028571428572	51.9871505376344
6	94	75.5	52.9040425531915
5	95	76.44	53.9286842105263
4	96	76.9725	54.9323958333333
3	97	77.9366666666667	55.9251030927835
2	98	78.74	56.9517857142857
1	99	78.9	58.0683838383838
0	100	0	58.95585
