num_of_always_cooperate	num_of_shame_driven_hiding	average_fitness_of_always_cooperate	average_fitness_of_shame_driven_hiding
100	0	100	0
99	1	99.6765656565657	120
98	2	99.3214285714286	119.64
97	3	98.9924742268041	119.23
96	4	98.6658333333333	118.9875
95	5	98.3129473684211	118.55
94	6	97.9843617021276	118.23
93	7	97.6541935483871	117.901428571428
92	8	97.3215217391304	117.5125
91	9	96.9583516483516	117.216666666667
90	10	96.6203333333333	116.798
89	11	96.28	116.442727272727
88	12	95.9060227272727	116.124166666667
87	13	95.5979310344828	115.680769230769
86	14	95.2463953488372	115.448571428571
85	15	94.8908235294118	114.992
84	16	94.5169047619048	114.609375
83	17	94.1627710843373	114.243529411765
82	18	93.8319512195122	113.958333333333
81	19	93.4938271604938	113.547368421053
80	20	93.139125	113.143
79	21	92.7326582278481	112.761904761905
78	22	92.3929487179487	112.432727272727
77	23	92.0524675324675	112.097826086957
76	24	91.705	111.625
75	25	91.3409333333333	111.298
74	26	91.0027027027027	110.945769230769
73	27	90.6667123287671	110.423703703704
72	28	90.2297222222222	110.251785714286
71	29	89.9028169014084	109.852413793104
70	30	89.5005714285714	109.486333333333
69	31	89.2001449275363	109.036129032258
68	32	88.7995588235294	108.686875
67	33	88.4411940298508	108.326363636364
66	34	88.0321212121212	107.89
65	35	87.6696923076923	107.573714285714
64	36	87.2821875	107.101944444444
63	37	86.9223809523809	106.837027027027
62	38	86.5708064516129	106.385263157895
61	39	86.2609836065574	105.945384615385
60	40	85.7866666666667	105.603
59	41	85.4227118644068	105.265121951219
58	42	85.0144827586207	104.884047619048
57	43	84.6387719298246	104.418139534884
56	44	84.2510714285715	104.004318181818
55	45	83.8945454545455	103.585777777778
54	46	83.467037037037	103.319347826087
53	47	83.0667924528302	102.859574468085
52	48	82.7065384615385	102.465416666667
51	49	82.3321568627451	101.974081632653
50	50	81.8724	101.6346
49	51	81.5169387755102	101.258823529412
48	52	81.19125	100.898076923077
47	53	80.7153191489362	100.524150943396
46	54	80.265652173913	100.023888888889
45	55	79.8866666666667	99.6449090909091
44	56	79.5125	99.2308928571428
43	57	79.2039534883721	98.7954385964912
42	58	78.7288095238095	98.4951724137931
41	59	78.3258536585366	98.0040677966102
40	60	77.884	97.6451666666667
39	61	77.4220512820513	97.2090163934426
38	62	77.0252631578947	96.8225806451613
37	63	76.5810810810811	96.4333333333334
36	64	76.22	95.93515625
35	65	75.7042857142857	95.5330769230769
34	66	75.43	95.1393939393939
33	67	74.8936363636363	94.7298507462686
32	68	74.4421875	94.297794117647
31	69	74.0406451612903	93.8843478260869
30	70	73.5836666666666	93.4522857142857
29	71	73.1465517241379	93.0721126760563
28	72	72.7871428571428	92.61875
27	73	72.3592592592593	92.2079452054795
26	74	71.8815384615385	91.7577027027027
25	75	71.4304	91.3177333333333
24	76	70.9745833333333	90.8352631578947
23	77	70.4960869565217	90.4472727272727
22	78	70.1131818181818	90.0108974358974
21	79	69.5557142857143	89.536329113924
20	80	69.255	89.203875
19	81	68.6336842105263	88.729012345679
18	82	68.1844444444444	88.2804878048781
17	83	67.7811764705882	87.7744578313253
16	84	67.31125	87.3763095238095
15	85	66.79	86.9371764705882
14	86	66.4785714285714	86.4645348837209
13	87	65.873076923077	86.0164367816092
12	88	65.3441666666667	85.5747727272727
11	89	64.9472727272727	85.1395505617978
10	90	64.427	84.6395555555556
9	91	64.09	84.1856043956044
8	92	63.54125	83.7223913043478
7	93	63.0285714285714	83.2836559139784
6	94	62.46	82.8422340425532
5	95	62.022	82.3586315789474
4	96	61.59	81.8715625
3	97	61.0133333333333	81.4143298969072
2	98	60.52	80.950612244898
1	99	60	80.4834343434344
0	100	0	80
