num_of_guilt_driven_amending	num_of_Pavlov	average_fitness_of_guilt_driven_amending	average_fitness_of_Pavlov
100	0	75.25555	0
99	1	75.185303030303	74.825
98	2	74.9783163265306	75.255
97	3	74.8809278350516	75.0016666666667
96	4	74.7698958333334	74.8675
95	5	74.6168947368421	75.27
94	6	74.5111170212766	74.9666666666667
93	7	74.4141397849462	74.9957142857143
92	8	74.241847826087	74.955625
91	9	74.1445604395604	74.8194444444444
90	10	74.0157777777778	75.086
89	11	73.9261797752809	75.1563636363636
88	12	73.7643181818182	75.2029166666667
87	13	73.6890229885057	75.1438461538461
86	14	73.5438372093024	74.92
85	15	73.3878823529412	75.211
84	16	73.3261309523809	75.04
83	17	73.1222891566265	74.9888235294118
82	18	72.9786585365854	75.2583333333333
81	19	72.9146913580247	75.1626315789474
80	20	72.788125	75.2065
79	21	72.6739873417722	75.1357142857143
78	22	72.5660256410256	75.0520454545454
77	23	72.4505194805195	75.2963043478261
76	24	72.2532236842105	75.1964583333333
75	25	72.2015333333334	75.3072
74	26	71.9649324324324	75.3148076923077
73	27	71.8908904109589	75.2364814814815
72	28	71.7751388888889	75.3069642857143
71	29	71.7667605633803	75.1951724137931
70	30	71.5013571428571	75.1045
69	31	71.4876811594203	75.3640322580645
68	32	71.2810294117647	75.24625
67	33	71.2024626865672	75.2243939393939
66	34	71.0741666666667	75.1802941176471
65	35	70.9867692307692	75.3177142857143
64	36	70.763125	75.2322222222222
63	37	70.6887301587302	75.3471621621622
62	38	70.5493548387096	75.3472368421053
61	39	70.4364754098361	75.323717948718
60	40	70.38425	75.357
59	41	70.1643220338983	75.3442682926829
58	42	70.1386206896552	75.3005952380953
57	43	69.969298245614	75.285
56	44	69.7925892857143	75.2970454545455
55	45	69.688909090909	75.3227777777778
54	46	69.6668518518518	75.3801086956522
53	47	69.3508490566037	75.3867021276596
52	48	69.3975	75.3121875
51	49	69.3770588235294	75.4660204081633
50	50	69.0937	75.3137
49	51	68.89	75.4591176470588
48	52	68.9172916666667	75.3744230769231
47	53	68.6671276595744	75.4720754716981
46	54	68.5285869565218	75.3331481481482
45	55	68.4097777777778	75.447
44	56	68.3003409090909	75.4858035714286
43	57	68.2005813953488	75.6550877192983
42	58	68.0842857142857	75.5202586206897
41	59	67.9058536585366	75.4454237288135
40	60	67.9655	75.56075
39	61	67.6575641025641	75.4998360655738
38	62	67.7490789473684	75.4679838709677
37	63	67.4648648648649	75.4746825396825
36	64	67.2833333333333	75.551953125
35	65	67.28	75.4309230769231
34	66	67.1413235294118	75.4819696969697
33	67	67.0089393939394	75.5096268656716
32	68	66.87625	75.5826470588236
31	69	66.6970967741936	75.5413768115942
30	70	66.7361666666667	75.6058571428572
29	71	66.6794827586207	75.513661971831
28	72	66.6032142857143	75.6166666666666
27	73	66.3614814814815	75.5210273972602
26	74	66.1132692307693	75.4725675675676
25	75	65.998	75.5322666666667
24	76	65.8595833333333	75.7048684210526
23	77	65.7084782608696	75.6598701298702
22	78	65.5215909090909	75.639358974359
21	79	65.4516666666667	75.640253164557
20	80	65.43925	75.6295625
19	81	65.2926315789474	75.5371604938272
18	82	65.0902777777777	75.5696951219512
17	83	65.0744117647059	75.5178313253012
16	84	64.895	75.7288095238095
15	85	64.772	75.6480588235294
14	86	64.7996428571428	75.5058720930232
13	87	64.4923076923077	75.7810344827586
12	88	64.4695833333333	75.5491477272727
11	89	64.250909090909	75.7558426966292
10	90	64.1815	75.5866111111111
9	91	63.8344444444444	75.7110989010989
8	92	64.09375	75.6324456521739
7	93	63.77	75.6262365591398
6	94	63.4091666666667	75.7481914893617
5	95	63.675	75.7123157894737
4	96	63.575	75.7665625
3	97	62.95	75.6953092783505
2	98	62.92	75.7156632653061
1	99	63.01	75.7221212121212
0	100	0	75.77305
