num_of_shame_driven_denying	num_of_guilt_driven_amending	average_fitness_of_shame_driven_denying	average_fitness_of_guilt_driven_amending
100	0	58.9515	0
99	1	59.1533333333333	55.54
98	2	59.3779081632653	55.7475
97	3	59.5106701030927	56.21
96	4	59.7427083333333	55.8675
95	5	59.9571578947368	56.26
94	6	60.121755319149	56.2875
93	7	60.2061290322581	56.955
92	8	60.4822282608696	56.974375
91	9	60.7296153846154	57.105
90	10	60.8913333333333	57.2755
89	11	61.0566292134831	57.2372727272727
88	12	61.2109090909091	57.6416666666667
87	13	61.4897701149425	57.6980769230769
86	14	61.6333139534884	58.0503571428571
85	15	61.8349411764706	58.1796666666667
84	16	61.9660119047619	58.476875
83	17	62.2246987951807	58.8205882352941
82	18	62.4418902439024	58.64
81	19	62.5877160493827	59.1231578947368
80	20	62.8671875	59.2655
79	21	63.0798734177215	59.4219047619048
78	22	63.3177564102564	59.6311363636364
77	23	63.4066233766234	59.74
76	24	63.6025657894736	59.975
75	25	63.8671333333333	60.1894
74	26	63.972972972973	60.44
73	27	64.2293835616438	60.6027777777778
72	28	64.4525	60.8267857142857
71	29	64.6558450704225	61.0055172413793
70	30	64.8194285714286	61.277
69	31	64.8758695652174	61.4129032258065
68	32	65.1013970588235	61.6175
67	33	65.3389552238806	61.8498484848485
66	34	65.5315151515152	62.0383823529411
65	35	65.8258461538462	62.209
64	36	65.9165625	62.4144444444445
63	37	66.0436507936508	62.5062162162162
62	38	66.3714516129032	62.9788157894737
61	39	66.4749180327869	62.9739743589744
60	40	66.7068333333333	63.3165
59	41	66.8964406779661	63.4365853658537
58	42	67.1443103448276	63.6986904761905
57	43	67.2804385964912	63.7659302325581
56	44	67.4983035714286	63.9978409090909
55	45	67.6830909090909	64.2425555555555
54	46	67.8986111111111	64.4611956521739
53	47	68.0524528301887	64.6781914893617
52	48	68.2007692307692	64.8464583333333
51	49	68.4458823529412	65.054693877551
50	50	68.627	65.2014
49	51	68.9986734693878	65.4099019607843
48	52	68.9834375	65.5583653846154
47	53	69.3446808510638	65.8466981132075
46	54	69.2998913043478	66.0956481481482
45	55	69.5058888888889	66.2376363636363
44	56	69.7267045454546	66.5446428571429
43	57	70.0616279069768	66.6318421052631
42	58	70.3082142857143	66.8181896551724
41	59	70.3178048780488	67.0028813559322
40	60	70.549625	67.2346666666667
39	61	70.6134615384615	67.4742622950819
38	62	71.0169736842105	67.5391129032258
37	63	71.0810810810811	67.8811111111111
36	64	71.3730555555556	68.0340625
35	65	71.5167142857143	68.2219230769231
34	66	71.6880882352941	68.4626515151515
33	67	71.8234848484849	68.549328358209
32	68	72.12796875	68.8475
31	69	72.345	69.1252173913043
30	70	72.4923333333334	69.2281428571428
29	71	72.8379310344827	69.4285211267606
28	72	72.8625	69.6691666666667
27	73	73.1166666666667	69.8265753424658
26	74	73.2771153846154	70.1125675675676
25	75	73.459	70.2459333333334
24	76	73.8177083333333	70.4401973684211
23	77	73.8832608695652	70.6026623376624
22	78	74.1106818181818	70.9348076923077
21	79	74.3502380952381	71.0493670886076
20	80	74.4285	71.268875
19	81	74.6476315789474	71.4471604938271
18	82	74.7958333333333	71.6564024390244
17	83	74.9067647058824	71.9328915662651
16	84	75.2590625	71.9867857142857
15	85	75.4123333333333	72.3154117647059
14	86	75.6617857142857	72.4376162790698
13	87	75.7526923076923	72.6182183908046
12	88	75.8591666666667	72.9072727272727
11	89	76.1118181818182	73.0398314606742
10	90	76.297	73.2513888888889
9	91	76.5688888888889	73.4427472527473
8	92	76.69	73.701847826087
7	93	76.8357142857143	73.8102150537635
6	94	77.2816666666666	74.1095212765958
5	95	77.441	74.256
4	96	77.94	74.3522395833333
3	97	77.77	74.6353608247423
2	98	77.92	74.8197959183674
1	99	78.08	75.0530303030303
0	100	0	75.32025
