num_of_shame_driven_hiding	num_of_shame_driven_denying	average_fitness_of_shame_driven_hiding	average_fitness_of_shame_driven_denying
100	0	80	0
99	1	79.7570202020202	66.23
98	2	79.5222448979592	66.125
97	3	79.2956701030928	65.5566666666666
96	4	79.0446354166666	65.64375
95	5	78.8358421052632	65.485
94	6	78.583829787234	65.5716666666667
93	7	78.3624731182796	65.5914285714286
92	8	78.1339130434782	65.384375
91	9	77.9334065934066	65.2588888888889
90	10	77.7102777777778	65.321
89	11	77.5084831460674	65.2172727272727
88	12	77.3114772727272	65.0475
87	13	77.1041954022988	64.7776923076923
86	14	76.9129069767442	64.6967857142857
85	15	76.6994705882353	64.6806666666667
84	16	76.5469047619047	64.7321875
83	17	76.3225301204819	64.689705882353
82	18	76.1077439024391	64.3805555555556
81	19	75.9335802469136	64.4239473684211
80	20	75.746375	64.46675
79	21	75.5846202531645	64.387380952381
78	22	75.4215384615385	64.1025
77	23	75.3083116883117	64.0597826086957
76	24	75.0976315789474	64.015625
75	25	74.9806	63.8936
74	26	74.6698648648649	63.8696153846154
73	27	74.5651369863013	63.7059259259259
72	28	74.4384722222222	63.7385714285714
71	29	74.2364084507042	63.596551724138
70	30	74.1207142857143	63.4728333333333
69	31	73.9052173913044	63.5238709677419
68	32	73.6828676470588	63.40734375
67	33	73.6172388059702	63.2609090909091
66	34	73.4175	63.2194117647059
65	35	73.2173846153846	63.1454285714286
64	36	73.165703125	62.9497222222222
63	37	73.0293650793651	62.9848648648648
62	38	72.8445967741935	62.9580263157895
61	39	72.7827049180328	62.7721794871795
60	40	72.52525	62.7915
59	41	72.3748305084746	62.7595121951219
58	42	72.2284482758621	62.6972619047619
57	43	72.1247368421053	62.5932558139535
56	44	72.0274107142857	62.4715909090909
55	45	71.8236363636364	62.4852222222222
54	46	71.6551851851852	62.3409782608696
53	47	71.6041509433962	62.3285106382978
52	48	71.3242307692308	62.2353125
51	49	71.236862745098	62.1328571428572
50	50	71.1522	61.9942
49	51	70.9352040816326	62.0081372549019
48	52	71.0071875	61.9351923076923
47	53	70.7485106382979	61.8171698113208
46	54	70.6267391304348	61.8540740740741
45	55	70.427	61.7135454545454
44	56	70.4296590909091	61.6825
43	57	70.2541860465116	61.5279824561404
42	58	70.1417857142857	61.5159482758621
41	59	69.9939024390244	61.5201694915254
40	60	69.81975	61.451
39	61	69.8264102564103	61.3240163934426
38	62	69.6763157894736	61.0984677419354
37	63	69.5832432432432	61.0955555555556
36	64	69.4201388888889	61.1490625
35	65	69.2614285714286	61.0776153846154
34	66	69.1197058823529	60.9791666666667
33	67	68.9731818181818	60.8410447761194
32	68	69.039375	60.8850735294117
31	69	68.8209677419355	60.7729710144927
30	70	68.6555	60.7602142857143
29	71	68.4798275862069	60.6526056338028
28	72	68.48	60.561875
27	73	68.362037037037	60.5548630136986
26	74	68.2588461538461	60.4367567567568
25	75	68.18	60.4026666666666
24	76	68.0858333333333	60.3463815789474
23	77	68.0839130434782	60.3087012987013
22	78	67.8872727272727	60.2254487179487
21	79	67.6542857142857	60.1941772151899
20	80	67.73025	60.1753125
19	81	67.6747368421052	60.0148148148148
18	82	67.4730555555555	59.9776829268293
17	83	67.4217647058824	59.9957831325301
16	84	67.2390625	59.8613095238095
15	85	67.4226666666667	59.6905882352941
14	86	67.0382142857143	59.795
13	87	67.0507692307693	59.5945977011494
12	88	67.0279166666667	59.5577272727273
11	89	66.52	59.5881460674157
10	90	66.5325	59.4808333333333
9	91	66.625	59.4891208791209
8	92	66.458125	59.3996739130435
7	93	66.1307142857143	59.3579569892473
6	94	66.435	59.1968617021277
5	95	66.195	59.2212631578947
4	96	66.15625	59.1401041666667
3	97	66.0633333333333	59.0701546391753
2	98	66.1375	59.0642857142857
1	99	65.87	58.9620707070707
0	100	0	58.90865
