num_of_shame_driven_hiding	num_of_Pavlov	average_fitness_of_shame_driven_hiding	average_fitness_of_Pavlov
100	0	80	0
99	1	79.9344444444444	68.845
98	2	79.8781122448979	68.8325
97	3	79.8137628865979	68.9716666666666
96	4	79.7456770833333	69.33
95	5	79.6921052631579	69.076
94	6	79.6260638297872	69.4625
93	7	79.6079032258065	69.5135714285714
92	8	79.5565217391304	69.698125
91	9	79.4726373626374	69.7277777777778
90	10	79.3866666666667	69.8085
89	11	79.3552247191011	69.7790909090909
88	12	79.3494886363636	70.1116666666667
87	13	79.2555172413793	69.9996153846154
86	14	79.2486627906977	70.0132142857142
85	15	79.1677058823529	70.1743333333333
84	16	79.1580357142857	70.2675
83	17	79.0427710843373	70.3970588235294
82	18	79.0349390243903	70.4091666666666
81	19	78.9851851851852	70.4934210526316
80	20	78.9099375	70.60975
79	21	78.8933544303798	70.4657142857143
78	22	78.8255128205128	70.5690909090909
77	23	78.8245454545455	70.890652173913
76	24	78.7380921052631	70.8089583333334
75	25	78.7162666666667	70.8478
74	26	78.6742567567568	71.0621153846154
73	27	78.6076712328767	71.1727777777778
72	28	78.581875	71.1153571428571
71	29	78.5245774647887	71.2093103448276
70	30	78.4795714285714	71.3046666666666
69	31	78.4444927536232	71.28
68	32	78.4434558823529	71.33234375
67	33	78.4199253731343	71.5398484848485
66	34	78.3017424242425	71.6533823529412
65	35	78.324	71.8075714285714
64	36	78.286171875	71.6552777777778
63	37	78.2364285714286	71.7197297297297
62	38	78.2245161290322	71.8867105263158
61	39	78.147131147541	72.1453846153846
60	40	78.1805	71.980875
59	41	78.126186440678	72.039512195122
58	42	78.0097413793103	72.1315476190476
57	43	78.0252631578947	72.0258139534884
56	44	77.96625	72.3595454545455
55	45	77.9359090909091	72.3113333333333
54	46	77.9171296296296	72.5966304347826
53	47	77.87	72.4370212765958
52	48	77.8231730769231	72.4054166666667
51	49	77.7673529411765	72.6778571428571
50	50	77.7667	72.7133
49	51	77.8314285714286	72.5928431372549
48	52	77.74375	72.7507692307692
47	53	77.7017021276596	72.8043396226415
46	54	77.7113043478261	72.7967592592592
45	55	77.6477777777778	72.9535454545455
44	56	77.6159090909091	73.0275892857143
43	57	77.506511627907	73.04
42	58	77.5266666666667	73.1275862068966
41	59	77.5307317073171	73.3972881355932
40	60	77.3905	73.298
39	61	77.3107692307692	73.3800819672131
38	62	77.3919736842106	73.3790322580645
37	63	77.2878378378379	73.4431746031746
36	64	77.3329166666667	73.560625
35	65	77.343	73.4980769230769
34	66	77.2561764705883	73.8803787878788
33	67	77.3151515151515	73.634776119403
32	68	77.27078125	73.8241176470588
31	69	77.2058064516129	73.9399275362318
30	70	77.1351666666667	74.0061428571428
29	71	77.1037931034483	73.8855633802817
28	72	77.1130357142857	74.0722222222222
27	73	76.9564814814815	74.1418493150685
26	74	77.0463461538462	74.1896621621622
25	75	77.0734	74.2585333333333
24	76	77.0664583333333	74.4382894736842
23	77	76.9956521739131	74.4224675324675
22	78	76.8072727272727	74.6160256410256
21	79	76.8819047619048	74.5669620253165
20	80	76.769	74.6239375
19	81	76.8681578947369	74.6501851851852
18	82	76.7227777777778	74.7023780487805
17	83	76.745294117647	74.7833734939759
16	84	76.6871875	74.7611904761905
15	85	76.605	74.8591176470588
14	86	76.6203571428571	74.8468023255814
13	87	76.6573076923077	75.0401149425287
12	88	76.66375	75.0882386363637
11	89	76.5595454545455	75.0729213483146
10	90	76.654	75.151
9	91	76.67	75.2468681318681
8	92	76.41	75.2679347826087
7	93	76.6	75.3883333333333
6	94	76.7041666666667	75.421914893617
5	95	76.529	75.4656315789473
4	96	76.36375	75.5357291666666
3	97	76.4566666666667	75.481030927835
2	98	76.4825	75.5628571428571
1	99	77.59	75.5411616161616
0	100	0	75.78005
