num_of_shame_driven_hiding	num_of_guilt_driven_amending	average_fitness_of_shame_driven_hiding	average_fitness_of_guilt_driven_amending
100	0	80	0
99	1	80.1564141414141	62.705
98	2	80.3191326530612	63.1
97	3	80.4799484536083	63.0233333333333
96	4	80.6514583333333	63.4
95	5	80.7868947368421	63.727
94	6	80.9548936170213	63.875
93	7	81.1077419354839	63.8635714285714
92	8	81.2436413043478	63.985
91	9	81.4082417582418	64.145
90	10	81.5532777777778	64.474
89	11	81.6686516853933	64.5077272727272
88	12	81.8369886363637	64.6183333333334
87	13	82.001724137931	64.9492307692308
86	14	82.1509302325582	65.0628571428572
85	15	82.2526470588235	65.1236666666667
84	16	82.4257142857143	65.2025
83	17	82.5396987951807	65.5170588235294
82	18	82.6598780487805	65.3977777777777
81	19	82.8313580246914	65.6602631578948
80	20	82.9479375	65.9205
79	21	83.0469620253165	66.0080952380952
78	22	83.2163461538462	66.1856818181818
77	23	83.3655194805195	66.2784782608696
76	24	83.4794078947368	66.3677083333333
75	25	83.6082666666667	66.4914
74	26	83.7617567567568	66.7282692307693
73	27	83.8800684931507	66.7468518518519
72	28	84.0099305555555	66.8580357142857
71	29	84.1304225352113	67.0887931034483
70	30	84.2857142857143	67.2671666666666
69	31	84.3857971014493	67.2782258064516
68	32	84.5203676470588	67.53609375
67	33	84.6418656716418	67.6043939393939
66	34	84.7218181818182	67.7788235294118
65	35	84.8750769230769	67.8811428571429
64	36	85.0059375	67.8827777777778
63	37	85.0976984126984	68.1339189189189
62	38	85.2361290322581	68.2123684210526
61	39	85.3736885245902	68.4498717948718
60	40	85.4401666666666	68.494625
59	41	85.5875423728813	68.5274390243902
58	42	85.7227586206896	68.7672619047619
57	43	85.8312280701754	68.9502325581395
56	44	85.9308035714286	69.0630681818182
55	45	86.0816363636364	69.1062222222222
54	46	86.1547222222222	69.3036956521739
53	47	86.2722641509434	69.4021276595745
52	48	86.3643269230769	69.3927083333333
51	49	86.5075490196078	69.6925510204082
50	50	86.6397	69.7843
49	51	86.7332653061224	69.8257843137255
48	52	86.7894791666667	70.0050961538461
47	53	86.9279787234043	70.1115094339623
46	54	87.0552173913044	70.2869444444445
45	55	87.1042222222222	70.4092727272727
44	56	87.2698863636364	70.4010714285714
43	57	87.341511627907	70.619649122807
42	58	87.4459523809524	70.7443965517242
41	59	87.5510975609756	70.8614406779661
40	60	87.652125	70.9300833333333
39	61	87.7473076923077	71.100737704918
38	62	87.9038157894737	71.2602419354839
37	63	87.9918918918919	71.3401587301587
36	64	88.0851388888889	71.4175
35	65	88.1877142857143	71.5715384615385
34	66	88.2563235294118	71.6518939393939
33	67	88.3428787878788	71.8035074626866
32	68	88.464375	71.8691176470588
31	69	88.595	72.008115942029
30	70	88.754	72.1172857142857
29	71	88.7584482758621	72.1518309859155
28	72	88.8794642857143	72.3255555555555
27	73	88.982037037037	72.4798630136986
26	74	89.1013461538461	72.5508783783784
25	75	89.1774	72.672
24	76	89.2339583333333	72.7666447368421
23	77	89.3267391304348	72.8794805194805
22	78	89.4506818181818	72.9786538461538
21	79	89.5873809523809	73.0381012658228
20	80	89.596	73.218625
19	81	89.6889473684211	73.2456790123456
18	82	89.8077777777778	73.4437195121951
17	83	89.9464705882352	73.490421686747
16	84	89.995625	73.6205952380952
15	85	90.0483333333334	73.7516470588235
14	86	90.1775	73.868488372093
13	87	90.2903846153846	73.9687356321839
12	88	90.3325	73.9951136363636
11	89	90.3813636363636	74.1174157303371
10	90	90.56	74.208
9	91	90.6288888888889	74.3591758241758
8	92	90.786875	74.4903260869565
7	93	90.6835714285714	74.5368279569892
6	94	91.0091666666667	74.6796276595745
5	95	90.782	74.7116315789474
4	96	91.05375	74.7877083333333
3	97	91.13	74.9287113402061
2	98	91.0025	75.0710714285714
1	99	91.18	75.1589393939394
0	100	0	75.1948
