num_of_TFT_with_trembling_hand	num_of_guilt_driven_amending	average_fitness_of_TFT_with_trembling_hand	average_fitness_of_guilt_driven_amending
100	0	69.4906	0
99	1	69.5333333333333	68.005
98	2	69.7061734693878	68.0025
97	3	69.6755670103093	68.4033333333333
96	4	69.7201041666667	68.30125
95	5	69.8019473684211	68.433
94	6	69.9621808510638	68.38
93	7	69.9900537634409	68.2207142857143
92	8	70.0735326086957	68.383125
91	9	70.1096703296703	68.4055555555556
90	10	70.2031666666666	68.556
89	11	70.275	68.5336363636363
88	12	70.3401704545454	68.7854166666667
87	13	70.433275862069	68.7323076923077
86	14	70.4973255813954	68.8928571428571
85	15	70.5652352941176	68.7833333333333
84	16	70.6203571428572	68.9009375
83	17	70.7086746987952	68.9826470588236
82	18	70.7796341463414	69.1961111111111
81	19	70.8698765432099	69.2823684210526
80	20	71.0040625	69.38225
79	21	70.9995569620253	69.4190476190476
78	22	71.0298717948718	69.3865909090909
77	23	71.183961038961	69.4982608695652
76	24	71.2503289473684	69.5114583333333
75	25	71.2992	69.5538
74	26	71.4127027027027	69.6136538461538
73	27	71.4309589041096	69.8292592592592
72	28	71.5302083333333	69.8666071428571
71	29	71.6047887323943	69.9586206896552
70	30	71.7292142857143	69.9521666666667
69	31	71.7229710144928	70.0554838709677
68	32	71.7680147058824	70.1746875
67	33	71.8817910447761	70.2959090909091
66	34	71.9903030303031	70.4660294117647
65	35	72.1198461538461	70.4402857142857
64	36	72.08828125	70.5176388888889
63	37	72.1944444444445	70.5455405405405
62	38	72.2900806451613	70.6153947368421
61	39	72.3432786885246	70.6615384615384
60	40	72.458	70.7658750000001
59	41	72.4895762711865	70.8170731707317
58	42	72.5969827586207	70.9486904761905
57	43	72.6236842105263	71.0253488372093
56	44	72.6341964285714	71.0686363636364
55	45	72.7440909090909	71.2043333333333
54	46	72.7897222222222	71.1768478260869
53	47	72.9545283018868	71.2190425531915
52	48	73.0171153846154	71.4086458333333
51	49	73.0489215686274	71.4429591836735
50	50	73.0509	71.4489
49	51	73.1728571428572	71.6413725490196
48	52	73.2332291666667	71.6574038461539
47	53	73.2562765957447	71.7953773584906
46	54	73.4035869565217	71.8748148148148
45	55	73.4407777777778	71.8374545454545
44	56	73.5884090909091	71.999375
43	57	73.6093023255814	72.0221052631579
42	58	73.6859523809524	72.1363793103448
41	59	73.794756097561	72.1800847457628
40	60	73.81175	72.2414166666667
39	61	73.8430769230769	72.3391803278688
38	62	73.9480263157895	72.335564516129
37	63	74.1251351351351	72.4430158730159
36	64	74.2195833333333	72.565546875
35	65	74.1978571428571	72.6413076923077
34	66	74.1045588235294	72.7953787878788
33	67	74.4084848484849	72.7714925373134
32	68	74.39296875	72.8869117647059
31	69	74.4743548387097	72.8843478260869
30	70	74.5345	73.0077142857143
29	71	74.5794827586207	73.1072535211268
28	72	74.7641071428572	73.1136111111111
27	73	74.8809259259259	73.2437671232877
26	74	74.9267307692308	73.2903378378378
25	75	74.8992	73.3776666666666
24	76	75.0335416666667	73.4125657894737
23	77	75.0321739130435	73.4762337662337
22	78	75.2693181818182	73.5664743589743
21	79	75.2985714285714	73.6919620253165
20	80	75.26825	73.777875
19	81	75.3997368421053	73.8004320987654
18	82	75.3558333333333	73.8409756097561
17	83	75.6129411764706	73.9423493975904
16	84	75.6084375	74.0385714285714
15	85	75.5756666666667	74.0973529411765
14	86	75.7092857142857	74.1668604651163
13	87	75.8307692307692	74.2725862068965
12	88	75.8204166666667	74.3265340909091
11	89	75.9609090909091	74.4779775280899
10	90	76.1755	74.4962777777778
9	91	76.1911111111111	74.6490659340659
8	92	75.878125	74.6240760869565
7	93	76.3885714285714	74.7586559139785
6	94	76.1508333333333	74.7981914893617
5	95	76.244	74.8820526315789
4	96	76.49625	74.9445833333334
3	97	76.34	75.0827835051546
2	98	76.5275	75.1545918367347
1	99	77.23	75.1766161616162
0	100	0	75.2485
