num_of_TFT_with_trembling_hand	num_of_shame_driven_hiding	average_fitness_of_TFT_with_trembling_hand	average_fitness_of_shame_driven_hiding
100	0	69.55325	0
99	1	69.4380808080808	80.635
98	2	69.4282142857143	80.85
97	3	69.3936597938144	80.735
96	4	69.3566145833333	80.74625
95	5	69.2897894736842	80.552
94	6	69.2225531914894	80.4891666666667
93	7	69.2434408602151	80.7335714285715
92	8	69.1516847826087	80.5875
91	9	69.1339010989011	80.545
90	10	69.1028888888889	80.4915
89	11	69.0513483146067	80.6854545454545
88	12	68.9148295454545	80.5141666666667
87	13	68.9605747126437	80.4373076923077
86	14	68.8716860465116	80.6082142857143
85	15	68.8759411764706	80.5286666666667
84	16	68.8502380952381	80.4703125
83	17	68.8089156626506	80.4385294117647
82	18	68.7139634146341	80.515
81	19	68.7353703703704	80.4565789473684
80	20	68.6675625	80.47625
79	21	68.691582278481	80.3935714285714
78	22	68.6850641025641	80.4088636363637
77	23	68.6111038961039	80.4178260869565
76	24	68.4736184210526	80.389375
75	25	68.4615333333333	80.3274
74	26	68.435945945946	80.3282692307692
73	27	68.4121917808219	80.4101851851852
72	28	68.364375	80.2726785714286
71	29	68.3238732394366	80.3348275862069
70	30	68.2806428571429	80.2383333333333
69	31	68.2334782608695	80.2961290322581
68	32	68.1655147058824	80.19796875
67	33	68.2124626865672	80.2136363636364
66	34	68.1635606060606	80.2257352941176
65	35	68.1400769230769	80.197
64	36	67.985390625	80.13375
63	37	67.9730952380953	80.1567567567568
62	38	67.9677419354838	80.1903947368421
61	39	67.9418032786885	80.0755128205128
60	40	67.9141666666667	80.182375
59	41	67.7828813559322	80.1147560975609
58	42	67.7962931034483	80.1377380952381
57	43	67.7259649122807	80.1272093023256
56	44	67.706875	80.0782954545454
55	45	67.609	80.0811111111111
54	46	67.6006481481481	80.0161956521739
53	47	67.5535849056604	80.066914893617
52	48	67.55375	80.0405208333333
51	49	67.4787254901961	80.0491836734694
50	50	67.395	80.0377
49	51	67.4102040816327	80.0026470588236
48	52	67.3371875	79.9694230769231
47	53	67.4186170212766	79.9593396226415
46	54	67.2923913043478	79.9607407407408
45	55	67.134	79.926
44	56	67.1128409090909	79.9667857142857
43	57	67.1481395348837	79.9213157894737
42	58	67.0780952380952	79.9016379310345
41	59	67.0981707317073	79.9555084745763
40	60	66.92975	79.9013333333333
39	61	66.9610256410256	79.9200819672131
38	62	66.8476315789474	79.8806451612903
37	63	66.8962162162162	79.9092857142858
36	64	66.7852777777778	79.91703125
35	65	66.7967142857143	79.8913846153847
34	66	66.6588235294118	79.8940909090909
33	67	66.7062121212121	79.8724626865672
32	68	66.59171875	79.8579411764706
31	69	66.6046774193548	79.8286231884058
30	70	66.5521666666667	79.845
29	71	66.4798275862069	79.8545774647887
28	72	66.4564285714286	79.8510416666667
27	73	66.4024074074074	79.8428082191781
26	74	66.3417307692308	79.8352702702703
25	75	66.2364	79.8296
24	76	66.2354166666667	79.8175657894737
23	77	66.2410869565218	79.8354545454545
22	78	66.2059090909091	79.8155128205128
21	79	66.1397619047619	79.8346202531646
20	80	66.211	79.86175
19	81	65.9876315789474	79.8494444444445
18	82	65.9433333333333	79.7967073170732
17	83	65.9755882352941	79.8606024096385
16	84	65.9353125	79.8392857142858
15	85	65.7863333333333	79.8491176470589
14	86	65.8342857142857	79.8362790697675
13	87	65.7880769230769	79.8790804597701
12	88	65.6429166666666	79.8338068181818
11	89	65.6340909090909	79.8702247191011
10	90	65.671	79.8831666666667
9	91	65.6294444444444	79.880989010989
8	92	65.5225	79.8888586956522
7	93	65.3242857142857	79.9160752688172
6	94	65.0858333333334	79.9123936170213
5	95	65.293	79.9245263157895
4	96	65.28875	79.9348958333333
3	97	65.2833333333333	79.9460824742268
2	98	65.3025	79.9597959183673
1	99	65.175	79.9871717171717
0	100	0	80
