num_of_TFT_with_trembling_hand	num_of_shame_driven_denying	average_fitness_of_TFT_with_trembling_hand	average_fitness_of_shame_driven_denying
100	0	69.4595	0
99	1	69.3279292929293	70.79
98	2	69.2386734693877	70.7975
97	3	69.1081443298969	70.3483333333333
96	4	68.9844270833333	70.2825
95	5	68.8231578947368	70.048
94	6	68.8021808510638	70.1833333333333
93	7	68.6602150537635	70.265
92	8	68.4783695652174	70.176875
91	9	68.3996703296704	69.9616666666667
90	10	68.2523888888889	69.617
89	11	68.1456741573034	69.6954545454545
88	12	68.0490909090909	69.6804166666667
87	13	67.9401149425287	69.5142307692308
86	14	67.8141860465116	69.2310714285714
85	15	67.647	69.2073333333333
84	16	67.5674404761905	69.0159375
83	17	67.4335542168675	68.7808823529411
82	18	67.3459146341463	68.8061111111111
81	19	67.1237654320988	68.5281578947369
80	20	67.092875	68.5165
79	21	67.0280379746835	68.4445238095238
78	22	66.8320512820513	68.4013636363636
77	23	66.700064935065	68.2660869565218
76	24	66.6229605263158	67.9791666666667
75	25	66.4738666666667	68.031
74	26	66.3666891891892	67.855
73	27	66.2235616438356	67.6531481481481
72	28	66.09	67.5135714285714
71	29	66.0199295774648	67.5446551724138
70	30	65.8837857142858	67.3946666666666
69	31	65.7164492753623	67.2996774193548
68	32	65.6007352941177	67.1184375
67	33	65.5591044776119	67.0245454545454
66	34	65.4094696969697	66.8747058823529
65	35	65.2686923076923	66.7801428571428
64	36	65.220625	66.6630555555556
63	37	64.9894444444444	66.5195945945946
62	38	64.9671774193548	66.3984210526316
61	39	64.7658196721311	66.3038461538462
60	40	64.7108333333333	66.038875
59	41	64.5255084745763	66.0436585365854
58	42	64.4465517241379	65.8679761904762
57	43	64.3023684210526	65.8108139534884
56	44	64.1075	65.6354545454546
55	45	64.0178181818182	65.6547777777778
54	46	63.9438888888889	65.4934782608695
53	47	63.876320754717	65.3532978723404
52	48	63.7604807692308	65.1414583333333
51	49	63.5621568627451	65.1238775510204
50	50	63.4346	64.9031
49	51	63.4360204081633	64.8566666666667
48	52	63.2133333333334	64.75625
47	53	63.1965957446808	64.6017924528302
46	54	62.9769565217391	64.5251851851852
45	55	62.841	64.3899090909091
44	56	62.7597727272727	64.2361607142857
43	57	62.7244186046511	64.1331578947368
42	58	62.5983333333333	64.0396551724138
41	59	62.4387804878049	63.9581355932203
40	60	62.270125	63.6664166666667
39	61	62.2662820512821	63.6372950819672
38	62	62.0905263157894	63.4868548387097
37	63	61.9072972972973	63.4609523809524
36	64	61.66	63.190546875
35	65	61.6508571428572	63.081
34	66	61.4475	63.0987121212121
33	67	61.4580303030303	62.8220895522388
32	68	61.23578125	62.7838970588235
31	69	61.1816129032258	62.6802898550725
30	70	61.0861666666667	62.6331428571429
29	71	60.9539655172414	62.455985915493
28	72	60.8507142857143	62.277638888889
27	73	60.6568518518519	62.2191095890411
26	74	60.5092307692308	62.0288513513513
25	75	60.45	61.8945333333334
24	76	60.4075	61.8179605263158
23	77	60.2458695652174	61.6645454545455
22	78	60.1786363636364	61.5848717948718
21	79	59.7821428571428	61.4855063291139
20	80	59.899	61.3826875
19	81	59.68	61.2196913580247
18	82	59.705	61.1378048780488
17	83	59.6002941176471	60.935421686747
16	84	59.3859375	60.8182142857143
15	85	59.1256666666667	60.6826470588235
14	86	59.1321428571429	60.6600581395349
13	87	59.1953846153846	60.5302298850575
12	88	59.0625	60.3330113636364
11	89	58.9640909090909	60.2076966292135
10	90	58.8525	60.2066666666667
9	91	58.565	60.0273626373626
8	92	58.47375	59.8772282608696
7	93	58.1635714285714	59.8008602150538
6	94	58.0008333333333	59.7043617021276
5	95	57.891	59.5802631578947
4	96	57.99125	59.4306770833333
3	97	57.7066666666667	59.3501030927835
2	98	57.445	59.1568367346939
1	99	57.725	59.0480808080808
0	100	0	58.92115
