num_of_tit_for_tat	num_of_shame_driven_denying	average_fitness_of_tit_for_tat	average_fitness_of_shame_driven_denying
100	0	100	0
99	1	99.4923232323232	98.515
98	2	98.9692346938776	98.485
97	3	98.4542268041237	97.8433333333333
96	4	97.9566145833333	97.7025
95	5	97.449947368421	97.016
94	6	96.9225	97.0091666666667
93	7	96.410752688172	96.3935714285714
92	8	95.9257065217391	95.86
91	9	95.381978021978	95.5105555555556
90	10	94.8771666666667	95.4409999999999
89	11	94.3215730337079	94.6563636363636
88	12	93.8734659090909	94.4391666666666
87	13	93.3583333333333	93.9407692307692
86	14	92.8746511627907	93.6264285714286
85	15	92.3001764705882	92.9933333333333
84	16	91.7794642857143	92.6803125
83	17	91.3528915662651	92.2685294117647
82	18	90.8970121951219	91.7702777777778
81	19	90.269012345679	91.4881578947368
80	20	89.7585625	91.2675
79	21	89.2267088607595	90.7747619047619
78	22	88.6975641025641	90.4547727272727
77	23	88.1403246753247	90.1284782608695
76	24	87.6395394736842	89.4370833333333
75	25	87.2673333333333	89.1236
74	26	86.6246621621621	88.6826923076924
73	27	86.0985616438356	88.3496296296296
72	28	85.6733333333333	87.9446428571428
71	29	85.0885915492958	87.4801724137931
70	30	84.7305	87.1671666666667
69	31	84.0752898550725	86.7117741935484
68	32	83.6508823529412	86.21890625
67	33	83.01	85.9690909090909
66	34	82.5765909090909	85.36
65	35	82.1377692307692	85.232
64	36	81.544375	84.7468055555555
63	37	81.0657142857143	84.4172972972973
62	38	80.393064516129	83.8951315789473
61	39	80.0239344262295	83.4676923076923
60	40	79.5056666666667	83.0885
59	41	78.9688983050848	82.6225609756098
58	42	78.5237931034483	82.3340476190476
57	43	78.0397368421053	81.8552325581396
56	44	77.541875	81.4214772727273
55	45	76.9721818181818	81.1825555555556
54	46	76.3959259259259	80.6233695652174
53	47	75.8572641509434	80.1701063829787
52	48	75.4627884615384	79.9615625
51	49	74.960294117647	79.5460204081633
50	50	74.3499	79.0236
49	51	73.8091836734694	78.6943137254902
48	52	73.2339583333333	78.4119230769231
47	53	72.959255319149	77.9153773584906
46	54	72.1904347826087	77.4592592592592
45	55	71.7724444444444	77.0179090909091
44	56	71.3228409090909	76.579375
43	57	70.7196511627907	76.348947368421
42	58	70.2063095238096	75.7858620689655
41	59	69.7682926829268	75.4995762711864
40	60	69.17425	74.9968333333333
39	61	68.670641025641	74.7094262295082
38	62	68.1193421052632	74.2462096774194
37	63	67.5771621621622	73.9004761904762
36	64	67.1958333333333	73.40578125
35	65	66.6167142857143	73.0326153846154
34	66	66.0819117647059	72.7952272727273
33	67	65.674696969697	72.3672388059702
32	68	65.1525	71.7586029411765
31	69	64.7516129032258	71.3661594202898
30	70	64.1285	71.0741428571429
29	71	63.4393103448276	70.6107746478873
28	72	63.0710714285714	70.1434722222222
27	73	62.5955555555556	69.8049315068493
26	74	62.1615384615385	69.4193918918919
25	75	61.5196	68.9678
24	76	61.1358333333334	68.6576973684211
23	77	60.6795652173913	68.1774025974026
22	78	60.0125	67.7848076923077
21	79	59.667380952381	67.2972784810126
20	80	59.096	66.963125
19	81	58.4452631578947	66.5832716049383
18	82	57.9633333333333	66.1414024390244
17	83	57.3408823529412	65.7662048192771
16	84	56.935625	65.3510714285714
15	85	56.5136666666667	64.9820588235294
14	86	55.9264285714286	64.5478488372093
13	87	55.4042307692308	64.2293103448276
12	88	54.9683333333333	63.8246590909091
11	89	54.5495454545455	63.3979213483146
10	90	53.4895	63.0172777777778
9	91	53.2394444444444	62.595934065934
8	92	52.8825	62.1927717391304
7	93	52.4321428571429	61.7354301075269
6	94	51.9133333333333	61.335744680851
5	95	51.072	60.9291052631579
4	96	51.01625	60.5514583333333
3	97	50.39	60.1659278350516
2	98	50.0325	59.6580102040816
1	99	49.25	59.3722727272728
0	100	0	58.95735
