num_of_tit_for_tat	num_of_Pavlov	average_fitness_of_tit_for_tat	average_fitness_of_Pavlov
100	0	100	0
99	1	99.5986868686869	93.16
98	2	99.1859183673469	93.615
97	3	98.7639175257732	93.045
96	4	98.3710416666666	92.96125
95	5	97.9229473684211	92.469
94	6	97.5528191489362	92.3608333333333
93	7	97.1622043010753	92.0535714285714
92	8	96.6772826086957	92.019375
91	9	96.2718131868132	91.9
90	10	95.8832777777778	91.826
89	11	95.4966853932584	91.5522727272728
88	12	95.050625	91.6220833333333
87	13	94.6535057471264	91.1873076923077
86	14	94.2186627906977	90.8210714285714
85	15	93.815	90.8876666666666
84	16	93.3511904761905	90.663125
83	17	92.9928915662651	90.5288235294118
82	18	92.5668902439025	90.3094444444444
81	19	92.1338271604938	90.1281578947368
80	20	91.81625	89.8345
79	21	91.3337341772152	89.8597619047619
78	22	90.9308974358974	89.7220454545455
77	23	90.4975974025974	89.5397826086956
76	24	90.1257236842106	89.2697916666667
75	25	89.6661333333333	89.0144
74	26	89.2983108108108	88.7848076923077
73	27	88.8671232876712	88.7453703703704
72	28	88.4922916666666	88.3978571428572
71	29	88.0381690140845	88.1981034482758
70	30	87.6465	88.2961666666667
69	31	87.265	87.7737096774193
68	32	86.856544117647	87.87546875
67	33	86.385223880597	87.6784848484849
66	34	86.0098484848485	87.5198529411764
65	35	85.5384615384615	87.1805714285715
64	36	85.172890625	87.1969444444445
63	37	84.8461904761905	86.803918918919
62	38	84.3450806451613	86.8223684210527
61	39	83.9288524590164	86.6091025641026
60	40	83.4474166666667	86.35225
59	41	83.1712711864407	86.2109756097561
58	42	82.7296551724138	86.0783333333334
57	43	82.3636842105263	85.8859302325582
56	44	81.8428571428572	85.5867045454545
55	45	81.5271818181818	85.3834444444445
54	46	80.975462962963	85.1621739130435
53	47	80.703962264151	85.1579787234043
52	48	80.2475961538461	84.9880208333333
51	49	79.881862745098	84.8685714285715
50	50	79.473	84.7378
49	51	78.9926530612245	84.4676470588235
48	52	78.5334375	84.22375
47	53	78.2329787234043	84.0790566037736
46	54	77.7567391304348	83.9654629629629
45	55	77.4288888888889	83.6518181818182
44	56	76.9767045454546	83.5275
43	57	76.5177906976744	83.3923684210527
42	58	76.1639285714286	83.118275862069
41	59	75.6776829268293	83.0250847457627
40	60	75.338	82.9256666666667
39	61	74.8157692307692	82.53
38	62	74.5713157894737	82.469435483871
37	63	73.9495945945946	82.2915873015873
36	64	73.7045833333334	82.150859375
35	65	73.2795714285714	81.754
34	66	72.7602941176471	81.7650757575757
33	67	72.4028787878788	81.4948507462687
32	68	71.8575	81.5268382352941
31	69	71.5698387096774	81.1271739130434
30	70	71.1391666666667	80.9908571428572
29	71	70.8293103448276	80.8127464788732
28	72	70.2942857142857	80.8352777777778
27	73	69.9348148148148	80.4734931506849
26	74	69.5546153846154	80.3647297297297
25	75	69.1456	80.2085333333333
24	76	68.6808333333333	79.8978947368421
23	77	68.3739130434783	79.8787012987013
22	78	67.7756818181818	79.7560256410256
21	79	67.437380952381	79.5009493670886
20	80	67.02725	79.331625
19	81	66.6163157894737	79.089012345679
18	82	66.375	78.8955487804878
17	83	65.9629411764706	78.8410843373494
16	84	65.3284375	78.5173214285714
15	85	65.052	78.3028823529412
14	86	64.7996428571428	78.225465116279
13	87	64.1880769230769	78.139367816092
12	88	63.7225	77.9873863636364
11	89	63.4077272727273	77.556404494382
10	90	62.8885	77.4430555555556
9	91	62.4788888888889	77.3229120879121
8	92	62.033125	77.1338043478261
7	93	61.7364285714286	77.0306989247311
6	94	61.295	76.8225531914894
5	95	60.693	76.6246315789474
4	96	60.4925	76.24875
3	97	59.8883333333333	76.2952577319587
2	98	59.4525	76.0705102040816
1	99	59.445	75.9489898989899
0	100	0	75.735
