num_of_generous_TFT	num_of_TFT_with_trembling_hand	average_fitness_of_generous_TFT	average_fitness_of_TFT_with_trembling_hand
100	0	50	0
99	1	49.9151515151515	54.3075
98	2	49.8304846938775	54.0725
97	3	49.7482989690722	54.0891666666667
96	4	49.6619270833334	53.903125
95	5	49.5777631578948	53.9155
94	6	49.4966489361702	53.7458333333333
93	7	49.4066397849463	53.6564285714286
92	8	49.3255706521739	53.610625
91	9	49.2368681318681	53.4286111111111
90	10	49.1406666666667	53.391
89	11	49.0847752808989	53.3015909090909
88	12	48.9899431818182	53.208125
87	13	48.891091954023	53.1426923076923
86	14	48.8114244186046	53.0094642857143
85	15	48.7150882352941	52.97
84	16	48.6359226190476	52.860625
83	17	48.5560542168675	52.7922058823529
82	18	48.457743902439	52.7272222222222
81	19	48.3825925925926	52.5976315789474
80	20	48.3050625	52.46675
79	21	48.2421835443038	52.3897619047619
78	22	48.12625	52.2132954545454
77	23	48.0546428571429	52.1692391304348
76	24	47.9845394736842	52.1666666666667
75	25	47.8834666666667	51.9664
74	26	47.8130405405405	51.9364423076923
73	27	47.7145547945205	51.8267592592593
72	28	47.6387847222222	51.7622321428571
71	29	47.5483802816901	51.6752586206896
70	30	47.4528928571429	51.6104166666666
69	31	47.3506884057971	51.519435483871
68	32	47.2627205882353	51.3859375
67	33	47.1865671641791	51.3678787878788
66	34	47.1105681818182	51.2414705882353
65	35	47.0289615384615	51.2039285714286
64	36	46.9744140625	51.0658333333333
63	37	46.8767857142857	50.9816891891892
62	38	46.7707258064516	50.8575657894737
61	39	46.6745081967213	50.7652564102564
60	40	46.6299166666667	50.6563125
59	41	46.5291949152542	50.6716463414634
58	42	46.4321982758621	50.5041666666667
57	43	46.3604385964912	50.4263372093023
56	44	46.2928571428571	50.3669886363636
55	45	46.1429545454546	50.2273333333333
54	46	46.0714351851852	50.1565217391304
53	47	46.0031603773585	50.0904787234042
52	48	45.9171634615385	49.9816145833333
51	49	45.8627450980392	49.936275510204
50	50	45.72635	49.80795
49	51	45.6478571428571	49.7012254901961
48	52	45.57828125	49.5962980769231
47	53	45.5334574468085	49.6016509433962
46	54	45.4090760869565	49.4806481481482
45	55	45.3193333333333	49.3826363636364
44	56	45.2144318181818	49.2647321428571
43	57	45.1362790697674	49.1949561403509
42	58	45.1292857142857	49.1226293103448
41	59	44.9920731707317	49.0298305084746
40	60	44.91175	48.9342083333333
39	61	44.8450641025641	48.8224180327869
38	62	44.7436184210526	48.75625
37	63	44.6870945945946	48.6455555555555
36	64	44.5629166666667	48.5627734375
35	65	44.4525714285714	48.4856153846154
34	66	44.3395588235294	48.365946969697
33	67	44.3288636363636	48.3072388059701
32	68	44.2184375	48.2173529411765
31	69	44.1451612903226	48.133152173913
30	70	44.05525	48.0591071428571
29	71	43.984224137931	47.9077112676056
28	72	43.9159821428571	47.8661458333333
27	73	43.812037037037	47.7619863013699
26	74	43.6875	47.6911148648649
25	75	43.6081	47.6289333333333
24	76	43.5546875	47.4661513157895
23	77	43.4854347826087	47.4536688311688
22	78	43.3510227272727	47.3023717948718
21	79	43.307619047619	47.2246202531646
20	80	43.248	47.11059375
19	81	43.1223684210526	47.0560185185185
18	82	43.0376388888889	46.9739634146342
17	83	42.9938235294118	46.8617168674699
16	84	42.93234375	46.8204166666667
15	85	42.7908333333334	46.6707941176471
14	86	42.7182142857143	46.6226453488372
13	87	42.5732692307692	46.5201724137931
12	88	42.4989583333333	46.4489488636364
11	89	42.4865909090909	46.3440168539326
10	90	42.40325	46.2098888888889
9	91	42.3086111111111	46.1624175824176
8	92	42.253125	46.0838043478261
7	93	42.1385714285714	45.9807258064516
6	94	42.06625	45.9035372340426
5	95	41.9825	45.8078947368421
4	96	41.845	45.6938541666666
3	97	41.6416666666667	45.6147422680412
2	98	41.7875	45.5538775510204
1	99	41.6775	45.4345202020202
0	100	0	45.3428
