num_of_generous_TFT	num_of_guilt_driven_amending	average_fitness_of_generous_TFT	average_fitness_of_guilt_driven_amending
100	0	50	0
99	1	49.9350757575757	53.205
98	2	49.8631377551021	53.10875
97	3	49.7977835051547	53.0733333333333
96	4	49.734140625	52.918125
95	5	49.6638947368421	52.9325
94	6	49.6077393617021	52.8595833333333
93	7	49.5213709677419	52.7792857142857
92	8	49.4627717391304	52.71875
91	9	49.3940659340659	52.6377777777778
90	10	49.3313888888889	52.593
89	11	49.2625561797753	52.4181818181818
88	12	49.1968465909091	52.4139583333333
87	13	49.1252298850575	52.4003846153846
86	14	49.0524127906977	52.2296428571429
85	15	48.9974411764706	52.171
84	16	48.9439583333333	52.05796875
83	17	48.8736144578313	52.0382352941177
82	18	48.7963109756098	51.9629166666667
81	19	48.7494135802469	51.9068421052631
80	20	48.68378125	51.837625
79	21	48.5984810126582	51.7615476190476
78	22	48.5235897435898	51.6961363636364
77	23	48.4715584415584	51.6281521739131
76	24	48.4092763157895	51.5905208333333
75	25	48.3337333333333	51.4632
74	26	48.2743581081081	51.4193269230769
73	27	48.1851369863014	51.3578703703703
72	28	48.1115972222222	51.3274107142857
71	29	48.0691901408451	51.2306034482759
70	30	48.0084285714286	51.0664166666667
69	31	47.9242028985507	51.0241935483871
68	32	47.8877573529412	50.985234375
67	33	47.7943656716418	50.945303030303
66	34	47.7215151515152	50.8350735294118
65	35	47.6510769230769	50.8055714285715
64	36	47.581484375	50.7445138888889
63	37	47.5289682539683	50.6624324324324
62	38	47.4595564516129	50.6082236842105
61	39	47.4036885245902	50.5462820512821
60	40	47.3033333333333	50.4378125
59	41	47.2669915254237	50.3968902439024
58	42	47.2134482758621	50.3020238095238
57	43	47.1225877192983	50.220988372093
56	44	47.0308035714285	50.1332954545454
55	45	47.0043181818182	50.1722777777778
54	46	46.8974537037037	49.9765217391304
53	47	46.8372169811321	49.9813829787234
52	48	46.8088942307692	49.94703125
51	49	46.7467647058824	49.8760714285714
50	50	46.6249	49.7849
49	51	46.5857653061225	49.6730882352941
48	52	46.5202083333333	49.6364903846154
47	53	46.4597872340425	49.6162735849057
46	54	46.3445108695652	49.4780555555555
45	55	46.3503333333333	49.4241818181818
44	56	46.2426136363636	49.3576785714286
43	57	46.1910465116279	49.2781578947369
42	58	46.1140476190476	49.2105603448276
41	59	46.0740243902439	49.1408898305085
40	60	45.97925	49.0759583333333
39	61	45.9430128205128	49.0072950819672
38	62	45.8582894736842	48.9154032258065
37	63	45.8246621621622	48.8838095238095
36	64	45.7170833333333	48.844140625
35	65	45.6355714285714	48.7733076923077
34	66	45.5898529411765	48.6456439393939
33	67	45.5512121212121	48.6345149253731
32	68	45.439765625	48.5549632352941
31	69	45.4089516129032	48.4332971014493
30	70	45.3515	48.4100357142857
29	71	45.2777586206897	48.3111267605634
28	72	45.1734821428571	48.2409027777778
27	73	45.1312037037037	48.1841095890411
26	74	45.0335576923077	48.1350337837838
25	75	44.9977	48.0132
24	76	44.9471875	47.9996710526316
23	77	44.8820652173913	47.9322077922078
22	78	44.7810227272727	47.8522435897436
21	79	44.6696428571429	47.7652848101266
20	80	44.66	47.7341875
19	81	44.6328947368421	47.6702160493827
18	82	44.5043055555556	47.5740853658537
17	83	44.4482352941176	47.5281024096385
16	84	44.37796875	47.4292559523809
15	85	44.3173333333334	47.3417647058824
14	86	44.1825	47.2886046511628
13	87	44.1465384615384	47.2027586206896
12	88	44.1397916666667	47.1451704545455
11	89	44.0754545454545	47.0798595505618
10	90	43.96025	46.9828888888889
9	91	43.8391666666666	46.9378571428571
8	92	43.878125	46.8903532608696
7	93	43.8335714285714	46.7790053763441
6	94	43.6995833333333	46.757420212766
5	95	43.615	46.6694210526316
4	96	43.60875	46.587265625
3	97	43.5033333333333	46.4808762886598
2	98	43.44375	46.4339540816327
1	99	43.34	46.3948232323232
0	100	0	46.344025
