num_of_generous_TFT	num_of_shame_driven_hiding	average_fitness_of_generous_TFT	average_fitness_of_shame_driven_hiding
100	0	50	0
99	1	49.9013131313131	57.5
98	2	49.8032653061224	57.435
97	3	49.7061855670103	57.32
96	4	49.6130208333334	57.1825
95	5	49.5183157894737	57.1520000000001
94	6	49.4148936170213	57.0216666666667
93	7	49.3152688172043	56.8842857142857
92	8	49.2186956521739	56.8225
91	9	49.1245054945055	56.7266666666667
90	10	49.0368888888889	56.649
89	11	48.9252808988764	56.5363636363636
88	12	48.8518181818182	56.4025
87	13	48.7350574712644	56.33
86	14	48.6329069767442	56.2828571428572
85	15	48.5638823529412	56.1153333333333
84	16	48.4271428571428	56.0075
83	17	48.3509638554217	55.9711764705882
82	18	48.2412195121951	55.8077777777778
81	19	48.1558024691358	55.7136842105263
80	20	48.05325	55.621
79	21	47.9525316455696	55.5847619047619
78	22	47.8815384615385	55.4940909090909
77	23	47.7481818181818	55.3504347826087
76	24	47.6581578947368	55.2233333333333
75	25	47.5581333333333	55.1796
74	26	47.4647297297298	55.0776923076923
73	27	47.3590410958904	54.9522222222222
72	28	47.26	54.8621428571428
71	29	47.1618309859155	54.7748275862069
70	30	47.0721428571429	54.6516666666667
69	31	46.9639130434783	54.6087096774194
68	32	46.8802941176471	54.488125
67	33	46.765223880597	54.4054545454546
66	34	46.6739393939394	54.2917647058824
65	35	46.5713846153846	54.1882857142857
64	36	46.46546875	54.0602777777778
63	37	46.3798412698413	53.9456756756757
62	38	46.3024193548387	53.8931578947368
61	39	46.1365573770492	53.75
60	40	46.1083333333333	53.69575
59	41	45.9581355932203	53.5360975609756
58	42	45.8906896551724	53.4919047619048
57	43	45.790350877193	53.3339534883721
56	44	45.6608928571429	53.2920454545455
55	45	45.5721818181818	53.1502222222222
54	46	45.4579629629629	53.0417391304348
53	47	45.3439622641509	52.9321276595745
52	48	45.3057692307692	52.8852083333334
51	49	45.1694117647059	52.7797959183673
50	50	45.0794	52.6758
49	51	44.9416326530612	52.5837254901961
48	52	44.8758333333333	52.4567307692308
47	53	44.7548936170213	52.3320754716981
46	54	44.6310869565217	52.2475925925926
45	55	44.5491111111111	52.1894545454546
44	56	44.4865909090909	52.0253571428571
43	57	44.3588372093023	51.9512280701755
42	58	44.2554761904762	51.8422413793103
41	59	44.1029268292683	51.7747457627118
40	60	44.07325	51.658
39	61	43.9325641025641	51.5503278688525
38	62	43.8410526315789	51.4370967741935
37	63	43.7418918918919	51.3401587301587
36	64	43.6411111111111	51.2328125
35	65	43.5325714285714	51.176
34	66	43.4602941176471	51.0516666666666
33	67	43.3533333333333	50.940447761194
32	68	43.2296875	50.8219117647059
31	69	43.1441935483871	50.7168115942029
30	70	43.0266666666667	50.6085714285714
29	71	42.93	50.5364788732394
28	72	42.7767857142857	50.3975
27	73	42.7085185185185	50.3054794520548
26	74	42.6169230769231	50.217972972973
25	75	42.5084	50.1322666666667
24	76	42.4329166666667	50.0053947368421
23	77	42.3191304347826	49.8835064935065
22	78	42.1804545454546	49.8174358974359
21	79	42.1333333333333	49.7227848101266
20	80	42.007	49.590875
19	81	41.8863157894737	49.497037037037
18	82	41.7661111111111	49.3819512195122
17	83	41.6729411764706	49.3034939759036
16	84	41.575	49.1686904761905
15	85	41.444	49.0750588235294
14	86	41.3742857142857	48.9823255813954
13	87	41.2576923076923	48.8625287356322
12	88	41.1633333333333	48.7457954545455
11	89	41.0763636363636	48.6560674157303
10	90	40.96	48.5441111111111
9	91	40.8422222222222	48.4464835164835
8	92	40.74875	48.3411956521739
7	93	40.6485714285714	48.2367741935484
6	94	40.5066666666667	48.1348936170213
5	95	40.474	48.0253684210526
4	96	40.3375	47.9133333333333
3	97	40.1833333333334	47.8150515463918
2	98	40.075	47.7065306122449
1	99	40	47.6079797979798
0	100	0	47.5
