num_of_generous_TFT	num_of_shame_driven_denying	average_fitness_of_generous_TFT	average_fitness_of_shame_driven_denying
100	0	50	0
99	1	49.8588888888889	57.055
98	2	49.7183673469388	57.0225
97	3	49.5752577319588	56.9183333333334
96	4	49.4417708333334	56.809375
95	5	49.2802894736842	56.616
94	6	49.1545478723404	56.54875
93	7	49.028064516129	56.3542857142857
92	8	48.8766847826087	56.195
91	9	48.7407692307692	55.9788888888889
90	10	48.6150555555556	55.90475
89	11	48.4776123595505	55.6893181818182
88	12	48.3246306818182	55.71125
87	13	48.2018678160919	55.4398076923077
86	14	48.0463953488372	55.3310714285714
85	15	47.9134117647059	55.2138333333333
84	16	47.7697023809524	55.12234375
83	17	47.6547590361446	54.907794117647
82	18	47.5067073170732	54.7590277777778
81	19	47.3463271604938	54.6548684210526
80	20	47.228125	54.3805
79	21	47.0908544303798	54.3315476190476
78	22	46.9576602564103	54.2889772727273
77	23	46.8109090909091	54.0296739130435
76	24	46.6944736842105	53.9473958333333
75	25	46.4943	53.8359
74	26	46.3652027027027	53.6426923076923
73	27	46.2192808219178	53.5332407407408
72	28	46.0725	53.3261607142857
71	29	45.9309154929578	53.2831896551724
70	30	45.8497857142857	53.0666666666667
69	31	45.6855072463768	52.9804032258065
68	32	45.5134558823529	52.771328125
67	33	45.3615671641791	52.6481060606061
66	34	45.2357954545455	52.4066911764706
65	35	45.1016538461538	52.3533571428571
64	36	44.973984375	52.2370833333333
63	37	44.8303968253968	52.0399324324324
62	38	44.6750403225806	51.9547368421053
61	39	44.5606967213115	51.7752564102564
60	40	44.454125	51.664125
59	41	44.296906779661	51.5965243902439
58	42	44.1483620689655	51.423869047619
57	43	44.0404385964912	51.252034883721
56	44	43.8444196428571	51.0408522727272
55	45	43.7062272727273	50.9797777777778
54	46	43.5783333333333	50.7759239130435
53	47	43.4358490566038	50.6809042553191
52	48	43.2805769230769	50.53375
51	49	43.1248039215686	50.425612244898
50	50	43.02705	50.2046
49	51	42.8244387755102	50.1070588235294
48	52	42.7189583333334	49.9799038461538
47	53	42.6174468085106	49.8055188679245
46	54	42.49875	49.6900462962963
45	55	42.2911111111111	49.604
44	56	42.1855681818182	49.4087053571428
43	57	41.9854069767442	49.3173684210527
42	58	41.928630952381	49.0716379310345
41	59	41.7918902439025	48.9923305084746
40	60	41.635625	48.845125
39	61	41.5130128205128	48.7171721311475
38	62	41.3605263157895	48.5749596774194
37	63	41.1987162162162	48.4635714285714
36	64	41.0785416666667	48.2726953125
35	65	40.9062857142857	48.1358076923077
34	66	40.8790441176471	48.0230303030303
33	67	40.6105303030303	47.8549626865671
32	68	40.54828125	47.7418382352941
31	69	40.4239516129032	47.6194927536232
30	70	40.1928333333333	47.4473928571428
29	71	40.0263793103448	47.3237323943662
28	72	39.9547321428572	47.1559027777778
27	73	39.807962962963	47.0347602739726
26	74	39.6334615384615	46.8428040540541
25	75	39.5455	46.7601
24	76	39.4315625	46.6127302631579
23	77	39.1979347826087	46.4295779220779
22	78	39.1145454545455	46.3232371794872
21	79	38.9888095238095	46.1722151898734
20	80	38.761375	46.01740625
19	81	38.6872368421052	45.8381790123457
18	82	38.5391666666667	45.7539329268293
17	83	38.4607352941176	45.627891566265
16	84	38.31828125	45.4696726190476
15	85	38.126	45.3552352941177
14	86	37.9694642857143	45.2253488372093
13	87	37.8482692307692	45.0570977011494
12	88	37.6558333333333	44.9103693181818
11	89	37.5334090909091	44.7744662921348
10	90	37.36325	44.6493611111111
9	91	37.2602777777778	44.4610714285714
8	92	37.06875	44.3750543478261
7	93	36.8735714285714	44.2143010752688
6	94	36.8695833333333	44.0689095744681
5	95	36.9045	43.9076842105263
4	96	36.618125	43.7782291666667
3	97	36.47	43.6400515463917
2	98	36.1625	43.5045153061225
1	99	36.2975	43.3517676767677
0	100	0	43.22775
