num_of_generous_TFT	num_of_guilt_driven_amending	average_fitness_of_generous_TFT	average_fitness_of_guilt_driven_amending
50	0	50	0
49	1	49.5804081632653	56.74
48	2	49.16015625	56.6325
47	3	48.7565957446808	55.975
46	4	48.3139130434783	55.71875
45	5	47.9341111111111	55.3115
44	6	47.5015340909091	54.9283333333333
43	7	47.0774418604651	54.5525
42	8	46.66625	54.1465625
41	9	46.2532926829268	53.6605555555556
40	10	45.8514375	53.044
39	11	45.4304487179487	52.9156818181818
38	12	44.9980921052632	52.5777083333333
37	13	44.5631756756757	52.0096153846154
36	14	44.1981944444444	51.69
35	15	43.6533571428571	51.2546666666667
34	16	43.3374264705882	50.6953125
33	17	42.8995454545455	50.669705882353
32	18	42.45171875	50.0733333333333
31	19	42.1053225806452	49.6351315789474
30	20	41.6395	49.1385
29	21	41.3128448275862	48.7489285714286
28	22	40.7972321428571	48.485
27	23	40.365	47.9260869565217
26	24	39.9547115384615	47.5877083333333
25	25	39.6234	47.2539
24	26	39.1571875	46.7686538461539
23	27	38.713152173913	46.4860185185185
22	28	38.2670454545454	45.935625
21	29	37.8795238095238	45.583275862069
20	30	37.52925	45.0888333333333
19	31	37.0930263157895	44.7822580645161
18	32	36.6441666666667	44.240703125
17	33	36.1925	44.0143939393939
16	34	35.73140625	43.5507352941177
15	35	35.3686666666667	43.2127857142857
14	36	34.9808928571429	42.7806944444444
13	37	34.6438461538462	42.3581756756757
12	38	34.0879166666667	41.8776315789474
11	39	33.6915909090909	41.5038461538462
10	40	33.23825	41.1110625
9	41	32.9147222222222	40.7367682926829
8	42	32.5003125	40.2970833333333
7	43	31.945	39.8948255813953
6	44	31.59625	39.465625
5	45	31.185	39.0522777777778
4	46	30.564375	38.6022282608696
3	47	30.3341666666667	38.3185106382979
2	48	29.79	37.76484375
1	49	29.5175	37.3529591836735
0	50	0	37.01675
