num_of_generous_TFT	num_of_Pavlov	average_fitness_of_generous_TFT	average_fitness_of_Pavlov
50	0	50	0
49	1	49.1962244897959	71.9975
48	2	48.3973958333333	70.72125
47	3	47.5869680851064	70.0258333333333
46	4	46.8304891304348	69.65875
45	5	46.0222222222222	68.643
44	6	45.2540340909091	68.0566666666667
43	7	44.4011046511628	67.4289285714286
42	8	43.6591666666666	66.745
41	9	42.789756097561	65.8733333333333
40	10	41.9734375	65.426
39	11	41.2399358974359	64.6640909090909
38	12	40.342302631579	63.72875
37	13	39.6606756756757	63.3925
36	14	38.9464583333333	62.4385714285714
35	15	38.0497142857143	62.2636666666667
34	16	37.220955882353	61.55859375
33	17	36.3624242424242	60.6139705882353
32	18	35.74015625	60.4056944444445
31	19	34.9378225806452	59.4792105263158
30	20	34.0095	58.745
29	21	33.1843965517241	58.1971428571429
28	22	32.3946428571429	57.8105681818182
27	23	31.7468518518519	57.0984782608695
26	24	30.9676923076923	56.2463541666667
25	25	30.1976	55.5647
24	26	29.3595833333333	54.9641346153846
23	27	28.5551086956522	54.2442592592593
22	28	27.5688636363636	53.5373214285714
21	29	26.8838095238095	52.880775862069
20	30	26.07325	52.4103333333333
19	31	25.0921052631579	51.8081451612903
18	32	24.5605555555556	51.031328125
17	33	23.5914705882353	50.3887121212121
16	34	22.75328125	49.5852205882353
15	35	22.0745	48.9997142857143
14	36	21.42125	48.5026388888889
13	37	20.5663461538462	47.8289864864865
12	38	19.7772916666667	47.1178947368421
11	39	18.8693181818182	46.2263461538462
10	40	18.01825	45.731125
9	41	17.3280555555556	45.2462804878049
8	42	16.5253125	44.4851785714286
7	43	15.7217857142857	43.9138953488372
6	44	15.1345833333333	43.1688636363636
5	45	14.141	42.5572222222222
4	46	13.16125	41.9678260869565
3	47	12.3775	41.2693085106383
2	48	11.51125	40.5199479166667
1	49	10.275	40.0270918367347
0	50	0	39.2691
