num_of_generous_TFT	num_of_shame_driven_hiding	average_fitness_of_generous_TFT	average_fitness_of_shame_driven_hiding
50	0	50	0
49	1	49.440612244898	80
48	2	48.8766666666667	79.4
47	3	48.298085106383	78.7766666666667
46	4	47.7060869565218	78.1875
45	5	47.1326666666667	77.682
44	6	46.5684090909091	77
43	7	45.9758139534884	76.4514285714286
42	8	45.3680952380952	75.8275
41	9	44.7721951219512	75.2811111111111
40	10	44.186	74.482
39	11	43.5253846153846	73.9927272727273
38	12	42.921052631579	73.2764583333333
37	13	42.3064864864865	72.7205769230769
36	14	41.6477777777778	72.0789285714286
35	15	41.012	71.4673333333333
34	16	40.3097058823529	70.85546875
33	17	39.6857575757576	70.1205882352941
32	18	38.993125	69.3976388888889
31	19	38.3367741935484	68.6386842105263
30	20	37.7563333333333	67.90275
29	21	36.9958620689655	67.13
28	22	36.2228571428571	66.425
27	23	35.5355555555555	65.6938043478261
26	24	34.8284615384615	64.7215625
25	25	34.1972	63.8342
24	26	33.3795833333333	63.0439423076923
23	27	32.6804347826087	61.8856481481482
22	28	31.9213636363636	60.8773214285715
21	29	31.0133333333333	59.8237931034483
20	30	30.2625	58.7815
19	31	29.4126315789474	57.6183064516129
18	32	28.6472222222222	56.568125
17	33	27.8158823529412	55.4885606060606
16	34	26.875	54.375294117647
15	35	26.0746666666667	52.997
14	36	25.1242857142857	51.8530555555556
13	37	24.2407692307692	50.500945945946
12	38	23.37	49.2376315789474
11	39	22.4518181818182	47.8601282051282
10	40	21.442	46.497
9	41	20.2733333333333	45.1137804878049
8	42	19.20125	43.6583333333333
7	43	18.02	42.1614534883721
6	44	16.9083333333333	40.5781818181818
5	45	15.604	38.8850555555556
4	46	14.1625	37.3382065217391
3	47	13.2266666666667	35.7524468085106
2	48	11.755	34.10078125
1	49	10	32.2794387755102
0	50	0	30.38095
