num_of_generous_TFT	num_of_Pavlov	average_fitness_of_generous_TFT	average_fitness_of_Pavlov
100	0	100	0
99	1	99.850101010101	121.265
98	2	99.7017346938775	120.2475
97	3	99.5551546391753	120.845
96	4	99.40546875	120.43
95	5	99.262	120.13
94	6	99.1238829787234	119.945
93	7	98.9616666666667	119.736428571429
92	8	98.8126630434783	119.120625
91	9	98.6697252747253	118.831666666667
90	10	98.5021666666667	118.55
89	11	98.3688764044943	118.497727272727
88	12	98.211875	117.925833333333
87	13	98.0593103448275	117.491923076923
86	14	97.9135465116279	117.604285714286
85	15	97.7684117647059	116.763333333333
84	16	97.6529761904762	116.698125
83	17	97.4785542168675	116.437941176471
82	18	97.3078048780487	116.175277777778
81	19	97.1579012345679	115.868947368421
80	20	97.0379375	115.63825
79	21	96.8637974683544	115.044761904762
78	22	96.7490384615385	114.724318181818
77	23	96.5637662337662	114.473695652174
76	24	96.4476973684211	114.421875
75	25	96.3198	114.0016
74	26	96.1118243243243	113.612115384615
73	27	96.0170547945206	113.439259259259
72	28	95.7994444444444	112.907857142857
71	29	95.7092253521127	112.701034482759
70	30	95.5352142857143	112.403333333333
69	31	95.3848550724638	111.977580645161
68	32	95.2863970588235	111.638125
67	33	95.0811194029851	111.328939393939
66	34	94.9389393939394	111.188382352941
65	35	94.770923076923	110.926
64	36	94.70078125	110.446944444444
63	37	94.5264285714285	110.077567567568
62	38	94.3495161290323	109.792631578947
61	39	94.2059836065574	109.669871794872
60	40	94.00175	109.173
59	41	93.9837288135593	108.792195121951
58	42	93.7453448275862	108.482619047619
57	43	93.6045614035088	108.252209302326
56	44	93.5167857142858	107.8825
55	45	93.3005454545455	107.566555555556
54	46	93.1673148148149	107.229565217391
53	47	93.0339622641509	106.859787234043
52	48	92.8661538461538	106.5921875
51	49	92.7097058823529	106.345204081633
50	50	92.5399	105.9606
49	51	92.4001020408164	105.713823529412
48	52	92.3355208333334	105.327115384615
47	53	92.0778723404256	104.879339622641
46	54	91.9706521739131	104.679907407407
45	55	91.7997777777778	104.333
44	56	91.6659090909091	104.032946428571
43	57	91.5309302325582	103.690438596491
42	58	91.3711904761904	103.42224137931
41	59	91.2715853658537	103.045762711864
40	60	91.0405000000001	102.8085
39	61	91.0066666666667	102.339590163934
38	62	90.7828947368421	102.12185483871
37	63	90.5951351351352	101.765317460317
36	64	90.5141666666666	101.38984375
35	65	90.2965714285714	101.297769230769
34	66	90.1554411764706	100.815757575758
33	67	90.0131818181818	100.361641791045
32	68	89.86828125	100.222205882353
31	69	89.7335483870968	99.7915217391304
30	70	89.6345	99.4042857142857
29	71	89.4432758620689	99.2333098591549
28	72	89.3419642857143	98.9348611111111
27	73	89.2296296296296	98.5084246575342
26	74	88.8976923076923	98.2081081081082
25	75	88.7966	97.8784
24	76	88.760625	97.5390131578948
23	77	88.5432608695652	97.2233116883117
22	78	88.4722727272727	96.9442948717949
21	79	88.1723809523809	96.5263924050632
20	80	88.07075	96.1511875
19	81	87.9260526315789	95.9304938271605
18	82	87.8022222222222	95.6095731707317
17	83	87.6705882352941	95.2176506024096
16	84	87.561875	94.9180357142857
15	85	87.34	94.5925294117647
14	86	87.1475	94.1934302325581
13	87	86.9496153846154	93.9906896551724
12	88	86.8825	93.6280113636364
11	89	86.8381818181818	93.3644943820225
10	90	86.7085	92.9484444444444
9	91	86.4705555555556	92.6405494505494
8	92	86.43625	92.375597826087
7	93	86.1814285714285	91.8733870967742
6	94	85.7516666666666	91.6206382978724
5	95	85.99	91.3778947368421
4	96	85.69	90.89265625
3	97	85.5316666666666	90.6101546391752
2	98	85.5375	90.3886224489796
1	99	85.7	90.0778282828283
0	100	0	89.60245
