num_of_generous_TFT	num_of_shame_driven_hiding	average_fitness_of_generous_TFT	average_fitness_of_shame_driven_hiding
100	0	100	0
99	1	99.9049494949495	105
98	2	99.8024489795918	104.895
97	3	99.7059793814433	104.81
96	4	99.6191666666667	104.67
95	5	99.5073684210526	104.626
94	6	99.4105319148937	104.515
93	7	99.3429032258064	104.421428571429
92	8	99.2227173913043	104.30625
91	9	99.1274725274726	104.206666666667
90	10	99.0253333333333	104.159
89	11	98.9169662921348	104.014545454545
88	12	98.8376136363636	103.915
87	13	98.7372413793103	103.907692307692
86	14	98.6482558139535	103.762142857143
85	15	98.5581176470589	103.626666666667
84	16	98.4555952380953	103.57
83	17	98.3669879518072	103.448823529412
82	18	98.2214634146341	103.323888888889
81	19	98.1614814814815	103.252105263158
80	20	98.05125	103.1445
79	21	97.9712658227848	103.066666666667
78	22	97.8578205128205	102.950454545455
77	23	97.7787012987013	102.831304347826
76	24	97.6698684210526	102.799583333333
75	25	97.5484	102.6848
74	26	97.4691891891892	102.562692307692
73	27	97.3694520547946	102.474444444444
72	28	97.2640277777778	102.387142857143
71	29	97.1570422535212	102.208965517241
70	30	97.0458571428572	102.146333333333
69	31	96.9792753623189	102.062903225806
68	32	96.8841176470588	101.9428125
67	33	96.795223880597	101.852121212121
66	34	96.6613636363636	101.746470588235
65	35	96.5673846153846	101.723428571429
64	36	96.45578125	101.536666666667
63	37	96.3896825396825	101.475135135135
62	38	96.2701612903226	101.368684210526
61	39	96.1531147540983	101.265384615385
60	40	96.0546666666667	101.16625
59	41	95.9940677966102	101.061463414634
58	42	95.8425862068966	100.964047619048
57	43	95.7766666666667	100.891627906977
56	44	95.6814285714286	100.746136363636
55	45	95.5305454545454	100.664888888889
54	46	95.4594444444444	100.561086956522
53	47	95.3454716981132	100.480638297872
52	48	95.2884615384616	100.349791666667
51	49	95.1954901960784	100.247755102041
50	50	95.0496	100.1812
49	51	94.9267346938776	100.052156862745
48	52	94.874375	99.9532692307692
47	53	94.7687234042553	99.8298113207547
46	54	94.6597826086956	99.7331481481482
45	55	94.5166666666667	99.6174545454546
44	56	94.4786363636365	99.5733928571428
43	57	94.3844186046512	99.4484210526315
42	58	94.2616666666666	99.3798275862069
41	59	94.1380487804878	99.2159322033898
40	60	94.0285	99.1568333333333
39	61	93.8917948717949	99.0024590163934
38	62	93.863947368421	98.9033870967742
37	63	93.6916216216216	98.849365079365
36	64	93.6058333333334	98.7884375
35	65	93.5468571428571	98.6518461538462
34	66	93.4041176470588	98.5309090909091
33	67	93.2960606060606	98.4210447761194
32	68	93.255	98.325294117647
31	69	93.1561290322581	98.2289855072464
30	70	93.0339999999999	98.1471428571428
29	71	92.9575862068966	98.0407042253521
28	72	92.8282142857143	97.9054166666666
27	73	92.7122222222222	97.7887671232877
26	74	92.5965384615385	97.7185135135135
25	75	92.4768	97.6121333333334
24	76	92.3716666666666	97.5077631578947
23	77	92.3426086956521	97.4025974025974
22	78	92.2095454545454	97.2970512820513
21	79	92.0890476190476	97.1808860759493
20	80	91.984	97.090125
19	81	91.8889473684211	96.9845679012346
18	82	91.795	96.864512195122
17	83	91.6741176470588	96.7777108433735
16	84	91.61875	96.6691666666667
15	85	91.462	96.5755294117647
14	86	91.3157142857142	96.4653488372093
13	87	91.2276923076923	96.3657471264368
12	88	91.1533333333334	96.2722727272727
11	89	91	96.16
10	90	90.9409999999999	96.0785555555555
9	91	90.8077777777778	95.9457142857142
8	92	90.7225	95.8508695652174
7	93	90.6185714285714	95.7401075268818
6	94	90.54	95.6318085106383
5	95	90.364	95.5304210526316
4	96	90.3	95.4260416666667
3	97	90.1666666666667	95.3126804123711
2	98	90.105	95.2042857142857
1	99	90	95.1074747474747
0	100	0	95
