num_of_generous_TFT	num_of_guilt_driven_amending	average_fitness_of_generous_TFT	average_fitness_of_guilt_driven_amending
100	0	100	0
99	1	99.9176262626263	102.19
98	2	99.8324489795918	101.9725
97	3	99.7459793814433	101.855
96	4	99.6581770833333	101.90125
95	5	99.5821578947369	101.746
94	6	99.4860638297873	101.806666666667
93	7	99.4046774193548	101.603571428571
92	8	99.3272826086956	101.495
91	9	99.2303846153846	101.370555555556
90	10	99.1619444444445	101.307
89	11	99.0840449438202	101.123181818182
88	12	98.975	101.05625
87	13	98.8838505747126	100.993461538462
86	14	98.8344186046512	100.8675
85	15	98.7370588235294	100.776666666667
84	16	98.6622023809524	100.640625
83	17	98.5859036144578	100.628529411765
82	18	98.4876219512195	100.512777777778
81	19	98.3871604938272	100.325526315789
80	20	98.3085	100.2755
79	21	98.2177848101266	100.184523809524
78	22	98.1339743589743	100.115454545455
77	23	98.0706493506493	99.9984782608696
76	24	97.9828947368421	99.9595833333333
75	25	97.8950666666667	99.79
74	26	97.8032432432432	99.7663461538462
73	27	97.7404794520548	99.6474074074074
72	28	97.6211111111111	99.5560714285715
71	29	97.5604929577465	99.3855172413793
70	30	97.4699285714286	99.3543333333334
69	31	97.3842028985508	99.2082258064516
68	32	97.2741176470588	99.1696875
67	33	97.2564925373134	99.0424242424243
66	34	97.150606060606	98.9785294117647
65	35	97.0418461538462	98.9048571428571
64	36	96.936484375	98.7626388888889
63	37	96.8946825396825	98.705
62	38	96.7870967741936	98.6442105263158
61	39	96.7036885245902	98.4694871794872
60	40	96.5995833333333	98.3787499999999
59	41	96.5599152542373	98.2728048780488
58	42	96.4485344827586	98.1934523809524
57	43	96.3598245614035	98.0736046511628
56	44	96.25125	98.0005681818182
55	45	96.2068181818182	97.8902222222223
54	46	96.1305555555556	97.8279347826087
53	47	96.0247169811321	97.7427659574468
52	48	95.9893269230769	97.5955208333334
51	49	95.8861764705883	97.5307142857143
50	50	95.7506	97.4502
49	51	95.6975510204082	97.2977450980392
48	52	95.6209375	97.2557692307692
47	53	95.4719148936171	97.123962264151
46	54	95.4484782608696	97.0361111111111
45	55	95.3788888888889	96.9666363636364
44	56	95.2277272727273	96.8645535714286
43	57	95.1961627906977	96.7142105263158
42	58	95.0669047619048	96.6455172413793
41	59	95.0212195121951	96.5667796610169
40	60	94.936875	96.4690833333333
39	61	94.861923076923	96.3398360655738
38	62	94.7396052631579	96.2466129032258
37	63	94.6241891891892	96.217380952381
36	64	94.5945833333333	96.115703125
35	65	94.4962857142857	96.0041538461539
34	66	94.4713235294117	95.9084090909091
33	67	94.3240909090909	95.8219402985075
32	68	94.23890625	95.6722058823529
31	69	94.1427419354839	95.6247101449276
30	70	94.081	95.5156428571429
29	71	93.9610344827586	95.4281690140845
28	72	93.9267857142857	95.3267361111112
27	73	93.8148148148148	95.2563698630137
26	74	93.7315384615384	95.1081081081081
25	75	93.682	95.0548
24	76	93.6022916666667	94.9792763157895
23	77	93.5230434782608	94.8220779220779
22	78	93.3872727272727	94.7630128205128
21	79	93.3292857142857	94.6587974683544
20	80	93.2455	94.568125
19	81	93.1526315789474	94.502037037037
18	82	93.0966666666667	94.3656097560976
17	83	93.0235294117647	94.2977710843373
16	84	92.9546875	94.1902976190476
15	85	92.8176666666667	94.0538823529412
14	86	92.7492857142857	94.0176162790698
13	87	92.6388461538462	93.8585632183908
12	88	92.5783333333334	93.7636363636363
11	89	92.5054545454545	93.6970224719101
10	90	92.405	93.5856666666667
9	91	92.3044444444445	93.5151648351648
8	92	92.284375	93.4364673913043
7	93	92.1457142857143	93.325376344086
6	94	91.9883333333333	93.2192021276596
5	95	92.111	93.1085789473684
4	96	91.86875	93.0188541666666
3	97	91.765	92.9489175257732
2	98	91.7625	92.8657142857143
1	99	91.57	92.7605555555555
0	100	0	92.6439
