num_of_generous_TFT	num_of_shame_driven_denying	average_fitness_of_generous_TFT	average_fitness_of_shame_driven_denying
100	0	100	0
99	1	99.8337373737374	104.45
98	2	99.650306122449	104.555
97	3	99.5011855670103	104.696666666667
96	4	99.3071875	104.08375
95	5	99.1273684210527	103.939
94	6	98.9690425531915	103.780833333333
93	7	98.8408064516128	103.62
92	8	98.6591847826087	103.36625
91	9	98.4653846153847	103.237222222222
90	10	98.2783888888889	103.054
89	11	98.1142696629214	102.955454545455
88	12	97.9514204545454	102.74375
87	13	97.7522413793104	102.516153846154
86	14	97.6166279069767	102.48
85	15	97.4584705882353	102.162333333333
84	16	97.2547023809524	101.9603125
83	17	97.1139156626506	101.915882352941
82	18	96.9096341463414	101.719444444444
81	19	96.7720370370371	101.461842105263
80	20	96.57675	101.2425
79	21	96.4098101265823	101.101428571429
78	22	96.2398717948718	100.750454545454
77	23	96.0888961038961	100.683913043478
76	24	95.9907894736842	100.567083333333
75	25	95.7711333333333	100.2818
74	26	95.5980405405405	100.249230769231
73	27	95.3518493150685	99.9353703703704
72	28	95.2190972222222	99.8592857142857
71	29	95.0700704225353	99.6431034482759
70	30	94.8342857142857	99.3621666666666
69	31	94.767463768116	99.2404838709678
68	32	94.5609558823529	99.0328125
67	33	94.3336567164179	98.8386363636364
66	34	94.2005303030303	98.6880882352941
65	35	94.0026923076923	98.4532857142857
64	36	93.834765625	98.26125
63	37	93.6925396825397	98.1212162162163
62	38	93.5681451612903	97.8764473684211
61	39	93.389344262295	97.6707692307693
60	40	93.1328333333334	97.545
59	41	93.1359322033898	97.3567073170731
58	42	92.8941379310345	97.1028571428572
57	43	92.6614035087719	97.0140697674419
56	44	92.5571428571428	96.79875
55	45	92.3129090909091	96.5631111111111
54	46	92.2037037037037	96.4575
53	47	92.0220754716981	96.32
52	48	91.7824038461539	96.0930208333333
51	49	91.6495098039216	95.8854081632654
50	50	91.5297	95.7113
49	51	91.3072448979592	95.528137254902
48	52	91.1244791666667	95.3253846153846
47	53	90.8962765957447	95.1537735849056
46	54	90.8001086956522	94.9768518518519
45	55	90.6661111111111	94.7426363636364
44	56	90.5236363636364	94.6061607142858
43	57	90.3388372093024	94.355350877193
42	58	90.0377380952381	94.2141379310345
41	59	89.945	94.0251694915254
40	60	89.778125	93.8245000000001
39	61	89.5969230769231	93.637131147541
38	62	89.4257894736842	93.3640322580645
37	63	89.3005405405406	93.3054761904761
36	64	89.0652777777777	93.074140625
35	65	88.9078571428571	92.9503076923077
34	66	88.8373529411765	92.697803030303
33	67	88.529393939394	92.5908208955224
32	68	88.41578125	92.3122794117647
31	69	88.2370967741935	92.1728985507246
30	70	87.9983333333333	91.9666428571428
29	71	87.9189655172414	91.8398591549296
28	72	87.8491071428571	91.6251388888889
27	73	87.5707407407407	91.4126712328767
26	74	87.4032692307692	91.2825675675676
25	75	87.059	91.1146
24	76	86.9424999999999	90.8460526315789
23	77	86.9652173913044	90.6995454545455
22	78	86.6870454545455	90.4915384615385
21	79	86.5559523809524	90.2782278481013
20	80	86.44275	90.19125
19	81	86.2836842105263	89.9762345679012
18	82	85.9994444444444	89.790243902439
17	83	85.8444117647059	89.6053012048193
16	84	85.6309375	89.4109523809524
15	85	85.467	89.2379411764706
14	86	85.2682142857143	89.0890697674419
13	87	85.3065384615385	88.8156896551724
12	88	84.92	88.6643181818182
11	89	84.8218181818182	88.4519662921348
10	90	84.7705	88.2954444444445
9	91	84.5733333333333	88.0956043956044
8	92	84.1375	87.9051630434783
7	93	84.2942857142857	87.7381182795699
6	94	83.8216666666667	87.5932978723405
5	95	83.752	87.3668421052632
4	96	83.45875	87.1765104166666
3	97	83.5666666666667	87.0188144329897
2	98	83.4125	86.8035714285714
1	99	83.165	86.6507575757575
0	100	0	86.4293
