num_of_generous_TFT	num_of_TFT_with_trembling_hand	average_fitness_of_generous_TFT	average_fitness_of_TFT_with_trembling_hand
100	0	100	0
99	1	99.8967171717172	102.395
98	2	99.8042857142857	102.435
97	3	99.7036597938144	102.253333333333
96	4	99.5931770833333	102.12625
95	5	99.5044210526316	102.083
94	6	99.4036170212766	101.879166666667
93	7	99.3216129032258	101.897142857143
92	8	99.2080434782609	101.739375
91	9	99.0947252747252	101.593888888889
90	10	99.0091666666667	101.6515
89	11	98.9266292134832	101.347272727273
88	12	98.8260795454545	101.221666666667
87	13	98.7286781609195	101.192692307692
86	14	98.6149418604651	100.994642857143
85	15	98.5264705882353	100.948333333333
84	16	98.4317857142857	100.7725
83	17	98.3282530120482	100.699411764706
82	18	98.2108536585366	100.538611111111
81	19	98.1261728395062	100.402368421053
80	20	98.01275	100.27025
79	21	97.9142405063291	100.215952380952
78	22	97.8349358974359	100.012272727273
77	23	97.7466233766234	99.9539130434782
76	24	97.6257894736842	99.8260416666667
75	25	97.513	99.702
74	26	97.4089189189189	99.6080769230769
73	27	97.3284246575343	99.4385185185185
72	28	97.2250694444444	99.3160714285715
71	29	97.1492253521127	99.2120689655172
70	30	97.0595714285715	99.1203333333334
69	31	96.9344927536232	98.9135483870967
68	32	96.8327941176471	98.91625
67	33	96.734776119403	98.7359090909091
66	34	96.6632575757576	98.6241176470588
65	35	96.5490769230769	98.4887142857143
64	36	96.445078125	98.3455555555555
63	37	96.3636507936508	98.2471621621621
62	38	96.2503225806452	98.1438157894737
61	39	96.1273770491804	98.0244871794872
60	40	96.01575	97.8915
59	41	95.938813559322	97.8160975609756
58	42	95.8625862068965	97.63
57	43	95.7588596491228	97.5553488372093
56	44	95.648125	97.4298863636363
55	45	95.5643636363637	97.2631111111111
54	46	95.4931481481482	97.1759782608696
53	47	95.379716981132	97.0654255319149
52	48	95.2995192307692	96.9660416666667
51	49	95.1533333333333	96.8435714285714
50	50	95.0218	96.7008
49	51	94.9897959183674	96.5500980392157
48	52	94.8438541666667	96.5177884615384
47	53	94.7589361702127	96.3580188679245
46	54	94.6725	96.2275
45	55	94.5765555555556	96.0922727272727
44	56	94.4364772727273	96.0095535714285
43	57	94.3111627906977	95.8190350877193
42	58	94.3104761904762	95.7681034482759
41	59	94.1848780487804	95.5853389830508
40	60	94.052375	95.51425
39	61	93.9598717948718	95.3591803278688
38	62	93.9040789473684	95.2345967741935
37	63	93.76	95.1653968253969
36	64	93.6656944444445	95.011328125
35	65	93.6137142857143	94.9094615384615
34	66	93.4795588235294	94.8353787878788
33	67	93.3725757575758	94.6965671641791
32	68	93.3153125	94.5906617647059
31	69	93.1877419354839	94.4186231884058
30	70	93.0795	94.2945714285714
29	71	92.9944827586207	94.2035915492958
28	72	92.8967857142857	94.0640277777778
27	73	92.7907407407408	93.9960273972603
26	74	92.7096153846154	93.8315540540541
25	75	92.6408	93.7479333333333
24	76	92.5239583333333	93.5998684210526
23	77	92.415	93.4387012987013
22	78	92.3197727272727	93.3587179487179
21	79	92.1866666666667	93.2039873417721
20	80	92.12725	93.09675
19	81	92.0052631578948	93.0348765432098
18	82	91.9183333333333	92.8956097560976
17	83	91.8341176470588	92.7711445783133
16	84	91.764375	92.6304761904762
15	85	91.6096666666667	92.5500588235294
14	86	91.4582142857143	92.370988372093
13	87	91.3980769230769	92.2747126436782
12	88	91.35	92.1900568181818
11	89	91.2227272727273	92.0439887640449
10	90	91.1315	91.9095
9	91	90.9905555555555	91.8112087912088
8	92	90.895625	91.6954891304348
7	93	90.8721428571429	91.5629569892473
6	94	90.6916666666667	91.4254787234042
5	95	90.593	91.3124210526316
4	96	90.54875	91.2130208333333
3	97	90.4033333333333	91.1025257731959
2	98	90.32	90.9889795918368
1	99	90.3	90.8575252525252
0	100	0	90.72955
