num_of_always_cooperate	num_of_shame_driven_hiding	average_fitness_of_always_cooperate	average_fitness_of_shame_driven_hiding
20	0	50	0
19	1	49.56	57.5
18	2	49.1538888888889	57.11
17	3	48.74	56.64
16	4	48.22	56.2425
15	5	47.858	55.75
14	6	47.3707142857143	55.4233333333333
13	7	46.9161538461538	54.91
12	8	46.4408333333333	54.46
11	9	45.9763636363636	54.0133333333333
10	10	45.4	53.54
9	11	44.9077777777778	53.01
8	12	44.34625	52.4589583333333
7	13	43.7857142857143	52.0271153846154
6	14	43.2316666666667	51.5126785714286
5	15	42.678	50.9565
4	16	41.9425	50.41484375
3	17	41.2733333333333	49.7786764705882
2	18	40.68	48.8252777777778
1	19	40	47.3303947368421
0	20	0	44.875
