num_of_always_cooperate	num_of_Pavlov	average_fitness_of_always_cooperate	average_fitness_of_Pavlov
20	0	50	0
19	1	47.7136842105263	117.3125
18	2	45.1316666666667	113.43875
17	3	42.6241176470588	106.755833333333
16	4	40.46625	102.715
15	5	37.7826666666667	99.268
14	6	35.6807142857143	94.4916666666667
13	7	33.5084615384615	90.8221428571429
12	8	30.7208333333333	86.7678125
11	9	28.6827272727273	82.0638888888889
10	10	26.28	78.48075
9	11	24.2466666666667	74.0447727272727
8	12	21.0775	69.6047916666666
7	13	19.02	65.3417307692308
6	14	17.1783333333333	61.5226785714286
5	15	15.08	56.9506666666667
4	16	11.08	52.67484375
3	17	9.43333333333334	48.15
2	18	5.11	43.7031944444444
1	19	4.22	39.3609210526316
0	20	0	34.707
