num_of_always_defect	num_of_shame_driven_hiding	average_fitness_of_always_defect	average_fitness_of_shame_driven_hiding
20	0	0	0
19	1	1	-14.25
18	2	2	-11.9925
17	3	3	-9.485
16	4	4	-6.979375
15	5	5	-4.846
14	6	6	-2.165
13	7	6.99923076923077	0.470357142857143
12	8	8	3.045
11	9	9	5.42194444444444
10	10	10	8.17725
9	11	11	11.0034090909091
8	12	11.9975	14.1454166666667
7	13	13	17.1671153846154
6	14	14	20.2173214285714
5	15	15	23.4548333333333
4	16	15.9975	27.0315625
3	17	17	30.8966176470588
2	18	18	34.86
1	19	19	39.5044736842105
0	20	0	44.843125
