num_of_always_trembling	num_of_shame_driven_hiding	average_fitness_of_always_trembling	average_fitness_of_shame_driven_hiding
20	0	25.10275	0
19	1	25.1701315789474	21.405
18	2	25.7547222222222	22.40875
17	3	25.6860294117647	23.16
16	4	26.12765625	24.160625
15	5	26.4778333333333	25.5115
14	6	26.8653571428571	26.26375
13	7	26.8525	27.4489285714286
12	8	27.370625	28.590625
11	9	27.5654545454545	29.9977777777778
10	10	27.59525	30.97875
9	11	27.7355555555556	32.2102272727273
8	12	28.42375	33.449375
7	13	28.7614285714286	34.8369230769231
6	14	28.89875	36.31625
5	15	29.231	37.569
4	16	29.1375	39.11265625
3	17	29.595	40.7985294117647
2	18	29.86125	42.3680555555556
1	19	30.72	44.1278947368421
0	20	0	44.87475
