num_of_always_defect	num_of_TFT_with_trembling_hand	average_fitness_of_always_defect	average_fitness_of_TFT_with_trembling_hand
20	0	0	0
19	1	1	-14.25
18	2	2	-11.455
17	3	3	-8.70833333333334
16	4	4	-5.84125
15	5	5	-2.904
14	6	6	-0.373333333333333
13	7	7	2.47035714285714
12	8	8	5.15375
11	9	8.99909090909091	8.11416666666667
10	10	9.999	10.8375
9	11	11	13.5811363636364
8	12	11.99875	16.4535416666667
7	13	12.9985714285714	19.2557692307692
6	14	14	21.9148214285714
5	15	15	24.726
4	16	16	27.57890625
3	17	16.9966666666667	30.3580882352941
2	18	18	33.1044444444444
1	19	19	35.7509210526316
0	20	0	38.7005
