num_of_always_trembling	num_of_shame_driven_denying	average_fitness_of_always_trembling	average_fitness_of_shame_driven_denying
20	0	25.126625	0
19	1	24.8030263157895	27.1425
18	2	24.655	26.50625
17	3	24.5830882352941	27.185
16	4	24.4853125	27.19375
15	5	24.564	27.247
14	6	24.5310714285714	27.3425
13	7	23.9161538461538	27.7339285714286
12	8	24.10125	27.45
11	9	24.0393181818182	27.9613888888889
10	10	23.95725	27.83625
9	11	23.6213888888889	28.4922727272727
8	12	23.91125	28.4897916666667
7	13	23.7328571428571	28.5923076923077
6	14	23.6679166666667	28.8116071428571
5	15	23.385	29.0888333333333
4	16	22.83625	29.22046875
3	17	23.1841666666667	29.3788235294118
2	18	23.6575	29.3826388888889
1	19	23.84	29.6423684210526
0	20	0	29.901375
