num_of_always_defect	num_of_Pavlov	average_fitness_of_always_defect	average_fitness_of_Pavlov
20	0	0	0
19	1	5.47526315789474	-74.9625
18	2	10.9766666666667	-69.8025
17	3	16.4147058823529	-63.6158333333333
16	4	21.96625	-57.8275
15	5	27.4193333333333	-52.1065
14	6	32.9528571428571	-46.4654166666667
13	7	38.6392307692307	-40.5121428571429
12	8	44.0466666666667	-34.7615625
11	9	49.6290909090909	-29.0366666666667
10	10	54.834	-22.817
9	11	60.4111111111111	-17.4502272727273
8	12	65.98875	-11.6410416666667
7	13	71.4114285714286	-6.00615384615385
6	14	77.0733333333333	-0.149107142857143
5	15	82.466	5.825
4	16	88.0125	11.38890625
3	17	93.45	17.3494117647059
2	18	99.18	23.1479166666667
1	19	104.22	28.7493421052632
0	20	0	34.868875
