num_of_always_cooperate	num_of_shame_driven_denying	average_fitness_of_always_cooperate	average_fitness_of_shame_driven_denying
20	0	50	0
19	1	47.2236842105263	87.845
18	2	44.5022222222222	86.0275
17	3	41.5023529411764	82.4733333333333
16	4	39.06	80.67625
15	5	36.0226666666667	76.642
14	6	33.4378571428572	74.1695833333333
13	7	30.6076923076923	70.585
12	8	27.4766666666667	68.2171875
11	9	24.6681818181818	64.8808333333333
10	10	22.546	61.605
9	11	18.5866666666667	58.0304545454546
8	12	16.7225	55.4035416666666
7	13	13.9085714285714	51.8407692307692
6	14	11.5733333333333	48.4503571428571
5	15	8.228	45.532
4	16	5.2825	42.04359375
3	17	2.50333333333333	39.6511764705882
2	18	0.59	36.0895833333333
1	19	-3.17	33.0318421052632
0	20	0	29.761125
