num_of_always_defect	num_of_shame_driven_denying	average_fitness_of_always_defect	average_fitness_of_shame_driven_denying
20	0	0	0
19	1	1	-14.25
18	2	2	-11.84625
17	3	3	-9.60666666666667
16	4	4	-7.1275
15	5	4.99933333333333	-5.076
14	6	6	-2.70083333333333
13	7	7	-0.412142857142857
12	8	8	1.91
11	9	9	4.35916666666667
10	10	10	6.61075
9	11	10.9988888888889	8.89272727272727
8	12	12	11.19125
7	13	13	13.7153846153846
6	14	13.9983333333333	16.0864285714286
5	15	15	18.268
4	16	16	20.7828125
3	17	16.9966666666667	22.8167647058824
2	18	18	25.2661111111111
1	19	19	27.4718421052631
0	20	0	29.949
