num_of_always_trembling	num_of_TFT_with_trembling_hand	average_fitness_of_always_trembling	average_fitness_of_TFT_with_trembling_hand
20	0	24.91225	0
19	1	25.0497368421053	19.7575
18	2	25.66625	20.855
17	3	26.4342647058824	21.995
16	4	26.45984375	23.19125
15	5	26.8646666666667	24.064
14	6	27.3867857142857	24.9404166666667
13	7	27.4873076923077	26.0432142857143
12	8	27.8729166666667	27.0184375
11	9	27.8381818181818	27.9269444444445
10	10	28.50425	28.95225
9	11	28.7925	30.0059090909091
8	12	28.8371875	30.8785416666667
7	13	29.4932142857143	31.7063461538462
6	14	29.72375	32.9630357142857
5	15	29.776	33.6988333333333
4	16	30.534375	34.84859375
3	17	31.0141666666667	35.7379411764706
2	18	30.76375	36.6361111111111
1	19	31.2725	37.6909210526316
0	20	0	38.684125
