num_of_always_defect	num_of_guilt_driven_amending	average_fitness_of_always_defect	average_fitness_of_guilt_driven_amending
20	0	0	0
19	1	1	-14.25
18	2	2	-11.1475
17	3	2.99882352941176	-8.02833333333333
16	4	4	-4.719375
15	5	5	-1.6715
14	6	6	1.59291666666667
13	7	7	4.72071428571429
12	8	8	7.816875
11	9	9	10.9594444444444
10	10	10	14.13725
9	11	10.9988888888889	17.2777272727273
8	12	12	20.345625
7	13	12.9971428571429	23.5926923076923
6	14	14	26.6810714285714
5	15	15	29.995
4	16	16	33.04734375
3	17	17	36.2055882352941
2	18	17.995	39.4436111111111
1	19	19	42.5118421052632
0	20	0	45.723125
