num_of_guilt_driven_amending	num_of_Pavlov	average_fitness_of_guilt_driven_amending	average_fitness_of_Pavlov
20	0	45.725625	0
19	1	45.0359210526316	33.48
18	2	44.2181944444445	33.9875
17	3	43.4988235294118	33.8191666666667
16	4	42.8015625	34.29875
15	5	42.0541666666667	34.485
14	6	41.2930357142857	34.41375
13	7	40.6971153846154	34.7032142857143
12	8	39.9791666666667	34.6528125
11	9	39.2359090909091	34.4236111111111
10	10	38.60925	34.9085
9	11	37.7969444444445	34.8631818181818
8	12	37.054375	35.2152083333334
7	13	36.3828571428571	34.8784615384615
6	14	35.62875	34.8853571428572
5	15	34.9385	35.0115
4	16	34.41375	35.02671875
3	17	33.2075	35.0777941176471
2	18	32.5575	34.9922222222222
1	19	31.975	34.8331578947368
0	20	0	34.6885
