num_of_shame_driven_denying	num_of_guilt_driven_amending	average_fitness_of_shame_driven_denying	average_fitness_of_guilt_driven_amending
20	0	29.899375	0
19	1	30.535	30.785
18	2	31.1863888888889	31.5075
17	3	31.9225	32.2841666666667
16	4	32.52203125	32.963125
15	5	33.3905	34.3605
14	6	33.9376785714286	34.8533333333333
13	7	34.5921153846154	35.4525
12	8	35.4660416666667	36.3625
11	9	36.0452272727273	37.2691666666667
10	10	36.63075	37.93525
9	11	37.1886111111111	38.7015909090909
8	12	38.04625	39.4320833333333
7	13	38.7482142857143	40.2636538461538
6	14	39.2133333333333	40.8971428571429
5	15	40.016	41.7863333333333
4	16	41.11	42.59203125
3	17	41.3708333333333	43.4739705882353
2	18	42.69125	44.1044444444445
1	19	42.6225	44.8528947368421
0	20	0	45.741125
