num_of_shame_driven_hiding	num_of_guilt_driven_amending	average_fitness_of_shame_driven_hiding	average_fitness_of_guilt_driven_amending
20	0	44.797375	0
19	1	46.4231578947368	38.965
18	2	47.5802777777778	39.47875
17	3	48.4863235294117	39.7866666666667
16	4	49.1209375	40.395
15	5	49.6921666666667	40.6875
14	6	50.16	41.17
13	7	50.555	41.5021428571429
12	8	50.9208333333333	41.871875
11	9	51.1790909090909	42.28
10	10	51.57575	42.613
9	11	51.8119444444444	42.9170454545455
8	12	52.1334375	43.3814583333333
7	13	52.4778571428571	43.61
6	14	52.7733333333333	43.9457142857143
5	15	52.98	44.3281666666667
4	16	53.345	44.61734375
3	17	53.5975	44.8555882352941
2	18	53.81	45.1401388888889
1	19	53.985	45.4023684210526
0	20	0	45.69
