num_of_shame_driven_hiding	num_of_Pavlov	average_fitness_of_shame_driven_hiding	average_fitness_of_Pavlov
20	0	44.834375	0
19	1	45.4581578947368	31.345
18	2	45.3645833333333	31.1975
17	3	45.1747058823529	31.4308333333333
16	4	44.8028125	31.956875
15	5	44.5041666666667	32.5535
14	6	44.2344642857143	32.8233333333333
13	7	43.9826923076923	33.1839285714286
12	8	43.8327083333333	33.406875
11	9	43.5847727272727	33.4377777777778
10	10	43.12725	33.6245
9	11	43.1211111111111	33.7977272727273
8	12	42.9775	34.1322916666667
7	13	42.8267857142857	34.1738461538461
6	14	42.8	34.4998214285714
5	15	42.7005	34.3851666666667
4	16	42.6325	34.640625
3	17	42.2766666666667	34.6426470588235
2	18	41.9525	34.6336111111111
1	19	41.435	34.7992105263158
0	20	0	34.796125
