num_of_TFT_with_trembling_hand	num_of_shame_driven_denying	average_fitness_of_TFT_with_trembling_hand	average_fitness_of_shame_driven_denying
20	0	38.592	0
19	1	38.3276315789474	36.875
18	2	38.0230555555556	36.6275
17	3	37.6610294117647	36.1408333333333
16	4	37.231875	35.67625
15	5	36.7618333333333	35.4625
14	6	36.5246428571429	35.0204166666667
13	7	36.0813461538461	34.6014285714286
12	8	35.8285416666667	34.1928125
11	9	35.3972727272727	33.8119444444444
10	10	35.02275	33.58725
9	11	34.8005555555556	33.1859090909091
8	12	34.0934375	32.8504166666667
7	13	34.01	32.475
6	14	33.3529166666667	31.9205357142857
5	15	33.093	31.6623333333333
4	16	32.548125	31.345
3	17	32.7125	30.9294117647059
2	18	32.02	30.5231944444444
1	19	32.0075	29.9990789473684
0	20	0	29.92625
