num_of_TFT_with_trembling_hand	num_of_guilt_driven_amending	average_fitness_of_TFT_with_trembling_hand	average_fitness_of_guilt_driven_amending
20	0	38.724125	0
19	1	38.9657894736842	39.0425
18	2	39.31375	39.515
17	3	39.6107352941176	39.5691666666667
16	4	39.98296875	40.090625
15	5	40.3421666666667	40.3895
14	6	40.5853571428571	40.72375
13	7	40.8009615384615	41.065
12	8	41.1497916666667	41.4203125
11	9	41.4297727272727	41.8244444444444
10	10	41.89225	42.10625
9	11	42.1402777777778	42.4497727272727
8	12	42.3728125	42.9570833333334
7	13	42.7057142857143	43.2719230769231
6	14	43.1166666666667	43.6671428571429
5	15	43.3965	43.9123333333333
4	16	43.498125	44.320625
3	17	44.0016666666667	44.5916176470588
2	18	44.1975	44.9979166666667
1	19	44.6675	45.3596052631579
0	20	0	45.70325
