num_of_TFT_with_trembling_hand	num_of_shame_driven_hiding	average_fitness_of_TFT_with_trembling_hand	average_fitness_of_shame_driven_hiding
20	0	38.796	0
19	1	38.6296052631579	42.8675
18	2	38.6408333333333	43.9725
17	3	38.4958823529412	43.59
16	4	38.396875	43.68375
15	5	38.5406666666667	43.89
14	6	38.3719642857143	44.04875
13	7	38.3886538461538	43.8017857142857
12	8	38.2670833333333	43.98375
11	9	38.2138636363636	44.105
10	10	38.35025	44.07575
9	11	38.1416666666667	44.1145454545454
8	12	38.0671875	44.3341666666667
7	13	38.0439285714286	44.4501923076923
6	14	38.05625	44.6432142857143
5	15	38.0825	44.8285
4	16	37.994375	44.9015625
3	17	37.9183333333333	45.1713235294118
2	18	38.22875	45.2277777777778
1	19	38.005	45.2694736842105
0	20	0	44.8875
