num_of_tit_for_tat	num_of_guilt_driven_amending	average_fitness_of_tit_for_tat	average_fitness_of_guilt_driven_amending
20	0	50	0
19	1	49.843947368421	48.565
18	2	49.6801388888889	48.36125
17	3	49.5026470588235	48.1183333333333
16	4	49.34625	47.9925
15	5	49.1631666666667	47.898
14	6	48.9828571428571	47.7775
13	7	48.8640384615385	47.5903571428572
12	8	48.7189583333333	47.4959375
11	9	48.5561363636364	47.3455555555555
10	10	48.38475	47.238
9	11	48.2144444444445	47.0288636363636
8	12	48.0659375	46.8704166666666
7	13	47.8728571428571	46.6775
6	14	47.7429166666667	46.5371428571428
5	15	47.54	46.4085
4	16	47.391875	46.27015625
3	17	47.295	46.152794117647
2	18	47.06875	45.9754166666667
1	19	46.9125	45.8542105263158
0	20	0	45.672125
