num_of_tit_for_tat	num_of_shame_driven_hiding	average_fitness_of_tit_for_tat	average_fitness_of_shame_driven_hiding
20	0	50	0
19	1	49.5921052631579	57.5
18	2	49.1511111111111	57.105
17	3	48.7382352941177	56.6733333333333
16	4	48.313125	56.3275
15	5	47.8526666666667	55.88
14	6	47.3457142857143	55.4383333333333
13	7	46.8515384615385	54.9142857142858
12	8	46.4875	54.4775
11	9	45.9927272727273	53.9933333333333
10	10	45.363	53.56
9	11	44.8411111111111	53.0581818181818
8	12	44.27375	52.5333333333333
7	13	43.8657142857143	52.0196153846154
6	14	43.2533333333333	51.3967857142857
5	15	42.716	50.7721666666667
4	16	41.9625	50.00984375
3	17	41.5066666666667	49.2060294117647
2	18	40.745	47.9680555555556
1	19	40	46.6122368421052
0	20	0	45.021125
