num_of_tit_for_tat	num_of_shame_driven_denying	average_fitness_of_tit_for_tat	average_fitness_of_shame_driven_denying
20	0	50	0
19	1	48.9968421052632	44.17
18	2	48.0230555555556	44.32375
17	3	46.9861764705882	43.3641666666667
16	4	45.953125	42.26625
15	5	44.9066666666667	41.8245
14	6	43.9510714285714	41.00875
13	7	43.0038461538462	39.9810714285714
12	8	41.8922916666667	39.3690625
11	9	40.9143181818182	38.4827777777778
10	10	40.021	37.53025
9	11	38.8916666666667	36.7775
8	12	37.926875	36.1560416666667
7	13	36.8642857142857	35.325
6	14	35.73375	34.6289285714286
5	15	34.9655	33.693
4	16	34.04125	33.0709375
3	17	32.8816666666667	32.3067647058824
2	18	31.90125	31.4629166666667
1	19	30.8025	30.4821052631579
0	20	0	29.80025
