num_of_tit_for_tat	num_of_Pavlov	average_fitness_of_tit_for_tat	average_fitness_of_Pavlov
20	0	50	0
19	1	49.3021052631579	36.0725
18	2	48.6127777777778	36.89
17	3	48.0411764705882	36.34
16	4	47.26140625	36.23125
15	5	46.6596666666667	36.629
14	6	45.98625	36.4370833333333
13	7	45.1732692307692	36.4875
12	8	44.5670833333333	36.21375
11	9	43.7793181818182	36.2152777777778
10	10	43.182	36.14525
9	11	42.6136111111111	36.1404545454545
8	12	41.73375	35.895625
7	13	41.3335714285714	35.8169230769231
6	14	40.4525	35.7842857142857
5	15	39.883	35.5741666666667
4	16	39.1725	35.33296875
3	17	38.4625	35.2802941176471
2	18	37.41875	35.2138888888889
1	19	37.3275	35.0201315789474
0	20	0	34.715375
