num_of_tit_for_tat	num_of_TFT_with_trembling_hand	average_fitness_of_tit_for_tat	average_fitness_of_TFT_with_trembling_hand
20	0	50	0
19	1	49.4678947368421	46.94
18	2	48.8665277777778	46.4925
17	3	48.3192647058824	45.8691666666667
16	4	47.81453125	45.694375
15	5	47.2546666666667	45.1605
14	6	46.6526785714286	44.6533333333333
13	7	46.2176923076923	44.3885714285714
12	8	45.6214583333333	43.933125
11	9	44.8947727272727	43.45
10	10	44.544	43.10075
9	11	44.0536111111111	42.5468181818182
8	12	43.4640625	42.203125
7	13	42.8764285714286	41.6988461538461
6	14	42.2516666666667	41.2916071428571
5	15	41.7265	40.92
4	16	41.10875	40.49953125
3	17	40.5425	39.9507352941176
2	18	39.975	39.6963888888889
1	19	39.4825	39.1155263157895
0	20	0	38.65175
