num_of_always_defect	num_of_guilt_driven_amending	average_fitness_of_always_defect	average_fitness_of_guilt_driven_amending
50	0	0	0
49	1	0.98265306122449	-12.07
48	2	1.968125	-8.77375
47	3	2.94744680851063	-5.4275
46	4	3.93173913043478	-2.465
45	5	4.914	1.114
44	6	5.89727272727273	4.06375
43	7	6.88162790697675	7.59714285714286
42	8	7.86833333333334	10.8046875
41	9	8.84975609756097	13.8797222222222
40	10	9.8375	17.18875
39	11	10.8110256410256	20.3825
38	12	11.8028947368421	23.8895833333333
37	13	12.7789189189189	27.0155769230769
36	14	13.75	30.45
35	15	14.7551428571429	33.38
34	16	15.7167647058823	36.8490625
33	17	16.6993939393939	40.300294117647
32	18	17.690625	43.1709722222222
31	19	18.6838709677419	46.5119736842105
30	20	19.6783333333333	49.879875
29	21	20.6486206896552	53.0535714285714
28	22	21.6321428571429	56.2985227272727
27	23	22.6	59.5566304347826
26	24	23.6053846153846	62.8572916666667
25	25	24.5828	66.1063
24	26	25.5695833333333	69.23125
23	27	26.535652173913	72.4112962962963
22	28	27.5304545454545	75.9578571428571
21	29	28.5028571428571	79.1189655172414
20	30	29.5075	82.37875
19	31	30.4763157894737	85.4930645161291
18	32	31.45	88.75796875
17	33	32.4352941176471	92.0754545454545
16	34	33.424375	95.455
15	35	34.4153333333333	98.4015714285714
14	36	35.3885714285714	101.849166666667
13	37	36.3730769230769	105.147905405405
12	38	37.3558333333333	108.402302631579
11	39	38.2845454545455	111.515064102564
10	40	39.312	114.8695
9	41	40.2888888888889	118.115121951219
8	42	41.23	121.411488095238
7	43	42.2671428571429	124.719476744186
6	44	43.3383333333334	127.926647727273
5	45	44.216	131.207888888889
4	46	45.2125	134.317880434783
3	47	46.2966666666667	137.642606382979
2	48	47.245	140.90625
1	49	48.16	144.143520408163
0	50	0	147.4084
