num_of_always_defect	num_of_TFT_with_trembling_hand	average_fitness_of_always_defect	average_fitness_of_TFT_with_trembling_hand
50	0	0	0
49	1	0.982244897959184	-12.035
48	2	1.9675	-8.63875
47	3	2.95106382978723	-5.58
46	4	3.92782608695652	-2.35625
45	5	4.91688888888889	1.007
44	6	5.89295454545455	3.73333333333333
43	7	6.88697674418605	7.175
42	8	7.86666666666668	10.7253125
41	9	8.85609756097561	13.6880555555556
40	10	9.8285	16.77175
39	11	10.82	20.1368181818182
38	12	11.7976315789474	23.0720833333333
37	13	12.7891891891892	26.6990384615385
36	14	13.7602777777778	29.6669642857143
35	15	14.7494285714286	32.8906666666667
34	16	15.7197058823529	36.32078125
33	17	16.7248484848485	39.3136764705882
32	18	17.6796875	42.6977777777778
31	19	18.6632258064516	45.8938157894737
30	20	19.6603333333333	49.1575
29	21	20.6620689655172	52.3282142857143
28	22	21.6435714285714	55.5611363636364
27	23	22.5874074074074	58.9135869565217
26	24	23.595	62.1477083333333
25	25	24.576	64.9971
24	26	25.5766666666667	68.3415384615385
23	27	26.544347826087	71.6262037037037
22	28	27.5709090909091	74.9591071428571
21	29	28.5076190476191	78.1040517241379
20	30	29.4975	81.32925
19	31	30.4505263157895	84.494435483871
18	32	31.4144444444444	87.57640625
17	33	32.4641176470588	90.8807575757575
16	34	33.406875	94.1486029411764
15	35	34.39	97.3602857142857
14	36	35.4135714285714	100.516875
13	37	36.3946153846154	103.778783783784
12	38	37.3425	106.918881578947
11	39	38.3363636363636	110.180897435897
10	40	39.325	113.4115625
9	41	40.2711111111111	116.713597560976
8	42	41.27375	119.7325
7	43	42.2585714285714	122.946511627907
6	44	43.2816666666667	126.29
5	45	44.318	129.559833333333
4	46	45.28	132.634836956522
3	47	46.13	135.899893617021
2	48	47.08	139.142916666667
1	49	48.23	142.322704081633
0	50	0	145.5838
