num_of_always_defect	num_of_shame_driven_denying	average_fitness_of_always_defect	average_fitness_of_shame_driven_denying
50	0	0	0
49	1	0.982448979591837	-12.0325
48	2	1.968125	-8.785
47	3	2.94936170212766	-5.75083333333333
46	4	3.93108695652174	-2.5275
45	5	4.91022222222223	0.866
44	6	5.89454545454545	3.62291666666667
43	7	6.87558139534885	6.985
42	8	7.86738095238096	9.9665625
41	9	8.84512195121951	13.2877777777778
40	10	9.834	16.3485
39	11	10.815641025641	19.6088636363636
38	12	11.7963157894737	22.95
37	13	12.7908108108108	25.8192307692308
36	14	13.7516666666667	28.9408928571429
35	15	14.7454285714286	32.1238333333333
34	16	15.7411764705882	35.523125
33	17	16.7063636363636	38.1842647058824
32	18	17.711875	41.6291666666667
31	19	18.6645161290323	44.7947368421053
30	20	19.6433333333333	47.772625
29	21	20.6493103448276	51.0732142857143
28	22	21.6475	54.3075
27	23	22.6148148148148	57.4590217391304
26	24	23.6061538461538	60.38375
25	25	24.5576	63.7516
24	26	25.5733333333333	67.0596153846154
23	27	26.5595652173913	70.2187037037037
22	28	27.5236363636364	73.1430357142857
21	29	28.5033333333333	76.3868965517241
20	30	29.4825	79.4985833333334
19	31	30.4768421052632	82.5959677419355
18	32	31.4322222222222	85.86375
17	33	32.44	88.8967424242424
16	34	33.459375	92.1016911764706
15	35	34.3953333333333	95.2937857142857
14	36	35.4235714285714	98.44375
13	37	36.3938461538462	101.505878378378
12	38	37.3516666666667	104.774276315789
11	39	38.3527272727273	108.059102564103
10	40	39.354	110.9891875
9	41	40.2677777777778	114.337682926829
8	42	41.33625	117.305654761905
7	43	42.3	120.589418604651
6	44	43.2716666666667	123.633068181818
5	45	44.222	126.887722222222
4	46	45.16	129.94277173913
3	47	46.25	133.127872340426
2	48	47.15	136.411458333333
1	49	48.16	139.507806122449
0	50	0	142.66815
