num_of_always_trembling	num_of_guilt_driven_amending	average_fitness_of_always_trembling	average_fitness_of_guilt_driven_amending
50	0	75.02245	0
49	1	75.4919897959184	69.47
48	2	75.88890625	71.01
47	3	76.6909042553192	72.6358333333333
46	4	76.9411956521739	73.33375
45	5	77.5815555555555	75.438
44	6	77.7769318181818	77.41625
43	7	78.3898255813954	78.6925
42	8	78.9469047619048	80.105625
41	9	79.1207317073171	82.0911111111111
40	10	79.88475	83.6585
39	11	80.2694871794872	85.0247727272727
38	12	80.7115131578947	87.0052083333333
37	13	81.1485135135135	88.1428846153846
36	14	81.6514583333333	89.5823214285714
35	15	82.138	91.4655
34	16	82.698455882353	93.08328125
33	17	83.0993939393939	94.5830882352941
32	18	83.476640625	96.1830555555555
31	19	84.0807258064516	97.9607894736842
30	20	84.8095	99.550875
29	21	84.9904310344827	101.065
28	22	85.4308928571429	102.749659090909
27	23	86.0962037037037	104.242608695652
26	24	86.4831730769231	105.804895833333
25	25	87.1709	107.5691
24	26	87.573125	109.111057692308
23	27	87.9738043478261	110.426759259259
22	28	88.5017045454546	112.219553571429
21	29	88.8563095238096	113.978448275862
20	30	89.29675	115.27975
19	31	89.8810526315789	117.144677419355
18	32	90.4504166666666	118.559921875
17	33	91.1230882352941	120.251893939394
16	34	91.256875	121.774338235294
15	35	91.937	123.373285714286
14	36	92.1360714285714	124.925208333333
13	37	92.8553846153846	126.601756756757
12	38	92.9879166666667	128.279407894737
11	39	93.2338636363636	129.826282051282
10	40	93.94525	131.333
9	41	94.6438888888889	132.996402439024
8	42	95.0290625	134.605595238095
7	43	95.8807142857143	136.203604651163
6	44	96.1641666666667	137.790738636364
5	45	96.7195	139.475388888889
4	46	96.96625	140.972934782609
3	47	97.2033333333333	142.594255319149
2	48	98.36875	144.239166666667
1	49	98.8375	145.844948979592
0	50	0	147.40045
