num_of_always_defect	num_of_shame_driven_hiding	average_fitness_of_always_defect	average_fitness_of_shame_driven_hiding
50	0	0	0
49	1	0.985510204081633	-12.0075
48	2	1.9675	-8.73875
47	3	2.94893617021276	-5.8125
46	4	3.93304347826087	-2.46125
45	5	4.91666666666667	0.6575
44	6	5.90363636363636	3.55416666666667
43	7	6.88279069767443	7.12428571428571
42	8	7.85714285714287	9.9875
41	9	8.84780487804878	13.1919444444444
40	10	9.83025	16.36075
39	11	10.8123076923077	19.8863636363636
38	12	11.7997368421053	22.683125
37	13	12.7756756756757	25.9019230769231
36	14	13.7775	29.4814285714286
35	15	14.7594285714286	32.5415
34	16	15.7302941176471	35.8084375
33	17	16.7069696969697	38.8930882352941
32	18	17.705	42.5425
31	19	18.6829032258064	45.2751315789474
30	20	19.661	48.671625
29	21	20.66	51.8682142857143
28	22	21.6157142857143	55.2704545454545
27	23	22.6092592592593	58.5484782608696
26	24	23.5892307692308	61.8246875
25	25	24.5848	64.9275
24	26	25.5404166666667	68.3834615384615
23	27	26.5604347826087	71.4908333333333
22	28	27.5295454545455	74.7696428571429
21	29	28.5223809523809	78.3325862068965
20	30	29.511	81.6955833333333
19	31	30.4968421052632	84.8140322580645
18	32	31.4622222222222	88.13859375
17	33	32.4817647058823	91.4237121212121
16	34	33.4175	94.7380147058824
15	35	34.4066666666667	98.0663571428571
14	36	35.4221428571428	101.294513888889
13	37	36.3753846153846	104.736081081081
12	38	37.3583333333333	108.041184210526
11	39	38.3590909090909	111.325384615385
10	40	39.331	114.66125
9	41	40.3811111111111	118.118048780488
8	42	41.355	121.408273809524
7	43	42.26	124.758720930233
6	44	43.205	128.052727272727
5	45	44.264	131.554388888889
4	46	45.19	135.025163043478
3	47	46.24	138.35829787234
2	48	47.105	141.706302083333
1	49	48.1	145.136785714286
0	50	0	148.5
