num_of_always_trembling	num_of_shame_driven_denying	average_fitness_of_always_trembling	average_fitness_of_shame_driven_denying
50	0	74.9488	0
49	1	75.6266836734694	69.03
48	2	75.929375	71.555
47	3	76.4724468085107	72.2083333333333
46	4	76.8775543478261	74.415
45	5	77.1327777777778	75.8565
44	6	77.8698863636364	76.53125
43	7	78.0636046511628	78.3635714285714
42	8	78.5680357142857	79.9546875
41	9	79.2392073170732	81.52
40	10	79.6329375	82.743
39	11	80.1017948717948	84.3104545454546
38	12	80.6309868421052	86.0914583333333
37	13	80.7614189189189	87.6794230769231
36	14	81.6424305555555	89.0398214285714
35	15	81.5605714285714	90.3965
34	16	82.3602941176471	91.6371875
33	17	82.7084848484849	93.2941176470588
32	18	83.38578125	94.8575000000001
31	19	83.5312903225806	96.3559210526316
30	20	84.2013333333334	97.6725
29	21	84.6086206896552	99.2175
28	22	84.9670535714286	100.961363636364
27	23	85.5048148148148	102.160326086956
26	24	85.8353846153846	103.609895833333
25	25	86.2293	105.3195
24	26	86.90125	106.794423076923
23	27	87.2396739130435	108.251203703704
22	28	87.7201136363637	109.771875
21	29	88.0715476190476	111.311034482759
20	30	88.56525	112.732916666667
19	31	89.2905263157895	114.315967741935
18	32	89.5922222222222	115.637421875
17	33	90.3175	117.1225
16	34	90.48125	118.668455882353
15	35	91.1701666666667	120.305642857143
14	36	91.5248214285714	121.730902777778
13	37	91.9113461538462	123.177162162162
12	38	92.376875	124.694605263158
11	39	93.1036363636364	126.1325
10	40	93.07225	127.6344375
9	41	93.9302777777778	129.157073170732
8	42	94.414375	130.704047619048
7	43	94.8357142857143	132.340872093023
6	44	95.22125	133.717897727273
5	45	95.964	135.078388888889
4	46	95.6825	136.580434782609
3	47	96.3683333333333	138.206010638298
2	48	96.53375	139.620520833333
1	49	98.1925	141.175714285714
0	50	0	142.65125
