num_of_always_cooperate	num_of_always_defect	average_fitness_of_always_cooperate	average_fitness_of_always_defect
50	0	150	0
49	1	145.944081632653	200
48	2	141.85	196.065
47	3	137.694893617021	191.893333333333
46	4	133.645217391304	188.0125
45	5	129.479555555556	183.668
44	6	125.5675	179.698333333333
43	7	121.357674418605	175.394285714286
42	8	117.344761904762	171.28125
41	9	113.316097560976	167.288888888889
40	10	109.217	163.352
39	11	105.208974358974	159.078181818182
38	12	100.783157894737	155.033333333333
37	13	96.92	150.996923076923
36	14	93.1177777777778	147.265714285714
35	15	88.8011428571428	142.554666666667
34	16	84.6673529411765	138.42625
33	17	80.5666666666666	134.370588235294
32	18	76.496875	130.786666666667
31	19	72.2964516129032	126.495263157895
30	20	68.4193333333333	122.394
29	21	64.3827586206896	118.613809523809
28	22	60.1096428571429	114.402272727273
27	23	56.2388888888889	110.131304347826
26	24	52.0338461538461	106.182916666667
25	25	48.056	102.2516
24	26	43.38875	97.8923076923077
23	27	40.0021739130435	93.9833333333334
22	28	35.7568181818182	89.8892857142857
21	29	31.5871428571429	85.6127586206897
20	30	27.454	81.6673333333333
19	31	23.5384210526316	77.681935483871
18	32	19.5433333333333	73.439375
17	33	15.5488235294118	69.5678787878788
16	34	11.175	65.2891176470588
15	35	7.116	61.454
14	36	3.30071428571429	57.2241666666667
13	37	-1.00692307692308	52.9716216216216
12	38	-4.93166666666667	49.0278947368421
11	39	-9.20909090909091	44.8235897435898
10	40	-13.321	40.761
9	41	-17.1544444444444	36.6165853658537
8	42	-21.21875	32.6130952380953
7	43	-25.7457142857143	28.4902325581395
6	44	-29.485	24.5568181818182
5	45	-33.724	20.2606666666667
4	46	-37.545	16.4167391304348
3	47	-41.8666666666666	12.231914893617
2	48	-45.665	8.166875
1	49	-50	4.08734693877551
0	50	0	0
