num_of_always_defect	num_of_always_trembling	average_fitness_of_always_defect	average_fitness_of_always_trembling
50	0	0	0
49	1	2.03224489795918	-24.99
48	2	4.11541666666667	-22.8225
47	3	6.08595744680851	-20.6691666666667
46	4	8.18195652173913	-18.82625
45	5	10.2711111111111	-16.915
44	6	12.2679545454545	-14.95625
43	7	14.3	-12.8282142857143
42	8	16.3428571428571	-10.7834375
41	9	18.4741463414634	-8.64611111111111
40	10	20.38775	-6.68275
39	11	22.4007692307692	-4.80886363636364
38	12	24.5228947368421	-2.62666666666667
37	13	26.4862162162162	-0.387692307692308
36	14	28.4277777777778	1.49017857142857
35	15	30.6268571428571	3.68283333333334
34	16	32.5167647058823	5.9478125
33	17	34.7015151515152	7.64470588235294
32	18	36.6290625	9.79416666666667
31	19	38.8245161290322	11.8717105263158
30	20	40.8006666666667	13.800375
29	21	42.88	15.6209523809524
28	22	44.8796428571428	17.9252272727273
27	23	46.9281481481481	19.8683695652174
26	24	49.2311538461538	21.9964583333333
25	25	51.158	23.9948
24	26	53.19875	25.9734615384615
23	27	54.9695652173913	27.9110185185185
22	28	57.2645454545455	30.3066964285714
21	29	59.2014285714286	32.2187068965517
20	30	61.1205	34.12975
19	31	63.2036842105263	36.2591935483871
18	32	65.3494444444444	38.268984375
17	33	67.36	40.5759090909091
16	34	69.3	42.4154411764706
15	35	71.5013333333333	44.2667857142857
14	36	73.3285714285714	46.3204861111111
13	37	75.2969230769231	48.5021621621622
12	38	77.5416666666667	50.5938815789474
11	39	79.7536363636364	52.5115384615384
10	40	81.419	54.5950625
9	41	84.06	56.5529268292683
8	42	85.82875	58.4889880952381
7	43	87.6785714285714	60.7395930232558
6	44	90.265	62.7547727272727
5	45	91.582	64.7471666666667
4	46	93.6525	66.6549456521739
3	47	95.59	68.9632446808511
2	48	98.65	70.9721354166667
1	49	99.35	72.8797448979592
0	50	0	74.99585
