num_of_always_trembling	num_of_tit_for_tat	average_fitness_of_always_trembling	average_fitness_of_tit_for_tat
50	0	75.0824	0
49	1	75.5857653061225	68.6175
48	2	75.9109375	71.1775
47	3	76.3415957446809	71.8583333333333
46	4	77.2827717391305	73.51875
45	5	77.443	76.154
44	6	77.8673863636364	77.3770833333333
43	7	78.5776162790698	78.8160714285714
42	8	79.0104761904762	80.381875
41	9	79.2532317073171	82.2147222222222
40	10	80.0380625	84.1475
39	11	80.3314743589744	85.5329545454545
38	12	80.8190131578948	87.0727083333333
37	13	81.4271621621621	88.8548076923076
36	14	81.8025	90.6164285714286
35	15	82.3105714285714	92.1898333333334
34	16	82.9213970588235	93.95109375
33	17	83.372196969697	95.4735294117647
32	18	83.796484375	97.0661111111111
31	19	84.4479032258064	98.8493421052632
30	20	84.74725	100.496
29	21	85.3244827586207	102.216785714286
28	22	85.7780357142857	103.916363636364
27	23	86.5117592592593	105.340760869565
26	24	86.8522115384615	106.933541666667
25	25	87.3346	108.7184
24	26	88.0427083333334	110.226538461538
23	27	88.3778260869565	111.98537037037
22	28	88.69625	113.749107142857
21	29	89.2420238095238	115.254827586207
20	30	89.800875	116.85125
19	31	90.1946052631579	118.591209677419
18	32	90.6898611111111	120.28609375
17	33	91.0963235294117	121.875606060606
16	34	91.68328125	123.645073529412
15	35	92.5501666666667	125.262285714286
14	36	92.8307142857143	126.824444444444
13	37	93.2848076923077	128.585067567568
12	38	93.6789583333334	130.147171052632
11	39	94.3995454545455	131.809102564103
10	40	94.83825	133.463
9	41	95.0808333333333	135.157682926829
8	42	95.5875	136.782380952381
7	43	96.0464285714285	138.403430232558
6	44	96.7195833333333	140.085454545455
5	45	97.241	141.729944444444
4	46	97.5675	143.375923913043
3	47	97.5733333333333	144.973244680851
2	48	98.5925	146.6771875
1	49	99.155	148.34306122449
0	50	0	150
