num_of_always_cooperate	num_of_shame_driven_hiding	average_fitness_of_always_cooperate	average_fitness_of_shame_driven_hiding
50	0	150	0
49	1	149.966530612245	150.5
48	2	149.9175	150.48
47	3	149.876382978723	150.42
46	4	149.838695652174	150.37
45	5	149.799555555556	150.34
44	6	149.754090909091	150.32
43	7	149.715581395349	150.281428571429
42	8	149.672619047619	150.21125
41	9	149.64512195122	150.162222222222
40	10	149.5825	150.131
39	11	149.550512820513	150.104545454545
38	12	149.519473684211	150.041666666667
37	13	149.477027027027	150.004615384615
36	14	149.421388888889	149.985
35	15	149.393142857143	149.933333333333
34	16	149.348823529412	149.92375
33	17	149.326060606061	149.845294117647
32	18	149.29125	149.816111111111
31	19	149.218387096774	149.798947368421
30	20	149.193333333333	149.717
29	21	149.153793103448	149.698571428571
28	22	149.1225	149.658181818182
27	23	149.067777777778	149.606956521739
26	24	149.041538461538	149.55625
25	25	149.0032	149.5236
24	26	148.914166666667	149.507692307692
23	27	148.890869565217	149.432592592593
22	28	148.840454545455	149.404285714286
21	29	148.806666666667	149.351034482759
20	30	148.788	149.308
19	31	148.744736842105	149.272258064516
18	32	148.688888888889	149.2246875
17	33	148.634705882353	149.220303030303
16	34	148.593125	149.156470588235
15	35	148.594666666667	149.127142857143
14	36	148.557857142857	149.078055555556
13	37	148.491538461538	149.038648648649
12	38	148.425	148.986052631579
11	39	148.410909090909	148.973846153846
10	40	148.369	148.89525
9	41	148.35	148.863658536585
8	42	148.295	148.834285714286
7	43	148.257142857143	148.790465116279
6	44	148.173333333333	148.753636363636
5	45	148.184	148.710222222222
4	46	148.12	148.665434782609
3	47	148.09	148.626170212766
2	48	148.015	148.591666666667
1	49	148	148.53612244898
0	50	0	148.5
