num_of_always_defect	num_of_Pavlov	average_fitness_of_always_defect	average_fitness_of_Pavlov
50	0	0	0
49	1	2.29367346938776	-24.9875
48	2	4.57895833333334	-22.51125
47	3	6.8536170212766	-20.075
46	4	9.19130434782609	-17.40875
45	5	11.4826666666667	-15.1645
44	6	13.8427272727273	-12.365
43	7	16.0676744186046	-9.84714285714286
42	8	18.3445238095238	-7.325
41	9	20.5765853658537	-4.71333333333333
40	10	22.8875	-2.166
39	11	25.2325641025641	0.294090909090909
38	12	27.4360526315789	3.07729166666667
37	13	29.7851351351351	5.3825
36	14	31.9508333333333	7.97857142857143
35	15	34.3737142857143	10.5605
34	16	36.5888235294118	12.91796875
33	17	38.8939393939394	15.7647058823529
32	18	41.2828125	18.2102777777778
31	19	43.7116129032258	20.6069736842105
30	20	45.7313333333333	23.264625
29	21	48.1110344827586	25.9046428571429
28	22	50.3492857142857	28.4329545454546
27	23	52.5848148148148	30.7553260869565
26	24	54.9646153846154	33.6526041666667
25	25	57.2284	36.061
24	26	59.36375	38.5946153846154
23	27	61.6826086956522	41.3374074074074
22	28	64.0531818181818	43.9453571428571
21	29	66.4452380952381	46.3468965517241
20	30	68.665	48.9534166666667
19	31	71.0715789473684	51.4966935483871
18	32	73.2211111111111	54.201484375
17	33	75.5723529411764	56.8712121212121
16	34	77.924375	59.3345588235294
15	35	79.9913333333333	61.766
14	36	82.2871428571428	64.7346527777778
13	37	84.7246153846154	67.3043243243243
12	38	86.95	69.9478289473684
11	39	89.47	72.5648076923077
10	40	91.527	75.4690625
9	41	93.93	78.1509756097561
8	42	96.14125	80.805119047619
7	43	98.2514285714286	83.6917441860465
6	44	100.706666666667	86.3771590909091
5	45	103.08	89.3303888888889
4	46	105.2775	92.6240217391304
3	47	107.513333333333	95.7495212765958
2	48	109.83	100.112083333333
1	49	112.19	104.906071428571
0	50	0	113.20645
