num_of_always_cooperate	num_of_TFT_with_trembling_hand	average_fitness_of_always_cooperate	average_fitness_of_TFT_with_trembling_hand
50	0	150	0
49	1	149.959387755102	150.5
48	2	149.919583333333	150.385
47	3	149.878510638298	150.26
46	4	149.834130434783	150.196875
45	5	149.801333333333	150.0385
44	6	149.7575	149.957916666667
43	7	149.718372093023	149.878214285714
42	8	149.675952380952	149.8228125
41	9	149.620243902439	149.672777777778
40	10	149.5945	149.6055
39	11	149.565897435898	149.471136363636
38	12	149.503684210526	149.384583333333
37	13	149.465135135135	149.282115384615
36	14	149.453888888889	149.150714285714
35	15	149.388571428571	149.098666666667
34	16	149.343529411765	149.04359375
33	17	149.328484848485	148.93
32	18	149.278125	148.819305555556
31	19	149.219032258065	148.713421052632
30	20	149.193666666667	148.54725
29	21	149.115862068965	148.423571428571
28	22	149.08	148.334431818182
27	23	149.08	148.261847826087
26	24	149.045	148.16625
25	25	148.9684	148.0774
24	26	148.917916666667	148.042596153846
23	27	148.916086956522	147.883148148148
22	28	148.878181818182	147.798660714286
21	29	148.808571428571	147.671379310345
20	30	148.767	147.538333333333
19	31	148.722631578947	147.469838709677
18	32	148.723888888889	147.386328125
17	33	148.66	147.277651515152
16	34	148.645	147.148897058824
15	35	148.546	147.057571428571
14	36	148.537857142857	146.95125
13	37	148.466923076923	146.868445945946
12	38	148.4475	146.768223684211
11	39	148.417272727273	146.656474358974
10	40	148.359	146.574125
9	41	148.317777777778	146.449634146341
8	42	148.3075	146.381904761905
7	43	148.257142857143	146.29
6	44	148.198333333333	146.182556818182
5	45	148.144	146.094611111111
4	46	148.1	145.954510869565
3	47	148.076666666667	145.872819148936
2	48	148.03	145.76265625
1	49	148	145.631836734694
0	50	0	145.57735
