num_of_always_defect	num_of_tit_for_tat	average_fitness_of_always_defect	average_fitness_of_tit_for_tat
50	0	0	0
49	1	0.983469387755102	-12.0175
48	2	1.96708333333333	-8.75375
47	3	2.95127659574468	-5.42416666666667
46	4	3.93673913043478	-1.84375
45	5	4.92088888888889	1.184
44	6	5.89204545454546	4.39166666666667
43	7	6.87953488372094	7.6625
42	8	7.86761904761906	11
41	9	8.85268292682927	14.2958333333333
40	10	9.82275	17.67525
39	11	10.8217948717949	21.1259090909091
38	12	11.8034210526316	24.345625
37	13	12.7810810810811	27.4486538461538
36	14	13.7886111111111	31.1398214285714
35	15	14.7651428571428	34.1386666666667
34	16	15.7417647058824	37.4428125
33	17	16.7318181818182	40.7788235294118
32	18	17.715625	44.2459722222222
31	19	18.7051612903226	47.3975
30	20	19.684	50.75
29	21	20.6582758620689	54.0489285714286
28	22	21.6371428571428	57.2372727272727
27	23	22.6307407407407	60.4551086956522
26	24	23.6096153846154	64.1210416666667
25	25	24.5964	67.2971
24	26	25.5591666666667	70.5636538461538
23	27	26.5465217391304	73.7928703703704
22	28	27.5477272727273	77.3044642857143
21	29	28.4871428571428	80.4901724137931
20	30	29.519	83.7751666666666
19	31	30.4773684210526	86.9798387096774
18	32	31.4777777777778	90.535390625
17	33	32.4276470588235	93.7058333333334
16	34	33.458125	97.0715441176471
15	35	34.4233333333333	100.236571428571
14	36	35.3992857142857	103.7075
13	37	36.4330769230769	106.966554054054
12	38	37.3833333333333	110.369407894737
11	39	38.3572727272727	113.590320512821
10	40	39.339	116.858125
9	41	40.3322222222222	120.115548780488
8	42	41.25875	123.473095238095
7	43	42.2614285714286	126.788081395349
6	44	43.3116666666667	130.171306818182
5	45	44.324	133.538166666667
4	46	45.2525	136.793858695652
3	47	46.2333333333333	140.074255319149
2	48	47.22	143.38375
1	49	48.31	146.696581632653
0	50	0	150
