num_of_always_trembling	num_of_shame_driven_hiding	average_fitness_of_always_trembling	average_fitness_of_shame_driven_hiding
50	0	75.01635	0
49	1	75.5419387755102	69.4225
48	2	75.93171875	70.79
47	3	76.4014893617021	72.63
46	4	76.8491304347826	74.189375
45	5	77.3328888888888	74.958
44	6	78.0548295454545	77.55875
43	7	78.1988953488372	78.5239285714286
42	8	78.7980952380953	79.92125
41	9	79.1531707317073	81.7597222222222
40	10	79.653875	83.18775
39	11	80.2029487179487	85.0786363636364
38	12	80.74875	86.5629166666666
37	13	81.1572972972973	88.8432692307692
36	14	81.804375	89.9544642857143
35	15	81.9612142857143	91.4851666666667
34	16	82.5113970588235	93.02109375
33	17	82.9787121212122	94.5711764705882
32	18	83.4196875	96.0372222222223
31	19	83.9999193548387	97.8802631578947
30	20	84.5161666666667	99.41025
29	21	84.9958620689655	101.129761904762
28	22	85.39	102.589545454545
27	23	85.9739814814815	104.308586956522
26	24	86.2674038461539	105.765729166667
25	25	86.3909	107.4683
24	26	87.1414583333334	108.959423076923
23	27	87.8190217391305	110.546203703704
22	28	88.2557954545455	112.360535714286
21	29	88.6144047619047	113.899482758621
20	30	89.15525	115.395333333333
19	31	89.5548684210527	117.044193548387
18	32	90.025	118.712265625
17	33	90.3679411764706	120.3325
16	34	91.10328125	122.017058823529
15	35	91.4211666666667	123.583071428571
14	36	92.11625	125.4025
13	37	92.6328846153846	126.990945945946
12	38	92.9497916666667	128.527763157895
11	39	93.3356818181818	130.21891025641
10	40	93.829	131.961875
9	41	94.4575	133.537926829268
8	42	94.93125	135.119345238095
7	43	95.6142857142857	136.820290697674
6	44	95.9433333333334	138.516818181818
5	45	96.6425	140.155722222222
4	46	96.860625	141.849130434783
3	47	97.4591666666667	143.515159574468
2	48	97.54375	145.141770833333
1	49	98.44	146.81556122449
0	50	0	148.5
