num_of_always_cooperate	num_of_always_trembling	average_fitness_of_always_cooperate	average_fitness_of_always_trembling
50	0	150	0
49	1	147.972244897959	174.7175
48	2	145.912708333333	172.6025
47	3	143.832765957447	170.928333333333
46	4	141.803695652174	168.72
45	5	139.776444444444	166.9555
44	6	137.795227272727	164.7425
43	7	135.71	162.589285714286
42	8	133.601904761905	160.52
41	9	131.618292682927	158.628055555556
40	10	129.5575	156.42775
39	11	127.52282051282	154.499090909091
38	12	125.51	152.7725
37	13	123.538648648649	150.263461538462
36	14	121.463888888889	148.637321428571
35	15	119.401714285714	146.4335
34	16	117.335882352941	144.4365625
33	17	115.410303030303	142.365147058824
32	18	113.285	140.265833333333
31	19	111.284516129032	138.117368421053
30	20	109.142	136.2665
29	21	107.216896551724	134.153214285714
28	22	104.871785714286	132.319090909091
27	23	102.965555555556	130.278369565217
26	24	100.781923076923	128.128020833333
25	25	99.2884	126.1555
24	26	97.0245833333333	123.790961538462
23	27	94.73	121.9075
22	28	92.9418181818182	120.042232142857
21	29	90.6580952380952	117.871724137931
20	30	88.7335	115.704916666667
19	31	86.5963157894737	113.701209677419
18	32	84.5505555555556	111.69921875
17	33	83.0017647058824	109.772878787879
16	34	80.944375	107.557205882353
15	35	78.984	105.388
14	36	76.3985714285714	103.55375
13	37	74.0884615384615	101.462702702703
12	38	72.3925	99.6005921052631
11	39	70.6863636363636	97.3020512820513
10	40	68.754	95.4789375
9	41	66.4111111111111	93.3082317073171
8	42	64.13375	91.4308333333334
7	43	62.1028571428571	89.234011627907
6	44	59.9	87.4619886363636
5	45	58.612	85.1388888888889
4	46	55.9825	83.1689673913043
3	47	54.12	81.2232978723404
2	48	52.575	79.2482291666667
1	49	50.94	76.9851530612245
0	50	0	75.14895
