num_of_always_cooperate	num_of_shame_driven_denying	average_fitness_of_always_cooperate	average_fitness_of_shame_driven_denying
50	0	150	0
49	1	149.87306122449	151.52
48	2	149.752916666667	151.3175
47	3	149.629574468085	151.035
46	4	149.556739130435	150.921875
45	5	149.377333333333	150.75
44	6	149.278181818182	150.65625
43	7	149.116279069767	150.290357142857
42	8	149.025714285714	150.1378125
41	9	148.888780487805	150.110833333333
40	10	148.73925	149.9735
39	11	148.660769230769	149.655
38	12	148.489210526316	149.570416666667
37	13	148.364864864865	149.383461538462
36	14	148.338055555556	149.166428571429
35	15	148.188285714286	148.979666666667
34	16	148.066470588235	148.71140625
33	17	147.936666666667	148.685294117647
32	18	147.8009375	148.310416666667
31	19	147.658064516129	148.297631578947
30	20	147.570333333333	148.072625
29	21	147.487586206897	147.894523809524
28	22	147.333214285714	147.779431818182
27	23	147.199259259259	147.550869565217
26	24	147.011923076923	147.4325
25	25	146.9864	147.187
24	26	146.79375	147.002980769231
23	27	146.842173913044	146.892777777778
22	28	146.568636363636	146.622142857143
21	29	146.380476190476	146.433965517241
20	30	146.4085	146.21825
19	31	146.253684210526	146.048629032258
18	32	146.162222222222	145.9215625
17	33	145.944117647059	145.704090909091
16	34	145.785625	145.548014705882
15	35	145.666	145.312714285714
14	36	145.611428571429	145.138402777778
13	37	145.610769230769	144.961621621622
12	38	145.440833333333	144.763684210526
11	39	145.301818181818	144.577884615385
10	40	145.03	144.4395625
9	41	144.875555555556	144.27987804878
8	42	144.93	144.099464285714
7	43	144.63	143.836337209302
6	44	144.511666666667	143.685795454545
5	45	144.314	143.545277777778
4	46	144.49	143.368260869565
3	47	144.173333333333	143.228829787234
2	48	144.15	143.0575
1	49	144.44	142.788520408163
0	50	0	142.63695
