num_of_shame_driven_denying	num_of_Pavlov	average_fitness_of_shame_driven_denying	average_fitness_of_Pavlov
50	0	142.70345	0
49	1	142.787448979592	111.3575
48	2	142.79640625	111.15125
47	3	142.674627659574	110.756666666667
46	4	142.903586956522	110.416875
45	5	142.896388888889	110.691
44	6	142.94	110.327083333333
43	7	142.994534883721	109.766785714286
42	8	143.083869047619	110.2928125
41	9	143.112195121951	110.654722222222
40	10	143.1995625	110.69825
39	11	143.299935897436	110.702045454545
38	12	143.251907894737	110.29625
37	13	143.253716216216	110.425192307692
36	14	143.354930555556	111.605
35	15	143.431928571429	112.3565
34	16	143.530441176471	111.49921875
33	17	143.523636363636	111.093676470588
32	18	143.523828125	111.094583333333
31	19	143.684193548387	112.070131578947
30	20	143.733333333333	111.42525
29	21	143.748620689655	112.038095238095
28	22	143.83	111.675795454545
27	23	143.861296296296	111.630326086957
26	24	143.901346153846	112.043854166667
25	25	143.9173	111.8542
24	26	144.0109375	112.107980769231
23	27	144.179673913043	111.471481481481
22	28	144.159659090909	111.700714285714
21	29	144.125714285714	112.093275862069
20	30	144.260375	112.396833333333
19	31	144.345789473684	111.877096774194
18	32	144.352777777778	112.0590625
17	33	144.388676470588	112.342348484849
16	34	144.44953125	112.185735294118
15	35	144.415166666667	112.212642857143
14	36	144.491964285714	112.24125
13	37	144.660576923077	112.749189189189
12	38	144.697916666667	112.612565789474
11	39	144.7725	112.430897435897
10	40	144.7895	112.82575
9	41	144.851666666667	112.748048780488
8	42	144.891875	112.486785714286
7	43	144.8975	112.71023255814
6	44	144.9475	112.575795454545
5	45	145.048	112.837777777778
4	46	145.06375	112.997608695652
3	47	145.133333333333	113.163563829787
2	48	145.205	113.500260416667
1	49	145.21	113.32
0	50	0	113.4081
