num_of_shame_driven_hiding	num_of_shame_driven_denying	average_fitness_of_shame_driven_hiding	average_fitness_of_shame_driven_denying
50	0	148.5	0
49	1	148.432551020408	145.3575
48	2	148.380729166667	145.5375
47	3	148.2825	145.353333333333
46	4	148.255163043478	145.44875
45	5	148.221333333333	145.2735
44	6	148.111136363636	145.034583333333
43	7	148.03761627907	145.055357142857
42	8	147.996547619048	144.9846875
41	9	147.925243902439	145.014444444444
40	10	147.863125	144.929
39	11	147.756025641026	144.900454545454
38	12	147.703289473684	144.86875
37	13	147.671148648649	144.7825
36	14	147.598958333333	144.614821428571
35	15	147.516357142857	144.6555
34	16	147.539852941176	144.55953125
33	17	147.422651515152	144.563088235294
32	18	147.338984375	144.541666666667
31	19	147.340080645161	144.427105263158
30	20	147.254833333333	144.359
29	21	147.131293103448	144.309404761905
28	22	147.135892857143	144.279318181818
27	23	147.071944444444	144.265
26	24	147.011923076923	144.121875
25	25	146.9267	143.9974
24	26	146.84375	144.100961538461
23	27	146.792282608696	143.924814814815
22	28	146.73625	143.855982142857
21	29	146.686071428571	143.843965517241
20	30	146.588125	143.778083333333
19	31	146.548421052632	143.726693548387
18	32	146.529027777778	143.6603125
17	33	146.476617647059	143.628257575758
16	34	146.32078125	143.551838235294
15	35	146.402166666667	143.458214285714
14	36	146.241428571429	143.421666666667
13	37	146.235	143.381486486487
12	38	146.152708333333	143.284605263158
11	39	145.976818181818	143.220384615385
10	40	145.973	143.1494375
9	41	146.039722222222	143.110121951219
8	42	145.898125	143.035773809524
7	43	145.846785714286	143.00988372093
6	44	145.754583333333	142.960909090909
5	45	145.8425	142.890388888889
4	46	145.6875	142.891630434783
3	47	145.575833333333	142.79170212766
2	48	145.4775	142.7209375
1	49	145.95	142.770255102041
0	50	0	142.5909
