num_of_shame_driven_hiding	num_of_guilt_driven_amending	average_fitness_of_shame_driven_hiding	average_fitness_of_guilt_driven_amending
50	0	148.5	0
49	1	148.507244897959	146.9675
48	2	148.514895833333	147.085
47	3	148.523563829787	147.045
46	4	148.53277173913	147.050625
45	5	148.539611111111	147.0305
44	6	148.549375	147.05875
43	7	148.554593023256	147.039642857143
42	8	148.561785714286	147.05125
41	9	148.569085365854	147.073333333333
40	10	148.57625	147.092
39	11	148.587115384616	147.079772727273
38	12	148.590394736842	147.102291666667
37	13	148.604256756757	147.105961538462
36	14	148.608958333333	147.143928571429
35	15	148.617357142857	147.113
34	16	148.624705882353	147.1584375
33	17	148.635454545455	147.130294117647
32	18	148.644609375	147.157361111111
31	19	148.648387096774	147.151710526316
30	20	148.65075	147.16975
29	21	148.665603448276	147.18130952381
28	22	148.677410714286	147.187045454545
27	23	148.674074074074	147.164782608696
26	24	148.686826923077	147.187395833333
25	25	148.6926	147.1852
24	26	148.704791666667	147.196057692308
23	27	148.712391304348	147.242777777778
22	28	148.721363636364	147.208928571429
21	29	148.730476190476	147.229913793103
20	30	148.739	147.240166666667
19	31	148.741578947368	147.244435483871
18	32	148.753055555556	147.264609375
17	33	148.753382352941	147.274924242424
16	34	148.76984375	147.273970588235
15	35	148.772333333333	147.282428571429
14	36	148.771785714286	147.309097222222
13	37	148.789615384615	147.282905405405
12	38	148.791875	147.306052631579
11	39	148.800909090909	147.323846153846
10	40	148.81525	147.330625
9	41	148.835833333333	147.334329268293
8	42	148.8215625	147.335119047619
7	43	148.841785714286	147.329186046512
6	44	148.839583333333	147.351988636364
5	45	148.855	147.337222222222
4	46	148.858125	147.369184782609
3	47	148.863333333333	147.384414893617
2	48	148.87125	147.384739583333
1	49	148.9175	147.412806122449
0	50	0	147.3993
