num_of_TFT_with_trembling_hand	num_of_shame_driven_hiding	average_fitness_of_TFT_with_trembling_hand	average_fitness_of_shame_driven_hiding
50	0	145.57725	0
49	1	145.596479591837	147.52
48	2	145.571197916667	147.52625
47	3	145.587340425532	147.5375
46	4	145.626793478261	147.500625
45	5	145.631	147.612
44	6	145.681079545455	147.60375
43	7	145.703546511628	147.613214285714
42	8	145.694523809524	147.685
41	9	145.725548780488	147.737222222222
40	10	145.7453125	147.65525
39	11	145.773782051282	147.713636363636
38	12	145.791381578947	147.736041666667
37	13	145.809391891892	147.711538461538
36	14	145.769236111111	147.788928571429
35	15	145.823785714286	147.8425
34	16	145.841029411765	147.840625
33	17	145.834242424242	147.816470588235
32	18	145.92484375	147.835833333333
31	19	145.913306451613	147.846578947368
30	20	145.911083333333	147.8625
29	21	145.935344827586	147.897023809524
28	22	145.969821428571	147.9225
27	23	146.028981481482	147.927282608696
26	24	145.994038461538	147.953854166667
25	25	146.0187	147.9878
24	26	145.955520833333	147.996923076923
23	27	146.025760869565	148.013796296296
22	28	146.074204545455	148.039107142857
21	29	146.060714285714	148.06
20	30	146.13125	148.063
19	31	146.103026315789	148.101532258065
18	32	146.112361111111	148.10046875
17	33	146.181176470588	148.157045454545
16	34	146.2028125	148.175955882353
15	35	146.196	148.183357142857
14	36	146.229642857143	148.213333333333
13	37	146.236923076923	148.237837837838
12	38	146.251041666667	148.247434210526
11	39	146.279772727273	148.280448717949
10	40	146.303	148.287375
9	41	146.293055555556	148.323719512195
8	42	146.2603125	148.335119047619
7	43	146.299642857143	148.354069767442
6	44	146.29375	148.377954545455
5	45	146.3495	148.400888888889
4	46	146.45875	148.412717391304
3	47	146.448333333333	148.435585106383
2	48	146.53625	148.4590625
1	49	146.4375	148.477551020408
0	50	0	148.5
