num_of_TFT_with_trembling_hand	num_of_Pavlov	average_fitness_of_TFT_with_trembling_hand	average_fitness_of_Pavlov
50	0	145.58715	0
49	1	145.537704081633	112.17
48	2	145.471145833333	112.07125
47	3	145.494095744681	110.894166666667
46	4	145.425869565217	111.62625
45	5	145.402833333333	112.767
44	6	145.400284090909	111.85125
43	7	145.37511627907	112.325
42	8	145.390238095238	112.141875
41	9	145.254207317073	111.951666666667
40	10	145.28025	111.7675
39	11	145.24391025641	112.219318181818
38	12	145.164868421053	111.865625
37	13	145.135202702703	112.016923076923
36	14	145.114444444444	112.443392857143
35	15	145.152214285714	112.526666666667
34	16	145.089852941176	111.9959375
33	17	145.011818181818	112.174852941176
32	18	145.041875	113.196527777778
31	19	144.934758064516	113.2
30	20	144.91175	112.206375
29	21	144.9525	113.072976190476
28	22	144.83	112.252386363636
27	23	144.857037037037	112.377065217391
26	24	144.890288461539	112.830520833333
25	25	144.8516	112.6874
24	26	144.718958333333	112.658846153846
23	27	144.722282608696	112.8975
22	28	144.692159090909	112.311071428571
21	29	144.708452380952	112.810344827586
20	30	144.621	112.935
19	31	144.66	112.914032258065
18	32	144.561666666667	112.71296875
17	33	144.513382352941	113.160378787879
16	34	144.491875	112.845147058823
15	35	144.484833333333	112.9845
14	36	144.389107142857	112.988680555556
13	37	144.522307692308	112.676756756757
12	38	144.470208333333	113.026513157895
11	39	144.364772727273	112.850448717949
10	40	144.405	112.971375
9	41	144.306111111111	113.376646341463
8	42	144.3115625	113.233095238095
7	43	144.309642857143	112.931395348837
6	44	144.329166666667	113.037556818182
5	45	144.0775	113.258388888889
4	46	144.120625	113.101358695652
3	47	144.090833333333	113.057712765957
2	48	143.88375	112.995416666667
1	49	144.265	112.980765306122
0	50	0	113.14895
