num_of_TFT_with_trembling_hand	num_of_guilt_driven_amending	average_fitness_of_TFT_with_trembling_hand	average_fitness_of_guilt_driven_amending
50	0	145.591	0
49	1	145.623571428571	146.35
48	2	145.59265625	146.11625
47	3	145.678936170213	146.086666666667
46	4	145.683043478261	146.125
45	5	145.712888888889	146.247
44	6	145.708465909091	146.202083333333
43	7	145.790523255814	146.252142857143
42	8	145.773035714286	146.26375
41	9	145.797804878049	146.129722222222
40	10	145.810625	146.33225
39	11	145.895256410256	146.362727272727
38	12	145.927368421053	146.375208333333
37	13	145.976351351351	146.415961538462
36	14	145.936597222222	146.46375
35	15	145.989	146.470833333333
34	16	146.010294117647	146.51828125
33	17	146.005378787879	146.481176470588
32	18	146.0775	146.570694444444
31	19	146.070241935484	146.533421052632
30	20	146.175833333333	146.60875
29	21	146.129482758621	146.596904761905
28	22	146.114642857143	146.680340909091
27	23	146.173796296296	146.654239130435
26	24	146.189230769231	146.714791666667
25	25	146.2707	146.7103
24	26	146.264166666667	146.738653846154
23	27	146.300434782609	146.794537037037
22	28	146.281022727273	146.800357142857
21	29	146.3825	146.818534482759
20	30	146.332875	146.843916666667
19	31	146.315263157895	146.88814516129
18	32	146.388611111111	146.92203125
17	33	146.443088235294	146.957803030303
16	34	146.4465625	146.966985294118
15	35	146.4835	147.037857142857
14	36	146.543571428571	147.042569444444
13	37	146.594038461539	147.049797297297
12	38	146.602916666667	147.106381578947
11	39	146.583181818182	147.112179487179
10	40	146.67475	147.121875
9	41	146.661666666667	147.140304878049
8	42	146.6275	147.207142857143
7	43	146.622857142857	147.196686046512
6	44	146.741666666667	147.230397727273
5	45	146.7865	147.272555555556
4	46	146.770625	147.287880434783
3	47	146.809166666667	147.328989361702
2	48	146.91	147.343958333333
1	49	146.91	147.365306122449
0	50	0	147.4249
