num_of_TFT_with_trembling_hand	num_of_shame_driven_denying	average_fitness_of_TFT_with_trembling_hand	average_fitness_of_shame_driven_denying
50	0	145.543	0
49	1	145.540459183673	144.3375
48	2	145.500885416667	144.47125
47	3	145.462021276596	144.575
46	4	145.344565217391	144.634375
45	5	145.381888888889	144.4985
44	6	145.337386363636	144.407083333333
43	7	145.280348837209	144.297142857143
42	8	145.249583333333	144.29
41	9	145.258414634146	144.240833333333
40	10	145.1726875	144.288
39	11	145.177051282051	144.116363636364
38	12	145.057894736842	144.179166666667
37	13	145.036959459459	144.277884615385
36	14	145.009791666667	144.108928571428
35	15	144.934357142857	144.072666666667
34	16	144.88875	143.96921875
33	17	144.8425	143.951470588235
32	18	144.871015625	143.885972222222
31	19	144.78064516129	143.930263157895
30	20	144.7245	143.83025
29	21	144.772413793103	143.903571428571
28	22	144.711160714286	143.853636363636
27	23	144.571666666667	143.7675
26	24	144.572403846154	143.680208333333
25	25	144.5716	143.6586
24	26	144.562708333333	143.627211538462
23	27	144.407608695652	143.60287037037
22	28	144.467272727273	143.579642857143
21	29	144.390238095238	143.445862068966
20	30	144.303625	143.455583333333
19	31	144.328947368421	143.551612903226
18	32	144.212916666667	143.398203125
17	33	144.214705882353	143.322272727273
16	34	144.16796875	143.288897058824
15	35	144.091833333333	143.220642857143
14	36	144.191428571429	143.225
13	37	144.063653846154	143.138310810811
12	38	144.074791666667	143.190921052632
11	39	144.015227272727	143.074551282051
10	40	143.96575	143.021875
9	41	144.018611111111	143.053170731707
8	42	143.8590625	142.938095238095
7	43	143.877857142857	142.906976744186
6	44	143.84125	142.904659090909
5	45	143.793	142.891833333333
4	46	143.709375	142.847608695652
3	47	143.555	142.754042553192
2	48	143.45	142.708385416667
1	49	143.4775	142.655765306123
0	50	0	142.63405
