num_of_tit_for_tat	num_of_shame_driven_denying	average_fitness_of_tit_for_tat	average_fitness_of_shame_driven_denying
50	0	150	0
49	1	149.897602040816	147.685
48	2	149.81109375	147.25
47	3	149.675478723404	147.41
46	4	149.599673913043	147.089375
45	5	149.480222222222	147.207
44	6	149.393636363636	146.895
43	7	149.285406976744	146.794642857143
42	8	149.19869047619	146.825625
41	9	149.106524390244	146.711666666667
40	10	148.988375	146.4625
39	11	148.891538461538	146.376136363636
38	12	148.773355263158	146.389166666667
37	13	148.651148648649	146.302307692308
36	14	148.566875	146.17
35	15	148.459071428571	146.065666666667
34	16	148.339926470588	145.939375
33	17	148.296136363636	145.817647058823
32	18	148.12359375	145.830694444444
31	19	148.006451612903	145.686710526316
30	20	147.914	145.59575
29	21	147.859655172414	145.541428571429
28	22	147.755	145.4425
27	23	147.644537037037	145.215760869565
26	24	147.569326923077	145.125416666667
25	25	147.4065	145.1144
24	26	147.379583333333	144.974038461538
23	27	147.152608695652	144.895
22	28	147.20875	144.887410714286
21	29	146.992380952381	144.74
20	30	146.846125	144.568083333333
19	31	146.82197368421	144.545
18	32	146.735833333333	144.430546875
17	33	146.623676470588	144.212575757576
16	34	146.5321875	144.218014705882
15	35	146.4085	144.062
14	36	146.3275	143.947916666667
13	37	146.178846153846	143.947364864865
12	38	146.144166666667	143.824473684211
11	39	145.899545454546	143.73532051282
10	40	145.9735	143.5953125
9	41	145.936388888889	143.482134146341
8	42	145.74875	143.415773809524
7	43	145.601428571429	143.322325581395
6	44	145.538333333333	143.282897727273
5	45	145.387	143.121777777778
4	46	145.18	143.008152173913
3	47	145.1875	142.951223404255
2	48	145.1825	142.882083333333
1	49	144.91	142.773979591837
0	50	0	142.6497
