num_of_tit_for_tat	num_of_TFT_with_trembling_hand	average_fitness_of_tit_for_tat	average_fitness_of_TFT_with_trembling_hand
50	0	150	0
49	1	149.947448979592	148.44
48	2	149.887447916667	148.3175
47	3	149.825212765957	148.285
46	4	149.73375	148.22375
45	5	149.702166666667	148.2105
44	6	149.641875	148.091666666667
43	7	149.584651162791	148.049285714286
42	8	149.523333333333	147.9971875
41	9	149.444146341463	148.023611111111
40	10	149.3813125	147.97275
39	11	149.336858974359	147.814545454545
38	12	149.264671052632	147.750416666667
37	13	149.207567567567	147.724615384615
36	14	149.134791666667	147.684821428571
35	15	149.111428571429	147.610666666667
34	16	149.047058823529	147.5275
33	17	148.980378787879	147.472205882353
32	18	148.9125	147.408333333333
31	19	148.853064516129	147.389342105263
30	20	148.785166666667	147.346
29	21	148.696293103448	147.274285714286
28	22	148.689017857143	147.219886363636
27	23	148.68212962963	147.136304347826
26	24	148.52	147.115833333333
25	25	148.4963	146.9971
24	26	148.47	146.952692307692
23	27	148.361304347826	146.963425925926
22	28	148.298068181818	146.798839285714
21	29	148.24869047619	146.766293103448
20	30	148.189125	146.758916666667
19	31	148.144473684211	146.680161290323
18	32	148.044027777778	146.645
17	33	148.011470588235	146.630227272727
16	34	147.9515625	146.494485294118
15	35	147.865166666667	146.472142857143
14	36	147.865178571429	146.430694444444
13	37	147.819038461539	146.321351351351
12	38	147.644791666667	146.318421052632
11	39	147.690909090909	146.239423076923
10	40	147.57275	146.173
9	41	147.547777777778	146.086768292683
8	42	147.495	146.03494047619
7	43	147.447142857143	145.963662790698
6	44	147.385833333333	145.939431818182
5	45	147.251	145.860611111111
4	46	147.27125	145.788586956522
3	47	147.194166666667	145.702765957447
2	48	147.33375	145.666197916667
1	49	147.2075	145.632653061224
0	50	0	145.589
