num_of_tit_for_tat	num_of_shame_driven_hiding	average_fitness_of_tit_for_tat	average_fitness_of_shame_driven_hiding
50	0	150	0
49	1	149.961020408163	150.5
48	2	149.919375	150.455
47	3	149.882978723404	150.393333333333
46	4	149.846304347826	150.37
45	5	149.788222222222	150.322
44	6	149.759545454546	150.278333333333
43	7	149.715348837209	150.257142857143
42	8	149.68119047619	150.20875
41	9	149.646585365854	150.196666666666
40	10	149.5865	150.166
39	11	149.551025641026	150.088181818182
38	12	149.53	150.054166666667
37	13	149.453783783784	150.026923076923
36	14	149.432777777778	149.994285714286
35	15	149.386	149.951333333333
34	16	149.351176470588	149.9075
33	17	149.306363636364	149.849411764706
32	18	149.27	149.816666666667
31	19	149.239032258065	149.795263157895
30	20	149.202666666667	149.7315
29	21	149.176551724138	149.702857142857
28	22	149.107857142857	149.63
27	23	149.07	149.604347826087
26	24	149.022692307692	149.555416666667
25	25	148.9804	149.5288
24	26	148.959166666667	149.506923076923
23	27	148.90652173913	149.424444444444
22	28	148.844090909091	149.415
21	29	148.835238095238	149.361034482759
20	30	148.796	149.315666666667
19	31	148.75	149.283548387097
18	32	148.709444444444	149.2328125
17	33	148.64	149.188484848485
16	34	148.62625	149.180294117647
15	35	148.523333333333	149.121428571429
14	36	148.517857142857	149.063333333333
13	37	148.502307692308	149.042432432432
12	38	148.451666666667	148.995263157895
11	39	148.399090909091	148.954102564102
10	40	148.378	148.9155
9	41	148.328888888889	148.867073170732
8	42	148.2725	148.828809523809
7	43	148.254285714286	148.799767441861
6	44	148.216666666667	148.746590909091
5	45	148.184	148.705555555556
4	46	148.1525	148.664565217391
3	47	148.07	148.628936170213
2	48	148.065	148.580416666667
1	49	148	148.541224489796
0	50	0	148.5
