num_of_tit_for_tat	num_of_guilt_driven_amending	average_fitness_of_tit_for_tat	average_fitness_of_guilt_driven_amending
50	0	150	0
49	1	149.964081632653	148.9375
48	2	149.936458333333	148.91625
47	3	149.898244680851	148.908333333333
46	4	149.86722826087	148.87625
45	5	149.841055555556	148.839
44	6	149.798011363636	148.754583333333
43	7	149.778313953488	148.785
42	8	149.741964285714	148.726875
41	9	149.707743902439	148.744444444444
40	10	149.64975	148.653
39	11	149.642628205128	148.679545454545
38	12	149.596513157895	148.624166666667
37	13	149.564594594595	148.580961538462
36	14	149.544652777778	148.583214285714
35	15	149.508428571429	148.544833333333
34	16	149.479779411765	148.51296875
33	17	149.447878787879	148.515294117647
32	18	149.387890625	148.425694444444
31	19	149.374838709677	148.402105263158
30	20	149.3635	148.3585
29	21	149.30474137931	148.334523809524
28	22	149.257232142857	148.324318181818
27	23	149.249814814815	148.275760869565
26	24	149.208846153846	148.229479166667
25	25	149.1991	148.1826
24	26	149.130833333333	148.1675
23	27	149.142717391304	148.146203703704
22	28	149.073522727273	148.113214285714
21	29	149.049761904762	148.072068965517
20	30	149.0045	148.06125
19	31	148.979342105263	147.995967741935
18	32	148.950277777778	148.003359375
17	33	148.919558823529	147.975151515152
16	34	148.89875	147.895073529412
15	35	148.855833333333	147.887428571429
14	36	148.789464285714	147.869583333333
13	37	148.745192307692	147.825405405405
12	38	148.755208333333	147.802697368421
11	39	148.7025	147.751538461539
10	40	148.6525	147.7261875
9	41	148.626111111111	147.695731707317
8	42	148.6084375	147.647797619048
7	43	148.559285714286	147.628139534884
6	44	148.566666666667	147.595113636364
5	45	148.523	147.578777777778
4	46	148.480625	147.529945652174
3	47	148.4525	147.506436170213
2	48	148.405	147.473958333333
1	49	148.3725	147.428418367347
0	50	0	147.40975
