num_of_always_trembling	num_of_TFT_with_trembling_hand	average_fitness_of_always_trembling	average_fitness_of_TFT_with_trembling_hand
100	0	50.11665	0
99	1	50.4687373737374	34.44
98	2	50.8116836734694	34.815
97	3	50.9917525773196	34.4633333333333
96	4	51.3338541666667	35.25
95	5	51.6711578947368	35.415
94	6	52.0715957446808	36.29
93	7	52.2939784946237	36.7721428571429
92	8	52.7946195652174	37.48875
91	9	52.9669230769231	37.8144444444444
90	10	53.3983333333333	37.901
89	11	53.5414606741573	38.7795454545454
88	12	53.9238068181818	38.9304166666667
87	13	54.4137931034483	39.4903846153846
86	14	54.4740697674418	40.3203571428571
85	15	54.8688235294118	40.673
84	16	55.2726190476191	41.3396875
83	17	55.5750602409639	41.6376470588235
82	18	56.0195731707317	42.1375
81	19	56.2770370370371	42.4484210526316
80	20	56.5698125	43.23975
79	21	56.9909493670886	43.7673809523809
78	22	57.1933974358975	43.9765909090909
77	23	57.5039610389611	44.5678260869565
76	24	57.8378289473684	44.8858333333333
75	25	58.1886666666667	45.5532
74	26	58.5394594594594	46.1207692307692
73	27	58.9469863013698	46.5474074074074
72	28	59.2225	46.9767857142857
71	29	59.5537323943662	47.5246551724138
70	30	60.0492857142857	47.9331666666667
69	31	60.1098550724638	48.3695161290323
68	32	60.5710294117647	49.0925
67	33	60.8541791044776	49.5007575757576
66	34	61.2289393939394	50.0877941176471
65	35	61.66	50.5714285714286
64	36	61.964375	50.8015277777778
63	37	62.2729365079365	51.4924324324324
62	38	62.4635483870968	52.0014473684211
61	39	62.8830327868853	52.5810256410256
60	40	63.2465833333333	52.978
59	41	63.6473728813559	53.5274390243902
58	42	63.7687068965517	54.0472619047619
57	43	64.1276315789474	54.298023255814
56	44	64.5495535714286	54.9506818181818
55	45	64.8898181818182	55.3427777777778
54	46	65.3752777777778	55.9901086956522
53	47	65.4381132075472	56.3675531914894
52	48	65.78125	57.0497916666667
51	49	66.1921568627451	57.4931632653062
50	50	66.7297	58.0811
49	51	66.9512244897959	58.5210784313726
48	52	67.1627083333333	58.9438461538462
47	53	67.3974468085106	59.3604716981132
46	54	67.9803260869565	59.8487037037037
45	55	68.2296666666667	60.4470909090909
44	56	68.5715909090909	60.9169642857143
43	57	68.6111627906977	61.3032456140351
42	58	69.1334523809524	61.8849137931034
41	59	69.325	62.4014406779661
40	60	69.879625	62.8074166666667
39	61	70.1373076923077	63.4101639344263
38	62	70.2998684210526	63.8464516129032
37	63	70.7190540540541	64.4719841269842
36	64	71.0458333333333	64.763125
35	65	71.5245714285714	65.4103076923077
34	66	71.8198529411765	65.855
33	67	72.0380303030303	66.3471641791045
32	68	72.46515625	66.8838970588235
31	69	72.7738709677419	67.3250724637681
30	70	73.26	67.8957857142857
29	71	73.4503448275862	68.4231690140845
28	72	73.7026785714286	68.7919444444445
27	73	74.1496296296296	69.3789041095891
26	74	74.4882692307692	69.8289864864865
25	75	74.8236	70.2702
24	76	75.1320833333333	70.7942105263158
23	77	75.464347826087	71.379025974026
22	78	75.6163636363636	71.8549358974359
21	79	76.2376190476191	72.253164556962
20	80	76.32475	72.8005
19	81	76.7344736842105	73.33
18	82	77.0475	73.8110975609756
17	83	77.7358823529412	74.2861445783132
16	84	77.7203125	74.8076785714286
15	85	78.2766666666667	75.3241764705882
14	86	78.5507142857143	75.6926162790698
13	87	78.8923076923077	76.3409770114942
12	88	79.2295833333333	76.7010227272727
11	89	79.5581818181818	77.2811797752809
10	90	79.7965	77.749
9	91	80.045	78.1921428571429
8	92	80.50875	78.7916847826087
7	93	80.7571428571428	79.2816129032258
6	94	81.1508333333333	79.7395212765958
5	95	81.433	80.2304736842105
4	96	81.75625	80.7193229166667
3	97	82.2183333333333	81.2427835051546
2	98	82.3675	81.715612244898
1	99	82.545	82.184898989899
0	100	0	82.7076
