num_of_always_cooperate	num_of_shame_driven_hiding	average_fitness_of_always_cooperate	average_fitness_of_shame_driven_hiding
100	0	100	0
99	1	99.8192929292929	110
98	2	99.6229591836735	109.805
97	3	99.4425773195876	109.586666666667
96	4	99.2603125	109.4775
95	5	99.0733684210527	109.278
94	6	98.8821276595745	109.07
93	7	98.7043010752688	108.865714285714
92	8	98.5357608695652	108.6825
91	9	98.3158241758242	108.474444444444
90	10	98.1397777777778	108.314
89	11	97.9596629213484	108.111818181818
88	12	97.7564772727273	107.954166666667
87	13	97.5897701149425	107.708461538462
86	14	97.3945348837209	107.606428571429
85	15	97.1837647058824	107.392
84	16	97.0338095238095	107.226875
83	17	96.842530120482	107.096470588235
82	18	96.6084146341463	106.727777777778
81	19	96.4448148148148	106.627894736842
80	20	96.27475	106.412
79	21	96.0654430379746	106.191428571429
78	22	95.8864102564103	106.034090909091
77	23	95.7333766233766	105.859130434783
76	24	95.4696052631579	105.705416666667
75	25	95.2894666666667	105.3892
74	26	95.1236486486486	105.273461538462
73	27	94.9195890410959	105.114074074074
72	28	94.7561111111111	104.925
71	29	94.5829577464789	104.644827586207
70	30	94.2987142857143	104.507666666667
69	31	94.1655072463768	104.289032258064
68	32	93.9882352941177	104.0528125
67	33	93.7708955223881	103.888787878788
66	34	93.5436363636364	103.715294117647
65	35	93.3386153846154	103.456
64	36	93.1853125	103.299166666667
63	37	92.9539682539683	103.151351351351
62	38	92.7864516129032	102.93052631579
61	39	92.5773770491804	102.69358974359
60	40	92.4376666666667	102.56125
59	41	92.2262711864407	102.348048780488
58	42	92.0125862068966	102.122142857143
57	43	91.8045614035088	101.925813953488
56	44	91.6164285714286	101.757727272727
55	45	91.3587272727273	101.577333333333
54	46	91.1346296296296	101.401086956522
53	47	91.0290566037736	101.15914893617
52	48	90.805576923077	100.978125
51	49	90.5950980392157	100.688775510204
50	50	90.4446	100.5566
49	51	90.1930612244898	100.288431372549
48	52	90.004375	100.102115384615
47	53	89.7987234042554	99.9081132075472
46	54	89.5719565217391	99.6996296296296
45	55	89.4026666666667	99.5136363636364
44	56	89.1715909090909	99.3176785714285
43	57	88.9862790697675	99.1273684210526
42	58	88.7485714285714	98.8951724137931
41	59	88.5270731707317	98.7110169491526
40	60	88.31575	98.4991666666667
39	61	88.1625641025641	98.2832786885246
38	62	87.956052631579	98.1398387096775
37	63	87.7321621621621	97.887619047619
36	64	87.5261111111111	97.66125
35	65	87.3622857142857	97.4349230769231
34	66	87.1123529411764	97.255303030303
33	67	86.9139393939394	97.0361194029851
32	68	86.69375	96.822205882353
31	69	86.471935483871	96.6475362318841
30	70	86.251	96.407
29	71	86.0951724137931	96.2645070422535
28	72	85.8971428571429	96.0052777777778
27	73	85.7218518518518	95.7980821917808
26	74	85.3984615384615	95.6021621621622
25	75	85.264	95.3445333333333
24	76	85.01875	95.1681578947369
23	77	84.7569565217392	94.9681818181818
22	78	84.5768181818182	94.7708974358975
21	79	84.4042857142857	94.5575949367089
20	80	84.21	94.346
19	81	83.8942105263157	94.1062962962963
18	82	83.7233333333333	93.9192682926829
17	83	83.5335294117647	93.6679518072289
16	84	83.269375	93.4905952380953
15	85	83.076	93.255294117647
14	86	82.8914285714286	93.0620930232558
13	87	82.6238461538462	92.8449425287356
12	88	82.5083333333333	92.6390909090909
11	89	82.1454545454546	92.4223595505618
10	90	82.017	92.1738888888889
9	91	81.7866666666667	91.9476923076924
8	92	81.585	91.7530434782609
7	93	81.32	91.5486021505376
6	94	81.0983333333333	91.3374468085106
5	95	80.872	91.1257894736843
4	96	80.66	90.8684375
3	97	80.5133333333333	90.658969072165
2	98	80.195	90.4493877551021
1	99	80	90.2161616161616
0	100	0	90
