num_of_always_defect	num_of_shame_driven_hiding	average_fitness_of_always_defect	average_fitness_of_shame_driven_hiding
100	0	0	0
99	1	0.842121212121211	-41.49
98	2	1.66959183673469	-40.39
97	3	2.51659793814433	-39.1216666666667
96	4	3.35354166666667	-38.2475
95	5	4.20094736842105	-36.592
94	6	5.03936170212766	-35.5633333333333
93	7	5.86645161290323	-34.5121428571429
92	8	6.70945652173913	-33.55125
91	9	7.52703296703297	-32.3027777777778
90	10	8.38777777777778	-30.924
89	11	9.24067415730338	-29.8427272727273
88	12	10.0636363636364	-28.6545833333333
87	13	10.9177011494253	-27.3203846153846
86	14	11.7366279069767	-26.2317857142857
85	15	12.6065882352941	-24.9616666666667
84	16	13.4459523809524	-23.825
83	17	14.2538554216867	-22.7602941176471
82	18	15.1129268292683	-21.505
81	19	15.9374074074074	-20.1831578947368
80	20	16.78475	-18.998
79	21	17.6349367088608	-17.9380952380952
78	22	18.4846153846154	-16.5875
77	23	19.294025974026	-15.4569565217391
76	24	20.1469736842105	-14.2252083333333
75	25	20.966	-12.9666
74	26	21.8205405405405	-11.7415384615385
73	27	22.6861643835616	-10.4742592592593
72	28	23.4783333333333	-9.36089285714286
71	29	24.3028169014085	-7.96931034482759
70	30	25.1728571428572	-6.839
69	31	26.0097101449275	-5.52645161290323
68	32	26.8891176470588	-4.42640625
67	33	27.6917910447761	-3.14181818181818
66	34	28.5230303030303	-1.90514705882353
65	35	29.3841538461539	-0.763571428571429
64	36	30.22515625	0.655694444444444
63	37	31.0304761904762	1.88824324324324
62	38	31.9496774193548	3.17815789473684
61	39	32.7529508196721	4.36358974358974
60	40	33.5285	5.684
59	41	34.4016949152542	7.03414634146341
58	42	35.2275862068965	8.23416666666667
57	43	36.0336842105263	9.55953488372093
56	44	36.9444642857143	10.8580681818182
55	45	37.8012727272727	12.1056666666667
54	46	38.6053703703704	13.3360869565217
53	47	39.4479245283019	14.6858510638298
52	48	40.3346153846154	16.0097916666667
51	49	41.146862745098	17.2926530612245
50	50	41.9734	18.4796
49	51	42.7542857142857	19.873137254902
48	52	43.6627083333333	21.1325961538461
47	53	44.491914893617	22.5418867924528
46	54	45.2663043478261	23.854537037037
45	55	46.1671111111111	25.1518181818182
44	56	46.9831818181818	26.4516964285714
43	57	47.7879069767442	27.8494736842105
42	58	48.6507142857143	29.1812068965517
41	59	49.4578048780488	30.5605084745763
40	60	50.30575	31.7753333333333
39	61	51.2258974358974	33.2981147540984
38	62	52.01	34.5829838709677
37	63	52.9394594594594	35.9369047619048
36	64	53.7227777777778	37.364765625
35	65	54.518	38.6049230769231
34	66	55.375	40.0813636363636
33	67	56.18	41.4780597014925
32	68	57.02125	42.8126470588235
31	69	58.0193548387097	44.2060144927536
30	70	58.661	45.6178571428571
29	71	59.6458620689655	46.9511267605634
28	72	60.4392857142857	48.420625
27	73	61.2274074074074	49.7704109589041
26	74	61.98	51.1624324324324
25	75	62.9676	52.5864666666667
24	76	63.8575	54.0901315789473
23	77	64.5221739130435	55.5298701298701
22	78	65.390909090909	56.9333333333333
21	79	66.3838095238095	58.3516455696203
20	80	67.104	59.7620625
19	81	67.9289473684211	61.2267283950617
18	82	68.8161111111111	62.735
17	83	69.6552941176471	64.0933132530121
16	84	70.548125	65.6221428571428
15	85	71.3246666666666	67.1077058823529
14	86	72.2642857142857	68.543023255814
13	87	72.9207692307692	70.1413218390805
12	88	73.8166666666666	71.5811363636364
11	89	74.7381818181818	73.0887078651685
10	90	75.7119999999999	74.5907222222222
9	91	76.3244444444444	76.0308791208791
8	92	77.25875	77.6097826086956
7	93	78.11	79.1259677419355
6	94	78.8833333333333	80.6898936170213
5	95	79.87	82.197
4	96	80.3325	83.7483333333333
3	97	81.3	85.3010309278351
2	98	82.595	86.8576530612244
1	99	82.91	88.4157070707071
0	100	0	90
