num_of_always_defect	num_of_shame_driven_denying	average_fitness_of_always_defect	average_fitness_of_shame_driven_denying
100	0	0	0
99	1	0.839393939393939	-41.405
98	2	1.68510204081633	-40.455
97	3	2.51886597938144	-39.225
96	4	3.35760416666667	-38.11875
95	5	4.20789473684211	-36.886
94	6	5.03670212765958	-35.8241666666667
93	7	5.87032258064516	-34.5207142857143
92	8	6.72	-33.2175
91	9	7.55681318681319	-32.05
90	10	8.39122222222222	-30.8195
89	11	9.24000000000001	-29.6154545454546
88	12	10.0925	-28.5470833333334
87	13	10.9125287356322	-27.3776923076923
86	14	11.758023255814	-26.1
85	15	12.6089411764706	-24.9306666666667
84	16	13.4291666666667	-23.898125
83	17	14.2413253012048	-22.6476470588235
82	18	15.1121951219512	-21.4680555555556
81	19	15.9430864197531	-20.2421052631579
80	20	16.7765	-19.1435
79	21	17.6150632911392	-17.9414285714286
78	22	18.4780769230769	-16.6645454545455
77	23	19.2811688311688	-15.6463043478261
76	24	20.1371052631579	-14.3027083333333
75	25	20.9752	-13.2078
74	26	21.8263513513514	-11.98
73	27	22.6468493150685	-10.8062962962963
72	28	23.4775	-9.46321428571429
71	29	24.33	-8.46844827586206
70	30	25.1571428571429	-7.36966666666666
69	31	25.9963768115942	-6.09854838709677
68	32	26.8676470588235	-4.9296875
67	33	27.6929850746269	-3.70757575757576
66	34	28.4898484848485	-2.63985294117647
65	35	29.3966153846154	-1.34128571428572
64	36	30.20703125	-0.129305555555556
63	37	31.0638095238095	1.02121621621622
62	38	31.9014516129032	2.25815789473684
61	39	32.7150819672131	3.30961538461538
60	40	33.521	4.563
59	41	34.3728813559322	5.66707317073171
58	42	35.2591379310345	6.93440476190476
57	43	36.0463157894737	7.97255813953489
56	44	36.9289285714286	9.35704545454545
55	45	37.8001818181818	10.4548888888889
54	46	38.6772222222222	11.7664130434783
53	47	39.4592452830189	12.8291489361702
52	48	40.3448076923077	14.0411458333333
51	49	41.1396078431372	15.1812244897959
50	50	41.9362	16.4562
49	51	42.7867346938775	17.606568627451
48	52	43.6285416666667	18.7913461538462
47	53	44.4393617021277	20.0148113207547
46	54	45.3156521739131	21.0282407407407
45	55	46.1946666666667	22.2714545454546
44	56	46.9677272727273	23.368125
43	57	47.8351162790698	24.6314912280702
42	58	48.7047619047619	25.7560344827586
41	59	49.5156097560976	26.9511016949153
40	60	50.3455	28.2015833333333
39	61	51.115641025641	29.4380327868852
38	62	51.9828947368421	30.5701612903226
37	63	52.9564864864865	31.7016666666667
36	64	53.8097222222223	32.902109375
35	65	54.5677142857143	34.0620769230769
34	66	55.4261764705882	35.2994696969697
33	67	56.2566666666667	36.4472388059702
32	68	57.0321875	37.5925
31	69	57.9061290322581	38.7527536231884
30	70	58.739	40.0878571428572
29	71	59.6627586206897	41.1935211267606
28	72	60.3342857142857	42.3396527777778
27	73	61.2333333333333	43.52
26	74	62.0788461538462	44.7701351351351
25	75	62.8968	45.8626666666667
24	76	63.805	47.1402631578948
23	77	64.6021739130435	48.2588961038961
22	78	65.4968181818182	49.3910256410257
21	79	66.2942857142857	50.6348734177215
20	80	67.0505	51.8485
19	81	67.95	53.0135802469136
18	82	68.6933333333333	54.2381707317073
17	83	69.7394117647059	55.3543373493976
16	84	70.541875	56.5871428571428
15	85	71.3546666666667	57.7415294117647
14	86	72.1085714285714	58.9561627906977
13	87	72.9338461538461	60.1102298850575
12	88	73.9175	61.1775568181818
11	89	74.9836363636363	62.5287078651685
10	90	75.426	63.6516111111111
9	91	76.5022222222222	64.8189010989011
8	92	77.24	66.0134239130435
7	93	78.03	67.1558064516129
6	94	78.6583333333333	68.2996276595745
5	95	79.722	69.5024210526315
4	96	80.57	70.7938541666666
3	97	81.52	71.935824742268
2	98	82.345	73.0905612244898
1	99	82.89	74.2632323232323
0	100	0	75.47335
