num_of_always_defect	num_of_TFT_with_trembling_hand	average_fitness_of_always_defect	average_fitness_of_TFT_with_trembling_hand
100	0	0	0
99	1	0.842323232323232	-41.655
98	2	1.67989795918367	-40.3725
97	3	2.52144329896907	-39.125
96	4	3.35416666666667	-37.5975
95	5	4.20252631578947	-36.524
94	6	5.04914893617021	-35.2216666666667
93	7	5.86967741935484	-33.9607142857143
92	8	6.72282608695652	-32.69
91	9	7.55307692307692	-31.5883333333333
90	10	8.37877777777778	-30.305
89	11	9.2423595505618	-29.2086363636364
88	12	10.0792045454545	-27.69125
87	13	10.918275862069	-26.6157692307692
86	14	11.7439534883721	-25.1385714285714
85	15	12.614	-23.8646666666667
84	16	13.4183333333333	-22.6725
83	17	14.2893975903614	-21.4938235294118
82	18	15.1187804878049	-20.2586111111111
81	19	16.0017283950617	-19.0231578947368
80	20	16.779625	-17.66025
79	21	17.6381012658228	-16.4988095238095
78	22	18.4711538461539	-15.2159090909091
77	23	19.3185714285714	-13.9797826086956
76	24	20.1555263157895	-12.7208333333333
75	25	20.9805333333333	-11.3982
74	26	21.8172972972973	-10.0969230769231
73	27	22.6435616438356	-8.84814814814815
72	28	23.4559722222222	-7.59339285714285
71	29	24.3750704225352	-6.3801724137931
70	30	25.1452857142857	-5.018
69	31	26.046231884058	-3.8041935483871
68	32	26.8235294117647	-2.6559375
67	33	27.6929850746269	-1.41666666666667
66	34	28.5174242424243	-0.0848529411764706
65	35	29.3549230769231	1.16357142857143
64	36	30.20015625	2.35694444444444
63	37	31.081746031746	3.75783783783784
62	38	31.8641935483871	4.92486842105263
61	39	32.6791803278688	6.08717948717949
60	40	33.5448333333333	7.494875
59	41	34.3930508474576	8.59926829268293
58	42	35.2439655172414	10.035
57	43	36.0975438596491	11.0966279069767
56	44	36.9166071428572	12.3481818181818
55	45	37.7714545454545	13.7817777777778
54	46	38.535	14.8738043478261
53	47	39.427358490566	16.1065957446808
52	48	40.2994230769231	17.4951041666667
51	49	41.1705882352941	18.6220408163265
50	50	41.939	19.9276
49	51	42.8244897959184	21.1992156862745
48	52	43.5935416666667	22.5469230769231
47	53	44.5270212765958	23.6431132075472
46	54	45.3319565217391	25.0243518518519
45	55	46.1395555555556	26.3044545454546
44	56	46.9945454545455	27.4923214285714
43	57	47.8751162790698	28.7019298245614
42	58	48.7666666666667	29.9226724137931
41	59	49.4804878048781	31.3070338983051
40	60	50.29825	32.50325
39	61	51.2158974358975	33.803606557377
38	62	52.0376315789473	35.0322580645161
37	63	52.8345945945946	36.2692857142857
36	64	53.675	37.539921875
35	65	54.496	38.7740769230769
34	66	55.3826470588235	40.0549242424243
33	67	56.1387878787879	41.265447761194
32	68	57.055	42.6036029411765
31	69	57.8741935483871	43.7970289855073
30	70	58.7046666666666	45.1635714285714
29	71	59.56	46.2930985915493
28	72	60.4125	47.6308333333333
27	73	61.2966666666667	48.8723287671233
26	74	62.1180769230769	50.1417567567568
25	75	62.9244	51.4570666666666
24	76	63.7691666666666	52.5899342105263
23	77	64.584347826087	53.9318831168831
22	78	65.4427272727273	55.1269230769231
21	79	66.2214285714286	56.3477215189873
20	80	67.1575	57.614
19	81	68.0005263157895	58.8616666666667
18	82	68.6972222222223	60.1587195121951
17	83	69.6041176470588	61.3836144578313
16	84	70.551875	62.6672619047619
15	85	71.3433333333334	63.9390588235294
14	86	72.0828571428572	65.1868023255814
13	87	72.89	66.3264942528736
12	88	73.9	67.6484659090909
11	89	74.6336363636363	68.9809550561798
10	90	75.593	70.1415555555556
9	91	76.4122222222222	71.3775824175824
8	92	77.1675	72.7123369565218
7	93	77.9714285714286	73.9546774193548
6	94	78.7566666666667	75.2325531914893
5	95	79.802	76.4844736842105
4	96	80.4425	77.68078125
3	97	81.42	78.9337628865979
2	98	82.085	80.1970918367347
1	99	83.1	81.4920707070707
0	100	0	82.6918
