num_of_always_trembling	num_of_guilt_driven_amending	average_fitness_of_always_trembling	average_fitness_of_guilt_driven_amending
100	0	50.01255	0
99	1	50.3208585858586	33.68
98	2	50.6243367346939	33.2425
97	3	51.0732474226804	33.8733333333333
96	4	51.3230729166667	34.60625
95	5	51.7513684210526	34.695
94	6	52.0154787234042	35.5858333333333
93	7	52.4797849462366	36.4971428571429
92	8	52.7099456521739	36.941875
91	9	53.1017582417582	37.3616666666667
90	10	53.4735555555555	37.873
89	11	53.8183146067416	38.3140909090909
88	12	54.2798295454545	38.8433333333333
87	13	54.4462068965517	39.2019230769231
86	14	54.8949418604651	39.9217857142857
85	15	55.2813529411765	40.494
84	16	55.4898809523809	40.9590625
83	17	55.7531927710843	41.5641176470588
82	18	56.1310975609756	42.1366666666667
81	19	56.5893209876543	42.7794736842105
80	20	56.7606875	43.24575
79	21	57.3458860759494	43.9342857142857
78	22	57.566923076923	44.2231818181818
77	23	58.0058441558442	44.8469565217391
76	24	58.2072368421053	45.43875
75	25	58.5712	46.1108
74	26	58.9656756756757	46.4180769230769
73	27	59.3314383561644	47.0848148148148
72	28	59.5649305555556	47.4308928571428
71	29	59.8326056338028	48.0631034482759
70	30	60.3572857142857	48.542
69	31	60.653768115942	49.0608064516129
68	32	61.0582352941177	49.819375
67	33	61.3970149253731	50.150303030303
66	34	61.8473484848485	50.5967647058824
65	35	62.0507692307692	51.3785714285715
64	36	62.526953125	51.6744444444444
63	37	62.7169841269841	52.3960810810811
62	38	62.9358064516129	52.9492105263158
61	39	63.4827049180328	53.4257692307693
60	40	63.7940833333333	53.71925
59	41	64.1107627118644	54.4019512195122
58	42	64.4893103448276	55.027380952381
57	43	64.7593859649123	55.5879069767442
56	44	65.150625	56.0381818181818
55	45	65.4364545454546	56.6691111111111
54	46	65.7737037037037	57.2394565217391
53	47	66.1296226415094	57.6714893617021
52	48	66.3541346153846	58.3507291666667
51	49	66.9124509803922	58.820612244898
50	50	67.3525	59.3563
49	51	67.4769387755102	60.0948039215686
48	52	67.879375	60.4065384615385
47	53	68.1654255319149	60.9652830188679
46	54	68.6002173913044	61.3939814814815
45	55	68.9555555555556	61.9105454545455
44	56	69.3298863636364	62.5760714285715
43	57	69.5872093023256	63.0876315789474
42	58	69.9690476190476	63.6071551724138
41	59	70.309512195122	64.0212711864407
40	60	70.592125	64.6175833333333
39	61	70.9539743589744	65.1686885245902
38	62	71.4167105263158	65.74
37	63	71.5985135135135	66.4239682539683
36	64	72.0445833333333	66.791015625
35	65	72.4157142857143	67.4299230769231
34	66	72.6614705882353	67.7809848484848
33	67	72.9607575757576	68.4399253731343
32	68	73.25984375	68.9500735294118
31	69	73.6611290322581	69.4827536231884
30	70	73.995	70.0889285714286
29	71	74.4853448275862	70.6640845070423
28	72	74.6933928571429	71.0936111111111
27	73	75.0411111111111	71.6528082191781
26	74	75.3505769230769	72.2081756756757
25	75	75.6932	72.7030666666667
24	76	76.2527083333333	73.3315789473684
23	77	76.4736956521739	73.8001298701299
22	78	77	74.3752564102564
21	79	77.1519047619047	74.9096835443038
20	80	77.32125	75.44225
19	81	78.0686842105263	76.0308024691358
18	82	78.3319444444444	76.4967682926829
17	83	78.5379411764706	77.0742771084337
16	84	78.8659375	77.590119047619
15	85	79.3433333333333	78.1480588235294
14	86	79.7525	78.6546511627907
13	87	79.8615384615385	79.2588505747127
12	88	80.3508333333333	79.7419318181818
11	89	80.6109090909091	80.3048876404495
10	90	80.8635	80.8432222222222
9	91	81.3627777777778	81.3233516483517
8	92	81.65125	81.8740760869565
7	93	81.9485714285715	82.4400537634408
6	94	82.2316666666667	82.9854255319149
5	95	83.007	83.5093684210526
4	96	82.88625	84.07078125
3	97	83.2216666666666	84.6315979381443
2	98	83.31	85.1739285714286
1	99	84.275	85.6592424242424
0	100	0	86.1825
