num_of_always_cooperate	num_of_Pavlov	average_fitness_of_always_cooperate	average_fitness_of_Pavlov
100	0	100	0
99	1	99.6445454545455	149.575
98	2	99.3084693877551	147.5975
97	3	98.9594845360825	148.171666666667
96	4	98.600625	147.9375
95	5	98.2605263157894	145.554
94	6	97.9008510638298	146.594166666667
93	7	97.5505376344086	145.235714285714
92	8	97.2236956521739	144.26
91	9	96.8559340659341	143.842222222222
90	10	96.5392222222223	143.0795
89	11	96.2212359550562	142.701363636364
88	12	95.8529545454545	141.912916666667
87	13	95.4872413793103	141.247307692308
86	14	95.128488372093	139.841071428571
85	15	94.7776470588235	140.045
84	16	94.4832142857143	138.7828125
83	17	94.0879518072289	138.330588235294
82	18	93.7329268292683	137.885833333333
81	19	93.3967901234568	137.067368421053
80	20	93.018375	136.581
79	21	92.7351898734177	135.797380952381
78	22	92.3996153846153	135.358181818182
77	23	92.092987012987	134.326739130435
76	24	91.7040789473685	134.03625
75	25	91.4169333333333	133.168
74	26	90.9155405405405	132.776923076923
73	27	90.6397260273973	131.791111111111
72	28	90.3013888888889	131.108214285714
71	29	89.9673239436619	130.728965517241
70	30	89.5778571428571	129.984
69	31	89.3495652173913	129.585
68	32	88.9545588235294	128.81515625
67	33	88.5405970149254	127.983787878788
66	34	88.2271212121212	127.466029411765
65	35	87.9192307692308	126.826142857143
64	36	87.51	125.962916666667
63	37	87.332380952381	125.56
62	38	86.7816129032258	124.952236842105
61	39	86.3801639344262	124.274871794872
60	40	86.1171666666666	123.467125
59	41	85.8677966101695	122.704756097561
58	42	85.4862068965517	122.401547619048
57	43	85.0747368421052	121.618139534884
56	44	84.6948214285714	121.029431818182
55	45	84.3952727272727	120.269444444444
54	46	84.077037037037	119.618152173913
53	47	83.8067924528302	119.105212765957
52	48	83.4348076923077	118.4278125
51	49	83.0541176470588	117.695408163265
50	50	82.66	117.1629
49	51	82.3757142857143	116.537941176471
48	52	81.9085416666667	115.795
47	53	81.4989361702128	115.340188679245
46	54	81.2586956521739	114.606388888889
45	55	80.9051111111111	113.811545454545
44	56	80.5838636363636	113.233571428571
43	57	80.2720930232558	112.512543859649
42	58	79.8404761904762	111.906551724138
41	59	79.589512195122	111.283050847458
40	60	79.1885	110.645416666667
39	61	78.944358974359	109.999754098361
38	62	78.5776315789474	109.180725806452
37	63	78.1454054054054	108.603015873016
36	64	77.8016666666667	108.033984375
35	65	77.3462857142857	107.452461538462
34	66	77.1394117647059	106.703257575758
33	67	76.6757575757576	106.077462686567
32	68	76.415625	105.456764705882
31	69	75.8796774193549	104.752536231884
30	70	75.7723333333333	104.165714285714
29	71	75.1251724137931	103.48
28	72	74.8907142857143	102.839791666667
27	73	74.502962962963	102.103767123288
26	74	74.3273076923077	101.566013513514
25	75	73.814	100.9478
24	76	73.6258333333333	100.174934210526
23	77	73.1908695652174	99.4840909090909
22	78	72.765	99.0535897435897
21	79	72.56	98.3343670886076
20	80	72.052	97.71225
19	81	71.9905263157895	96.9517283950617
18	82	71.6577777777777	96.3156707317073
17	83	71.1735294117647	95.8010843373494
16	84	70.9325	95.0052380952381
15	85	70.4526666666667	94.3957058823529
14	86	70.0428571428571	93.6685465116279
13	87	69.7992307692308	93.2071264367816
12	88	69.585	92.4193181818182
11	89	69.2072727272727	91.8824157303371
10	90	68.639	91.1139444444444
9	91	68.3166666666666	90.525054945055
8	92	68.05125	89.8538586956522
7	93	67.69	89.186559139785
6	94	67.4516666666667	88.5080319148936
5	95	67.08	87.884052631579
4	96	66.9875	87.3076041666666
3	97	66.2033333333334	86.6864948453608
2	98	66.03	85.9370408163266
1	99	64.89	85.3571717171717
0	100	0	84.56
