num_of_always_defect	num_of_Pavlov	average_fitness_of_always_defect	average_fitness_of_Pavlov
100	0	0	0
99	1	1.2310101010101	-50.045
98	2	2.45602040816326	-48.8575
97	3	3.68030927835051	-47.455
96	4	4.91177083333333	-46.16125
95	5	6.10389473684211	-44.724
94	6	7.36223404255319	-43.1533333333333
93	7	8.58494623655914	-41.9642857142857
92	8	9.78847826086957	-40.57375
91	9	11.0392307692308	-39.1677777777778
90	10	12.277	-37.925
89	11	13.4669662921348	-36.4736363636364
88	12	14.6893181818182	-35.0041666666666
87	13	15.9240229885057	-33.8288461538462
86	14	17.2111627906977	-32.3057142857143
85	15	18.3797647058824	-30.9093333333333
84	16	19.6179761904762	-29.6753125
83	17	20.8387951807229	-28.2917647058824
82	18	22.0769512195122	-26.9925
81	19	23.308024691358	-25.7436842105263
80	20	24.5135	-24.21275
79	21	25.7958227848101	-22.9859523809524
78	22	27.026282051282	-21.3636363636364
77	23	28.2285714285714	-20.2845652173913
76	24	29.4896052631579	-18.7375
75	25	30.7142666666667	-17.4866
74	26	31.9227027027027	-16.2136538461538
73	27	33.2021917808219	-14.8214814814815
72	28	34.3568055555555	-13.2430357142857
71	29	35.5801408450704	-12.0031034482759
70	30	36.7501428571429	-10.6523333333333
69	31	37.9797101449276	-9.42032258064516
68	32	39.2832352941176	-8.1303125
67	33	40.5032835820896	-6.52606060606061
66	34	41.744393939394	-5.11838235294118
65	35	42.9376923076923	-4.01242857142857
64	36	44.18078125	-2.57861111111111
63	37	45.3401587301587	-1.10797297297297
62	38	46.6237096774194	0.0519736842105263
61	39	47.8995081967213	1.46858974358974
60	40	49.1371666666667	2.8255
59	41	50.4089830508475	4.37878048780488
58	42	51.5424137931034	5.74119047619048
57	43	52.78	6.91453488372093
56	44	54.0248214285714	8.32181818181818
55	45	55.2223636363637	9.74166666666667
54	46	56.4188888888888	11.0210869565217
53	47	57.7156603773585	12.491170212766
52	48	59.0259615384615	13.7942708333333
51	49	60.0780392156863	15.2095918367347
50	50	61.2868	16.5306
49	51	62.5536734693878	17.9424509803922
48	52	63.8702083333333	19.0139423076923
47	53	65.1765957446809	20.6383018867925
46	54	66.3156521739131	21.9050925925926
45	55	67.5528888888889	23.3299090909091
44	56	68.6797727272727	24.6359821428572
43	57	69.9262790697674	25.9672807017544
42	58	71.1340476190476	27.3593103448276
41	59	72.2878048780488	28.6813559322034
40	60	73.62675	29.9585
39	61	74.7664102564102	31.4269672131148
38	62	76.0289473684211	32.7702419354839
37	63	77.312972972973	34.3245238095238
36	64	78.4969444444444	35.49375
35	65	79.7748571428572	36.9038461538461
34	66	80.955	38.3145454545455
33	67	82.1375757575758	39.6226865671642
32	68	83.268125	40.9928676470588
31	69	84.7316129032258	42.4205072463768
30	70	85.9286666666666	43.7164285714286
29	71	87.1096551724138	44.9054929577465
28	72	88.4239285714286	46.3377083333333
27	73	89.6422222222222	47.7652739726027
26	74	90.7996153846154	49.140472972973
25	75	92.0864	50.3968666666667
24	76	93.2308333333333	51.7344078947368
23	77	94.4065217391304	53.2793506493506
22	78	95.7059090909091	54.5514743589744
21	79	96.9671428571428	56.0252531645569
20	80	98.0555000000001	57.3285
19	81	99.2978947368421	58.7109259259259
18	82	100.412777777778	60.0114634146342
17	83	101.637058823529	61.315421686747
16	84	102.985	62.7756547619048
15	85	104.206	64.2304117647059
14	86	105.745	65.5045348837209
13	87	106.596153846154	66.8299425287356
12	88	107.8775	68.2808522727272
11	89	109.104545454545	69.6027528089888
10	90	110.475	71.0553888888889
9	91	111.43	72.3759340659341
8	92	112.5775	73.693097826087
7	93	114.305714285714	75.0959139784947
6	94	115.311666666667	76.4378191489362
5	95	116.738	77.7785789473685
4	96	117.58	79.1834895833334
3	97	119.09	80.4811340206186
2	98	120.96	81.9225510204082
1	99	121.5	83.2544444444444
0	100	0	84.64355
