num_of_always_cooperate	num_of_TFT_with_trembling_hand	average_fitness_of_always_cooperate	average_fitness_of_TFT_with_trembling_hand
100	0	100	0
99	1	99.7947474747474	110
98	2	99.595918367347	109.7425
97	3	99.3949484536083	109.455
96	4	99.1825	109.13
95	5	98.9843157894736	108.891
94	6	98.7920212765957	108.588333333333
93	7	98.5810752688172	108.381428571429
92	8	98.3946739130434	108.0025
91	9	98.1737362637363	107.751111111111
90	10	97.9758888888889	107.4915
89	11	97.7712359550562	107.357727272727
88	12	97.5775000000001	107.0125
87	13	97.3896551724138	106.761923076923
86	14	97.148488372093	106.4125
85	15	96.9522352941176	106.201333333333
84	16	96.7732142857143	105.8615625
83	17	96.5465060240964	105.597941176471
82	18	96.344268292683	105.294722222222
81	19	96.139012345679	105.044210526316
80	20	95.984375	104.801
79	21	95.7563291139241	104.502619047619
78	22	95.5425641025641	104.175681818182
77	23	95.3519480519481	103.924130434783
76	24	95.1368421052631	103.594791666667
75	25	94.9865333333333	103.4326
74	26	94.734054054054	103.058653846154
73	27	94.5557534246576	102.888333333333
72	28	94.3204166666666	102.578392857143
71	29	94.17	102.344482758621
70	30	93.917	102.030166666667
69	31	93.7601449275362	101.73064516129
68	32	93.527794117647	101.41203125
67	33	93.3358208955224	101.078181818182
66	34	93.0893939393939	100.945441176471
65	35	92.9518461538462	100.615714285714
64	36	92.73296875	100.432916666667
63	37	92.5522222222222	100.016216216216
62	38	92.3414516129032	99.8807894736843
61	39	92.085737704918	99.5297435897436
60	40	91.9336666666667	99.2
59	41	91.7142372881356	98.9793902439025
58	42	91.5194827586207	98.7504761904761
57	43	91.3368421052632	98.4323255813953
56	44	91.1053571428571	98.1904545454545
55	45	90.9505454545454	97.8662222222222
54	46	90.6905555555556	97.6384782608695
53	47	90.5143396226415	97.2890425531915
52	48	90.343076923077	97.04125
51	49	90.1088235294118	96.8115306122449
50	50	89.8734	96.5511
49	51	89.7026530612245	96.2322549019608
48	52	89.4808333333334	95.9839423076923
47	53	89.3104255319149	95.6281132075472
46	54	89.0613043478261	95.4113888888889
45	55	88.8917777777778	95.176
44	56	88.6859090909091	94.8867857142857
43	57	88.4967441860465	94.6623684210526
42	58	88.2747619047619	94.2921551724138
41	59	88.1068292682926	94.0290677966102
40	60	87.89325	93.7372499999999
39	61	87.7125641025642	93.4268852459016
38	62	87.4328947368421	93.1808870967742
37	63	87.2045945945946	92.9292063492064
36	64	87.0463888888889	92.669765625
35	65	86.8402857142857	92.4279230769231
34	66	86.6794117647059	92.0915151515152
33	67	86.430303030303	91.8164179104477
32	68	86.17875	91.5536764705882
31	69	86.1041935483871	91.2542753623189
30	70	85.8296666666666	90.9993571428572
29	71	85.6124137931034	90.7285915492958
28	72	85.4746428571429	90.4595138888889
27	73	85.2651851851852	90.1177397260274
26	74	85.0719230769231	89.8968918918919
25	75	84.9128	89.5946
24	76	84.6483333333334	89.3907236842105
23	77	84.4278260869565	89.0638311688312
22	78	84.2954545454546	88.8314102564103
21	79	84.0138095238095	88.5429746835443
20	80	83.8905	88.2647499999999
19	81	83.6505263157895	87.931975308642
18	82	83.4383333333334	87.7540853658537
17	83	83.2323529411765	87.3751204819277
16	84	83.005	87.1322619047619
15	85	82.8586666666667	86.8588823529412
14	86	82.66	86.5766279069768
13	87	82.3715384615384	86.2900574712643
12	88	82.2691666666667	86.0901704545454
11	89	82.0372727272727	85.7308426966292
10	90	81.793	85.4675555555555
9	91	81.5722222222222	85.220934065934
8	92	81.40875	84.9745108695652
7	93	81.2057142857143	84.6071505376344
6	94	81.01	84.4004787234042
5	95	80.802	84.072052631579
4	96	80.615	83.8411979166667
3	97	80.4	83.5423195876288
2	98	80.17	83.2809693877551
1	99	80	83.0134848484848
0	100	0	82.74905
