num_of_always_trembling	num_of_shame_driven_hiding	average_fitness_of_always_trembling	average_fitness_of_shame_driven_hiding
100	0	50.0546	0
99	1	50.4469696969697	34.5
98	2	50.6192346938776	34.25
97	3	51.051237113402	35.7666666666667
96	4	51.2581770833334	35.81125
95	5	51.5224736842105	36.872
94	6	51.7471808510638	36.6266666666667
93	7	52.2477419354839	37.5614285714286
92	8	52.6042934782609	38.265
91	9	52.8628021978022	38.345
90	10	53.1409444444444	38.964
89	11	53.4688202247191	39.5372727272727
88	12	53.7711363636364	40.3358333333333
87	13	54.2254022988506	40.2965384615385
86	14	54.2600581395349	41.2667857142857
85	15	54.6965294117647	41.4766666666667
84	16	55.089880952381	42.00625
83	17	55.3614457831326	42.2794117647059
82	18	55.8246951219512	43.0794444444444
81	19	55.847037037037	43.7315789473684
80	20	56.226125	44.29025
79	21	56.6875316455696	44.8597619047619
78	22	56.8321794871795	45.1506818181818
77	23	57.1431168831169	45.569347826087
76	24	57.5958552631579	46.1764583333333
75	25	57.8178	46.7516
74	26	58.0883108108108	47.0403846153846
73	27	58.3331506849315	47.7070370370371
72	28	58.8367361111111	48.5064285714286
71	29	59.0985915492958	48.9777586206896
70	30	59.4891428571429	49.5011666666667
69	31	59.8013043478261	49.933064516129
68	32	60.1248529411765	50.38828125
67	33	60.3035074626866	50.9978787878788
66	34	60.8392424242424	51.5941176470588
65	35	60.8865384615384	52.104
64	36	61.22953125	52.7493055555555
63	37	61.6171428571429	53.072027027027
62	38	62.0007258064516	53.7776315789474
61	39	62.2730327868852	54.3020512820513
60	40	62.5224166666667	54.75725
59	41	62.8098305084746	55.269756097561
58	42	63.1547413793103	55.7897619047619
57	43	63.3924561403509	56.45
56	44	63.5834821428572	56.9196590909091
55	45	64.2086363636364	57.6215555555556
54	46	64.5717592592593	58.2069565217391
53	47	64.8730188679245	58.6598936170213
52	48	64.9685576923077	59.0941666666667
51	49	65.516862745098	59.7511224489796
50	50	65.7395	60.2677
49	51	65.8223469387755	60.8482352941177
48	52	66.3602083333334	61.4910576923077
47	53	66.8228723404255	61.9545283018868
46	54	66.9647826086957	62.5818518518518
45	55	67.3032222222222	63.1658181818182
44	56	67.695	63.7255357142858
43	57	67.8938372093023	64.1728947368421
42	58	68.3028571428571	64.7012068965517
41	59	68.640731707317	65.4610169491526
40	60	68.9505	66.03425
39	61	69.1873076923077	66.4004098360656
38	62	69.4788157894737	66.9742741935484
37	63	69.8225675675676	67.507380952381
36	64	70.1422222222222	68.073203125
35	65	70.6295714285714	68.8739230769231
34	66	70.8064705882353	69.4049242424242
33	67	70.9360606060606	69.8803731343284
32	68	71.49328125	70.4323529411765
31	69	71.813870967742	71.1244927536232
30	70	72.1483333333333	71.6434999999999
29	71	72.5013793103448	72.307676056338
28	72	72.6801785714286	72.8570833333333
27	73	73.0431481481481	73.489794520548
26	74	73.2173076923077	73.9719594594595
25	75	73.6246	74.6560666666666
24	76	73.8075	75.2447368421053
23	77	74.0752173913043	75.7711688311688
22	78	74.4977272727273	76.4414743589744
21	79	75.0880952380952	77.0112025316456
20	80	75.364	77.6336875
19	81	75.1644736842105	78.1934567901235
18	82	75.7102777777778	78.8276219512195
17	83	76.0414705882353	79.4876506024096
16	84	76.574375	80.0454761904762
15	85	76.7633333333333	80.6309411764706
14	86	77.0492857142857	81.2362790697674
13	87	77.3307692307692	81.8572988505747
12	88	77.6695833333334	82.4628409090909
11	89	78.1668181818182	83.0820224719101
10	90	78.393	83.6767777777778
9	91	78.65	84.2893956043956
8	92	78.998125	84.9477717391304
7	93	79.3607142857143	85.5621505376344
6	94	79.6383333333333	86.1947340425532
5	95	79.52	86.8184210526315
4	96	80.3375	87.47765625
3	97	80.3633333333333	88.0803092783505
2	98	80.345	88.7075510204082
1	99	80.985	89.3602525252525
0	100	0	90
