num_of_always_trembling	num_of_Pavlov	average_fitness_of_always_trembling	average_fitness_of_Pavlov
100	0	50.07815	0
99	1	50.3186868686869	49.875
98	2	50.6463265306122	49.995
97	3	50.8881443298969	50.8016666666667
96	4	51.3375520833334	51.38875
95	5	51.8336315789474	51.038
94	6	52.1157978723405	51.1633333333333
93	7	52.4006989247312	51.85
92	8	52.8439130434783	52.415
91	9	53.1268681318681	52.7327777777778
90	10	53.4533888888889	52.923
89	11	53.7041573033708	53.1540909090909
88	12	54.0114772727273	53.6720833333333
87	13	54.5119540229885	54.4742307692308
86	14	54.8338372093023	54.0439285714286
85	15	55.2242352941176	54.8793333333333
84	16	55.7275595238095	55.1615625
83	17	55.8817469879518	55.4647058823529
82	18	56.2929268292683	55.8294444444445
81	19	56.7014197530864	55.8257894736842
80	20	56.8876875	56.60775
79	21	57.271582278481	56.7530952380952
78	22	57.6612820512821	56.9615909090909
77	23	58.0404545454545	57.5965217391305
76	24	58.3242105263158	57.7979166666667
75	25	58.6369333333333	58.0468
74	26	59.1093243243243	58.6796153846154
73	27	59.3909589041096	58.8435185185185
72	28	59.6593055555556	59.0251785714286
71	29	60.1062676056338	59.5536206896552
70	30	60.2903571428572	59.8155
69	31	60.8846376811594	60.5882258064516
68	32	61.097205882353	60.55828125
67	33	61.5107462686567	61.0066666666666
66	34	61.905303030303	61.0417647058824
65	35	62.0581538461539	61.6244285714286
64	36	62.6828125	62.0472222222222
63	37	62.8221428571429	62.4247297297297
62	38	63.1758870967742	62.5921052631579
61	39	63.6287704918033	63.2401282051282
60	40	63.8029166666667	63.52725
59	41	64.4764406779661	63.8979268292683
58	42	64.7605172413793	64.270119047619
57	43	64.9008771929825	64.5003488372093
56	44	65.1648214285714	64.7455681818182
55	45	65.541	65.2040000000001
54	46	65.972037037037	65.4963043478261
53	47	66.2768867924528	65.7312765957447
52	48	66.7129807692308	66.1116666666667
51	49	66.7838235294118	66.5158163265306
50	50	67.1718	66.9766
49	51	67.549693877551	67.0954901960784
48	52	68.3264583333333	67.4811538461538
47	53	68.3207446808511	67.943962264151
46	54	68.7389130434783	68.4060185185185
45	55	69.1831111111111	68.6428181818182
44	56	69.4323863636364	68.9859821428571
43	57	69.6169767441861	69.4395614035087
42	58	70.1646428571429	69.8071551724138
41	59	70.4826829268293	70.1937288135594
40	60	70.669	70.4415833333333
39	61	71.0983333333333	70.8459836065574
38	62	71.5465789473684	71.2106451612903
37	63	71.9777027027027	71.4619047619048
36	64	72.1022222222222	71.797265625
35	65	72.5351428571428	72.2473076923077
34	66	72.9386764705882	72.7160606060606
33	67	73.3592424242424	72.884328358209
32	68	73.605625	73.2171323529412
31	69	73.8864516129032	73.6486231884058
30	70	74.2278333333334	73.9715
29	71	74.6201724137931	74.2788028169014
28	72	75.0896428571428	74.6696527777778
27	73	75.3592592592593	75.0686301369863
26	74	75.77	75.487027027027
25	75	75.9912	75.6864
24	76	76.3933333333333	76.0468421052631
23	77	76.7726086956522	76.4766233766234
22	78	77.1227272727273	76.8808974358974
21	79	77.5121428571428	76.9210759493671
20	80	77.82625	77.415125
19	81	78.1476315789474	77.7972222222222
18	82	78.395	78.237987804878
17	83	79.0682352941176	78.5469879518072
16	84	79.1575	78.8604761904761
15	85	79.5643333333333	79.3628235294118
14	86	79.9092857142857	79.6876162790698
13	87	80.2553846153846	79.9283908045977
12	88	80.475	80.2288068181818
11	89	80.9440909090909	80.7118539325842
10	90	81.346	81.0931111111112
9	91	81.4788888888889	81.422032967033
8	92	81.6225	81.7310326086956
7	93	82.5321428571428	82.1278494623656
6	94	82.2108333333333	82.4857446808511
5	95	83.412	82.8691578947368
4	96	83.30875	83.20578125
3	97	84.27	83.5892268041237
2	98	84.24	83.920612244898
1	99	85.05	84.2980303030303
0	100	0	84.6262
