num_of_shame_driven_denying	num_of_Pavlov	average_fitness_of_shame_driven_denying	average_fitness_of_Pavlov
100	0	75.5198	0
99	1	75.4552525252525	77.015
98	2	75.6061224489796	77.445
97	3	75.7684020618557	77.2016666666667
96	4	75.8380208333333	77.435
95	5	75.9236842105263	77.678
94	6	76.1115425531915	77.3258333333333
93	7	76.1529569892473	77.7035714285714
92	8	76.2469565217391	77.548125
91	9	76.3041208791209	77.9144444444445
90	10	76.4508333333333	77.625
89	11	76.5583707865168	78.0054545454545
88	12	76.6515909090909	77.9029166666667
87	13	76.738908045977	78.0123076923077
86	14	76.7886627906977	78.1725
85	15	76.9072352941177	78.145
84	16	77.0520833333334	78.4225
83	17	77.1650602409638	78.3458823529412
82	18	77.2117682926829	78.3027777777778
81	19	77.2838888888889	78.3286842105263
80	20	77.44725	78.641
79	21	77.5553164556962	78.7488095238095
78	22	77.5240384615385	78.7134090909091
77	23	77.6797402597402	78.7286956521739
76	24	77.77875	79.095
75	25	77.8524666666666	79.0114
74	26	78.0187837837838	78.9590384615385
73	27	78.1643835616438	79.177962962963
72	28	78.0956944444444	79.1773214285714
71	29	78.2985915492958	79.2158620689655
70	30	78.4380714285714	79.4726666666667
69	31	78.5494202898551	79.513064516129
68	32	78.6194852941176	79.5040625
67	33	78.7028358208955	79.6006060606061
66	34	78.8463636363636	79.5913235294118
65	35	78.9046923076923	79.5808571428572
64	36	78.97546875	79.7116666666667
63	37	79.142619047619	79.83
62	38	79.1771774193548	79.8093421052632
61	39	79.3187704918032	79.9982051282051
60	40	79.3750833333334	80.145625
59	41	79.4833898305085	80.1265853658537
58	42	79.6021551724138	80.2909523809524
57	43	79.6791228070175	80.3916279069768
56	44	79.815	80.2972727272727
55	45	79.7921818181818	80.6186666666667
54	46	80.0500925925926	80.6860869565218
53	47	80.0409433962264	80.6330851063829
52	48	80.1158653846154	80.6790625
51	49	80.3180392156863	80.8221428571429
50	50	80.3406	80.8205
49	51	80.4890816326531	80.9538235294118
48	52	80.5646875	81.0736538461539
47	53	80.6151063829787	81.0211320754717
46	54	80.7802173913043	81.1961111111111
45	55	80.8273333333333	81.2238181818182
44	56	80.8740909090909	81.2972321428571
43	57	81.0230232558139	81.5201754385965
42	58	81.1361904761905	81.428275862069
41	59	81.3057317073171	81.6028813559322
40	60	81.298875	81.7484166666667
39	61	81.5011538461538	81.682868852459
38	62	81.5998684210526	81.75
37	63	81.6882432432432	81.9784126984127
36	64	81.7001388888889	81.98734375
35	65	81.8084285714286	82.0024615384616
34	66	81.9839705882353	82.0324242424242
33	67	82.1381818181818	82.0637313432836
32	68	82.2290625	82.27
31	69	82.2254838709678	82.26
30	70	82.3888333333333	82.3905714285715
29	71	82.385	82.4485915492958
28	72	82.4760714285714	82.5007638888889
27	73	82.6211111111111	82.5617123287671
26	74	82.7615384615385	82.6097972972973
25	75	82.7914	82.7447333333333
24	76	82.7704166666667	82.9690789473684
23	77	83.039347826087	82.8585714285714
22	78	83.1561363636364	82.9567307692308
21	79	83.1140476190477	82.9581645569621
20	80	83.283	83.073375
19	81	83.4876315789473	83.19
18	82	83.5683333333333	83.3095731707317
17	83	83.6967647058824	83.2087951807229
16	84	83.660625	83.492380952381
15	85	83.8673333333333	83.522
14	86	83.9025	83.4046511627907
13	87	83.9969230769231	83.6824712643678
12	88	84.2079166666667	83.7635227272727
11	89	84.2618181818182	83.826797752809
10	90	84.261	83.8967222222223
9	91	84.3811111111111	83.9956043956044
8	92	84.590625	84.0434239130435
7	93	84.6821428571429	84.0434408602151
6	94	84.6291666666666	84.3465957446809
5	95	84.872	84.3285263157895
4	96	84.9875	84.3425
3	97	85.2083333333333	84.3594845360825
2	98	85.08	84.3528571428572
1	99	84.725	84.5585353535354
0	100	0	84.7126
