num_of_shame_driven_hiding	num_of_guilt_driven_amending	average_fitness_of_shame_driven_hiding	average_fitness_of_guilt_driven_amending
100	0	90	0
99	1	90.0734343434344	79.84
98	2	90.1363265306122	79.8375
97	3	90.2021134020619	80.2083333333333
96	4	90.27125	80.42
95	5	90.3384736842106	80.237
94	6	90.3969680851064	80.4008333333334
93	7	90.4660215053763	80.5464285714285
92	8	90.5382065217392	80.53
91	9	90.5986813186813	80.6116666666667
90	10	90.6733888888889	80.7955
89	11	90.738988764045	80.7177272727273
88	12	90.7875	80.7033333333333
87	13	90.8777011494253	80.8019230769231
86	14	90.9208139534883	80.8935714285714
85	15	91.0021764705882	80.968
84	16	91.0539880952381	81.0246875
83	17	91.1316265060241	81.0358823529412
82	18	91.1835975609756	81.1166666666667
81	19	91.2488271604939	81.2894736842105
80	20	91.3121875	81.32575
79	21	91.3776582278481	81.3719047619048
78	22	91.4373717948718	81.4936363636364
77	23	91.5005194805195	81.5634782608695
76	24	91.5671710526316	81.5264583333334
75	25	91.6166	81.6968
74	26	91.6785135135135	81.7021153846154
73	27	91.7484246575343	81.7794444444444
72	28	91.8038194444445	81.9351785714286
71	29	91.8774647887324	81.9644827586207
70	30	91.9312857142857	81.9343333333333
69	31	91.976231884058	82.0658064516129
68	32	92.0291176470588	82.08234375
67	33	92.1408208955224	82.204696969697
66	34	92.1900757575758	82.2869117647059
65	35	92.2341538461538	82.2922857142857
64	36	92.307734375	82.41625
63	37	92.3392063492063	82.4375675675676
62	38	92.400564516129	82.4928947368421
61	39	92.4713114754098	82.5783333333333
60	40	92.5429166666667	82.651875
59	41	92.5590677966102	82.7275609756098
58	42	92.6512068965517	82.829880952381
57	43	92.7075438596491	82.8753488372093
56	44	92.7752678571428	82.9
55	45	92.816	82.9278888888889
54	46	92.8737037037037	83.0260869565217
53	47	92.9550943396226	83.0770212765958
52	48	92.9814423076923	83.1794791666667
51	49	93.0441176470588	83.275918367347
50	50	93.1119	83.3104
49	51	93.1786734693877	83.3729411764706
48	52	93.2305208333333	83.4225
47	53	93.2936170212766	83.4719811320755
46	54	93.3401086956521	83.5124074074074
45	55	93.4312222222222	83.5757272727273
44	56	93.4868181818182	83.5745535714286
43	57	93.551511627907	83.6728070175439
42	58	93.6058333333334	83.76
41	59	93.62	83.8500847457627
40	60	93.67525	83.9275833333333
39	61	93.7482051282051	83.9168032786885
38	62	93.8031578947368	84.0000806451613
37	63	93.850945945946	84.1068253968254
36	64	93.8816666666667	84.20625
35	65	93.929	84.2438461538462
34	66	93.9869117647059	84.2150757575757
33	67	94.0174242424242	84.2957462686567
32	68	94.11921875	84.3792647058824
31	69	94.2287096774193	84.4158695652174
30	70	94.2251666666666	84.4888571428572
29	71	94.2825862068965	84.5319014084507
28	72	94.3394642857143	84.6120138888889
27	73	94.4175925925926	84.6998630136986
26	74	94.4594230769231	84.7290540540541
25	75	94.4968	84.81
24	76	94.5429166666667	84.8660526315789
23	77	94.5997826086957	84.8975974025974
22	78	94.7163636363637	84.9591666666667
21	79	94.7316666666667	85.0238607594937
20	80	94.7815	85.046
19	81	94.765	85.1178395061729
18	82	94.9286111111111	85.2084756097561
17	83	94.9249999999999	85.3098192771084
16	84	94.9375	85.319880952381
15	85	95.022	85.3778235294118
14	86	95.0178571428572	85.4377325581395
13	87	95.1430769230769	85.5181609195402
12	88	95.1366666666667	85.5557954545455
11	89	95.1768181818182	85.5996629213483
10	90	95.3555	85.6507777777778
9	91	95.3205555555556	85.6964835164836
8	92	95.495	85.7654347826087
7	93	95.4014285714286	85.7875806451613
6	94	95.485	85.9044680851064
5	95	95.5159999999999	85.9222105263158
4	96	95.50125	85.99984375
3	97	95.6966666666667	86.0225773195876
2	98	95.6475	86.0739285714286
1	99	95.625	86.1630808080808
0	100	0	86.19955
