num_of_shame_driven_hiding	num_of_shame_driven_denying	average_fitness_of_shame_driven_hiding	average_fitness_of_shame_driven_denying
100	0	90	0
99	1	89.889898989899	81.9
98	2	89.7841326530612	81.375
97	3	89.6611340206186	81.255
96	4	89.5586979166667	81.345
95	5	89.4472105263158	81.035
94	6	89.3454787234042	81.1791666666667
93	7	89.2589784946237	80.9614285714286
92	8	89.1277173913044	80.9775
91	9	89.0245604395604	80.7155555555555
90	10	88.9222777777778	80.7355
89	11	88.7952247191011	80.7713636363636
88	12	88.6994318181818	80.6329166666667
87	13	88.6015517241379	80.6019230769231
86	14	88.5200581395349	80.6107142857143
85	15	88.4248235294118	80.437
84	16	88.3313095238095	80.4684375
83	17	88.2216867469879	80.3611764705883
82	18	88.1204268292683	80.1852777777778
81	19	87.9697530864198	80.0642105263158
80	20	87.879375	80.2435
79	21	87.7996835443038	80.135
78	22	87.6665384615385	80.0425
77	23	87.6214935064935	79.9467391304348
76	24	87.5190131578947	79.8514583333333
75	25	87.3836	79.7678
74	26	87.3110135135135	79.61
73	27	87.253904109589	79.5805555555555
72	28	87.1014583333334	79.63375
71	29	87.0585211267606	79.4486206896552
70	30	86.9505714285714	79.463
69	31	86.8624637681159	79.3720967741936
68	32	86.7540441176471	79.34359375
67	33	86.6355223880597	79.2963636363636
66	34	86.5612878787879	79.1869117647059
65	35	86.464923076923	79.1872857142857
64	36	86.376875	79.1186111111111
63	37	86.2833333333334	78.932027027027
62	38	86.2413709677419	78.976052631579
61	39	86.0662295081967	78.923717948718
60	40	86.0425	78.75725
59	41	85.8875423728814	78.8136585365854
58	42	85.8636206896551	78.7663095238095
57	43	85.7237719298246	78.6512790697674
56	44	85.6124107142857	78.5564772727273
55	45	85.6092727272727	78.4963333333334
54	46	85.4496296296296	78.5026086956522
53	47	85.3298113207547	78.4045744680852
52	48	85.2844230769231	78.3201041666666
51	49	85.1991176470588	78.2551020408163
50	50	85.1651	78.2479999999999
49	51	84.9694897959184	78.1714705882353
48	52	85.0133333333333	78.0709615384616
47	53	84.8210638297872	78.0361320754717
46	54	84.7559782608696	77.9232407407407
45	55	84.7428888888889	78.0045454545454
44	56	84.5971590909091	77.86875
43	57	84.4845348837209	77.7491228070175
42	58	84.4477380952381	77.7195689655172
41	59	84.4030487804878	77.6843220338983
40	60	84.203625	77.6140833333334
39	61	84.1929487179487	77.6067213114754
38	62	84.0852631578948	77.5229032258064
37	63	84.0118918918919	77.4847619047619
36	64	83.9534722222222	77.415234375
35	65	83.801	77.2902307692308
34	66	83.745294117647	77.3533333333333
33	67	83.6930303030303	77.2716417910448
32	68	83.58125	77.1974264705883
31	69	83.5264516129032	77.1915942028985
30	70	83.5171666666667	77.0383571428571
29	71	83.3665517241379	77.0107746478873
28	72	83.2905357142858	76.9499305555556
27	73	83.182037037037	76.9120547945205
26	74	83.2269230769231	76.8993243243244
25	75	83.0722	76.7581333333333
24	76	83.0216666666667	76.6634210526315
23	77	82.8473913043478	76.6586363636364
22	78	82.8625	76.5853846153846
21	79	82.7059523809524	76.5363291139241
20	80	82.67075	76.5215625
19	81	82.5984210526316	76.4422222222222
18	82	82.5533333333334	76.3421951219512
17	83	82.4894117647059	76.4227108433735
16	84	82.500625	76.2570238095238
15	85	82.2636666666667	76.2306470588235
14	86	82.1796428571429	76.1981395348837
13	87	82.1588461538462	76.0947126436782
12	88	82.1120833333333	76.1203977272727
11	89	81.9659090909091	76.0419662921348
10	90	82.008	76.0177777777778
9	91	81.8527777777778	75.9799450549451
8	92	81.7625	75.8555434782609
7	93	81.8285714285714	75.755
6	94	81.5116666666667	75.7884574468085
5	95	81.555	75.743
4	96	81.51875	75.6398958333333
3	97	81.49	75.6635567010309
2	98	81.43	75.5661224489796
1	99	81.52	75.5203030303031
0	100	0	75.42955
