num_of_shame_driven_denying	num_of_guilt_driven_amending	average_fitness_of_shame_driven_denying	average_fitness_of_guilt_driven_amending
100	0	75.5054	0
99	1	75.6083838383839	73.585
98	2	75.687806122449	73.7275
97	3	75.8519587628866	73.8383333333334
96	4	75.9421875	74.15125
95	5	76.0867368421052	74.038
94	6	76.2245212765957	74.5933333333333
93	7	76.280376344086	74.5178571428571
92	8	76.4548369565217	74.754375
91	9	76.5448901098901	74.7677777777778
90	10	76.7581666666667	74.891
89	11	76.7982584269663	75.095
88	12	76.9294886363636	75.1341666666667
87	13	76.9670689655172	75.355
86	14	77.1388953488372	75.4546428571428
85	15	77.3823529411765	75.3723333333334
84	16	77.4396428571429	75.719375
83	17	77.5245180722892	75.895
82	18	77.6503658536586	75.9019444444444
81	19	77.7841358024691	76.1418421052632
80	20	77.92	76.1815
79	21	78.0528481012658	76.3880952380952
78	22	78.1403846153846	76.3406818181818
77	23	78.3311688311688	76.5532608695652
76	24	78.3792105263158	76.7227083333333
75	25	78.4732666666667	76.686
74	26	78.6526351351351	76.9975
73	27	78.8006164383561	77.0827777777778
72	28	78.8170138888889	77.1717857142857
71	29	79.0855633802817	77.323275862069
70	30	79.2087142857143	77.3651666666667
69	31	79.2881884057971	77.5924193548387
68	32	79.3780882352941	77.64796875
67	33	79.5276865671642	77.8465151515151
66	34	79.6538636363637	77.8908823529412
65	35	79.8062307692307	78.0435714285714
64	36	79.84796875	78.1369444444444
63	37	80.042619047619	78.2581081081081
62	38	80.1512903225806	78.3861842105263
61	39	80.2593442622951	78.6179487179487
60	40	80.4246666666667	78.6375
59	41	80.5269491525424	78.7886585365853
58	42	80.6181896551724	78.9107142857143
57	43	80.7836842105263	79.1779069767442
56	44	80.9055357142857	79.1382954545455
55	45	81.0280909090909	79.3812222222222
54	46	81.1811111111111	79.4704347826087
53	47	81.2683962264151	79.5608510638297
52	48	81.3257692307692	79.7046875
51	49	81.4877450980392	79.834387755102
50	50	81.5641	79.9885
49	51	81.6872448979592	80.0882352941177
48	52	81.8761458333333	80.1566346153847
47	53	82.081914893617	80.2845283018868
46	54	82.1663043478261	80.4155555555556
45	55	82.1277777777778	80.5645454545454
44	56	82.3745454545454	80.71125
43	57	82.4389534883721	80.8063157894737
42	58	82.552380952381	80.8837931034483
41	59	82.7587804878049	81.0459322033898
40	60	82.9015	81.1470833333333
39	61	83.0780769230769	81.2670491803279
38	62	83.1278947368421	81.3816129032258
37	63	83.2101351351351	81.4893650793651
36	64	83.3813888888889	81.66703125
35	65	83.4001428571429	81.8413846153846
34	66	83.6657352941176	81.9779545454545
33	67	83.8139393939394	82.0651492537314
32	68	83.7525	82.19625
31	69	83.9791935483871	82.3056521739131
30	70	84.142	82.4506428571429
29	71	84.233275862069	82.6513380281691
28	72	84.2082142857143	82.6993055555556
27	73	84.4925925925925	82.7843835616438
26	74	84.5926923076923	82.9507432432433
25	75	84.705	83.0527333333333
24	76	84.8164583333333	83.2196710526316
23	77	85.0184782608695	83.3273376623377
22	78	85.0490909090909	83.4419871794872
21	79	85.1130952380952	83.5653164556962
20	80	85.35325	83.755625
19	81	85.4021052631579	83.8576543209876
18	82	85.6122222222223	83.9596341463415
17	83	85.720294117647	84.1097590361446
16	84	85.8696875	84.2079166666667
15	85	86.0086666666667	84.3151176470589
14	86	86.0978571428571	84.4440116279069
13	87	86.113076923077	84.5658045977011
12	88	86.29125	84.6548295454545
11	89	86.5027272727273	84.8302808988764
10	90	86.4995	84.9993888888889
9	91	86.67	85.071043956044
8	92	86.880625	85.1380434782609
7	93	86.7478571428572	85.3113440860215
6	94	87.005	85.4325531914894
5	95	87.381	85.5832631578947
4	96	87.05625	85.7323958333333
3	97	87.095	85.8508762886598
2	98	87.46	85.9901530612245
1	99	87.37	86.0617171717172
0	100	0	86.1905
