num_of_TFT_with_trembling_hand	num_of_Pavlov	average_fitness_of_TFT_with_trembling_hand	average_fitness_of_Pavlov
100	0	82.7416	0
99	1	82.7250505050505	83.18
98	2	82.6882142857143	83.2725
97	3	82.6149484536082	83.255
96	4	82.5336458333333	83.56125
95	5	82.554947368421	82.902
94	6	82.4514893617022	83.1725
93	7	82.4556451612903	83.3192857142857
92	8	82.3514673913044	83.286875
91	9	82.3161538461539	83.1172222222222
90	10	82.3435555555556	83.11
89	11	82.2705056179775	83.2454545454545
88	12	82.2060227272727	83.2666666666667
87	13	82.1543678160919	83.2926923076923
86	14	82.1363953488372	83.4285714285714
85	15	82.0622352941177	83.1536666666667
84	16	82.0611904761904	83.2703125
83	17	82.035421686747	83.3408823529412
82	18	81.9806707317073	83.2961111111111
81	19	81.9061111111111	83.4492105263158
80	20	81.86825	83.46975
79	21	81.82	83.4626190476191
78	22	81.7671794871795	83.3584090909091
77	23	81.7535714285714	83.2647826086957
76	24	81.6813815789474	83.2904166666666
75	25	81.6412	83.4096
74	26	81.6302702702703	83.7555769230769
73	27	81.5794520547945	83.4301851851852
72	28	81.5210416666667	83.5319642857143
71	29	81.4871126760564	83.4296551724138
70	30	81.4574285714286	83.4963333333333
69	31	81.4705797101449	83.6322580645161
68	32	81.321544117647	83.51703125
67	33	81.2947014925373	83.719393939394
66	34	81.2562878787879	83.6220588235294
65	35	81.1361538461539	83.5212857142857
64	36	81.1909375	83.5997222222222
63	37	81.1981746031746	83.7063513513514
62	38	81.1014516129032	83.5718421052632
61	39	81.1066393442623	83.7237179487179
60	40	80.9735833333333	83.775375
59	41	80.9416949152542	83.6745121951219
58	42	80.9274137931035	83.7057142857143
57	43	80.9184210526316	83.8312790697674
56	44	80.8709821428572	83.745
55	45	80.796	83.7802222222222
54	46	80.8352777777778	83.8772826086957
53	47	80.6716037735849	83.8336170212766
52	48	80.7115384615384	83.9753125
51	49	80.6363725490196	83.8431632653061
50	50	80.5676	83.682
49	51	80.6070408163265	83.9729411764706
48	52	80.5715625	83.8916346153846
47	53	80.4577659574468	83.9484905660377
46	54	80.4326086956521	83.9223148148148
45	55	80.3665555555555	83.9069090909091
44	56	80.2878409090909	84.0019642857143
43	57	80.2753488372093	84.0701754385965
42	58	80.1734523809524	84.0305172413793
41	59	80.2069512195122	84.1357627118644
40	60	80.173	84.0816666666667
39	61	80.0905128205128	84.1339344262295
38	62	80.0630263157895	83.9599193548387
37	63	79.9412162162162	84.0618253968254
36	64	79.9805555555556	84.126484375
35	65	79.9131428571429	84.0896153846154
34	66	79.8266176470588	84.1700757575758
33	67	79.8604545454545	84.1981343283582
32	68	79.77234375	84.0975735294117
31	69	79.8001612903226	84.164347826087
30	70	79.7346666666667	84.2196428571428
29	71	79.6403448275862	84.3190140845071
28	72	79.72875	84.1647916666667
27	73	79.6114814814815	84.2364383561644
26	74	79.5625	84.1659459459459
25	75	79.4422	84.3748666666667
24	76	79.434375	84.3378289473684
23	77	79.4304347826087	84.3065584415585
22	78	79.2931818181818	84.3975641025641
21	79	79.355	84.4161392405063
20	80	79.2195	84.4418125
19	81	79.2407894736842	84.295
18	82	79.1686111111111	84.2574390243902
17	83	79.3258823529412	84.458734939759
16	84	78.9903125	84.4388095238095
15	85	79.1536666666667	84.3575882352941
14	86	79.1242857142857	84.3341860465117
13	87	78.9003846153846	84.4870689655172
12	88	79.1283333333333	84.4266477272727
11	89	78.7522727272727	84.4579775280899
10	90	78.8095	84.4605555555556
9	91	78.9494444444444	84.5924725274726
8	92	78.555625	84.4117934782609
7	93	78.6628571428571	84.4954838709677
6	94	78.89	84.6118617021276
5	95	78.731	84.567
4	96	78.51625	84.4408333333334
3	97	78.3983333333333	84.6194329896907
2	98	78.49	84.5682653061224
1	99	78.73	84.6766666666667
0	100	0	84.65335
