num_of_TFT_with_trembling_hand	num_of_guilt_driven_amending	average_fitness_of_TFT_with_trembling_hand	average_fitness_of_guilt_driven_amending
100	0	82.77165	0
99	1	82.7943939393939	81.805
98	2	82.8477040816326	81.8875
97	3	82.8573711340206	82.2016666666667
96	4	82.86078125	81.95625
95	5	82.9445789473684	82.154
94	6	82.9977659574468	82.1691666666667
93	7	83.0180107526882	82.2
92	8	83.05875	82.066875
91	9	83.0384065934066	82.1977777777778
90	10	83.1733333333333	82.214
89	11	83.233595505618	82.5090909090909
88	12	83.2786931818182	82.3758333333333
87	13	83.2893103448276	82.3826923076923
86	14	83.3191279069768	82.5707142857143
85	15	83.3438823529412	82.559
84	16	83.3888690476191	82.5315625
83	17	83.5181927710844	82.7073529411765
82	18	83.4716463414634	82.685
81	19	83.5365432098765	82.7073684210526
80	20	83.593125	82.827
79	21	83.6517088607595	82.7192857142857
78	22	83.6417307692308	82.9522727272727
77	23	83.7157142857143	82.8528260869565
76	24	83.7668421052631	82.9339583333333
75	25	83.7832	82.9524
74	26	83.8349324324324	82.9711538461539
73	27	83.8734246575343	83.082037037037
72	28	83.9171527777777	83.0983928571429
71	29	83.9538732394366	83.1343103448276
70	30	83.989	83.2611666666667
69	31	84.0581884057971	83.2162903225807
68	32	84.1672794117647	83.23578125
67	33	84.1856716417911	83.3527272727272
66	34	84.2157575757576	83.3080882352941
65	35	84.2109230769231	83.381
64	36	84.334609375	83.4513888888889
63	37	84.3194444444445	83.5109459459459
62	38	84.3604032258065	83.4961842105263
61	39	84.3689344262295	83.5512820512821
60	40	84.4493333333333	83.631375
59	41	84.4883898305085	83.6620731707317
58	42	84.4687931034483	83.7495238095238
57	43	84.5847368421052	83.7625581395349
56	44	84.5845535714285	83.7431818181818
55	45	84.6024545454545	83.8902222222222
54	46	84.7481481481481	83.8230434782609
53	47	84.7312264150943	83.8748936170213
52	48	84.745	83.9328125
51	49	84.7970588235294	84.0589795918367
50	50	84.8963	84.0424
49	51	84.8604081632653	84.0879411764706
48	52	84.9577083333333	84.1297115384615
47	53	84.9572340425532	84.2004716981132
46	54	84.9847826086957	84.173425925926
45	55	85.056	84.2733636363636
44	56	85.1038636363636	84.3234821428571
43	57	85.1247674418605	84.3974561403509
42	58	85.2230952380952	84.3761206896552
41	59	85.2414634146341	84.444406779661
40	60	85.29525	84.4390833333333
39	61	85.3014102564102	84.5587704918033
38	62	85.3803947368421	84.5963709677419
37	63	85.3941891891892	84.6002380952381
36	64	85.4805555555556	84.663671875
35	65	85.4868571428571	84.6712307692307
34	66	85.5386764705883	84.7457575757576
33	67	85.5387878787879	84.7974626865671
32	68	85.6915625	84.7713235294117
31	69	85.6422580645161	84.8606521739131
30	70	85.6501666666666	84.8903571428572
29	71	85.6651724137931	84.9359154929577
28	72	85.7625	84.9947222222222
27	73	85.827037037037	85.0331506849315
26	74	85.94	85.1014189189189
25	75	86.0214	85.132
24	76	85.9110416666667	85.1959868421053
23	77	85.9710869565217	85.2107142857143
22	78	86.0104545454546	85.2589102564103
21	79	86.0885714285714	85.2890506329114
20	80	86.015	85.3346875000001
19	81	86.2310526315789	85.3672222222222
18	82	86.2625	85.4225609756097
17	83	86.2782352941176	85.4726506024096
16	84	86.3203125	85.5295238095238
15	85	86.248	85.5482352941176
14	86	86.3560714285714	85.5969186046512
13	87	86.455	85.6140804597701
12	88	86.5225	85.7189204545454
11	89	86.5568181818181	85.7491011235955
10	90	86.582	85.7368333333333
9	91	86.5716666666667	85.7815934065934
8	92	86.676875	85.8451630434783
7	93	86.7485714285715	85.9106989247312
6	94	86.9033333333333	85.9541489361702
5	95	86.734	85.9667894736842
4	96	86.80625	86.0286979166667
3	97	86.9016666666667	86.060206185567
2	98	86.6925	86.0973979591837
1	99	87.1	86.1532828282828
0	100	0	86.1991
