num_of_tit_for_tat	num_of_shame_driven_hiding	average_fitness_of_tit_for_tat	average_fitness_of_shame_driven_hiding
100	0	100	0
99	1	99.819696969697	110
98	2	99.6295918367347	109.78
97	3	99.4537113402062	109.6
96	4	99.2541666666667	109.4625
95	5	99.0756842105264	109.278
94	6	98.8974468085106	109.046666666667
93	7	98.7212903225807	108.947142857143
92	8	98.5215217391304	108.7025
91	9	98.3308791208791	108.491111111111
90	10	98.1487777777778	108.315
89	11	97.9747191011236	108.100909090909
88	12	97.7797727272727	107.9325
87	13	97.5832183908046	107.697692307692
86	14	97.4029069767441	107.545714285714
85	15	97.2169411764706	107.358
84	16	97.0260714285714	107.156875
83	17	96.8444578313253	107.005882352941
82	18	96.6518292682927	106.774444444444
81	19	96.4562962962963	106.572631578947
80	20	96.27725	106.4455
79	21	96.1148101265823	106.186666666667
78	22	95.8610256410256	105.961363636364
77	23	95.6809090909091	105.887391304348
76	24	95.4896052631579	105.666666666667
75	25	95.3350666666666	105.4976
74	26	95.0828378378379	105.325769230769
73	27	94.9535616438356	105.072962962963
72	28	94.7202777777778	104.881428571429
71	29	94.5521126760564	104.658620689655
70	30	94.3554285714285	104.464
69	31	94.1268115942029	104.331612903226
68	32	93.9994117647059	104.0396875
67	33	93.7823880597015	103.909393939394
66	34	93.5724242424242	103.727941176471
65	35	93.3478461538462	103.515428571429
64	36	93.16421875	103.376111111111
63	37	92.9960317460317	103.135405405405
62	38	92.8027419354839	102.889736842105
61	39	92.5924590163934	102.72641025641
60	40	92.4566666666667	102.482
59	41	92.1620338983051	102.301951219512
58	42	91.971724137931	102.118095238095
57	43	91.8077192982456	101.946744186046
56	44	91.5576785714286	101.757272727273
55	45	91.4370909090909	101.540666666667
54	46	91.1722222222222	101.334130434783
53	47	90.9583018867925	101.082978723404
52	48	90.8119230769231	100.895625
51	49	90.6217647058824	100.736530612245
50	50	90.4202	100.5256
49	51	90.1744897959184	100.296666666667
48	52	90.0158333333333	100.134807692308
47	53	89.7446808510638	99.932641509434
46	54	89.5921739130435	99.7992592592593
45	55	89.3877777777778	99.5078181818182
44	56	89.1829545454545	99.2985714285714
43	57	88.9341860465116	99.1029824561404
42	58	88.7721428571428	98.8862068965517
41	59	88.5709756097561	98.69
40	60	88.37875	98.4763333333333
39	61	88.0941025641026	98.2954098360656
38	62	87.9318421052632	98.0733870967742
37	63	87.7724324324324	97.9346031746031
36	64	87.5258333333333	97.70765625
35	65	87.298	97.4790769230769
34	66	87.1423529411765	97.2275757575758
33	67	86.8815151515151	97.0368656716418
32	68	86.8021875	96.8707352941176
31	69	86.5145161290323	96.6692753623188
30	70	86.279	96.4357142857143
29	71	86.0703448275863	96.2656338028169
28	72	85.9046428571428	96.0302777777777
27	73	85.6733333333333	95.8094520547945
26	74	85.4292307692308	95.6390540540541
25	75	85.2796	95.3744
24	76	84.98125	95.2031578947368
23	77	84.8139130434783	94.9677922077922
22	78	84.6077272727273	94.7830769230769
21	79	84.3652380952381	94.5544303797468
20	80	84.1555	94.334375
19	81	83.9326315789474	94.1011111111111
18	82	83.7255555555555	93.8818292682927
17	83	83.5317647058823	93.6749397590361
16	84	83.279375	93.4666666666667
15	85	83.134	93.2756470588235
14	86	82.8757142857143	93.0366279069768
13	87	82.6807692307692	92.8316091954023
12	88	82.4683333333334	92.6286363636364
11	89	82.1709090909091	92.3586516853933
10	90	81.962	92.1981111111111
9	91	81.8188888888889	91.9643956043956
8	92	81.60875	91.7663043478261
7	93	81.24	91.513870967742
6	94	81.0783333333333	91.3253191489362
5	95	80.826	91.1073684210527
4	96	80.6625	90.8832291666666
3	97	80.4433333333333	90.6588659793814
2	98	80.275	90.4407142857143
1	99	80	90.2145454545455
0	100	0	90
