num_of_tit_for_tat	num_of_Pavlov	average_fitness_of_tit_for_tat	average_fitness_of_Pavlov
100	0	100	0
99	1	99.7705050505051	94.075
98	2	99.526887755102	93.995
97	3	99.3030412371134	93.98
96	4	99.0544270833333	93.71875
95	5	98.8337894736842	93.511
94	6	98.603670212766	93.4991666666667
93	7	98.3694086021505	93.2907142857143
92	8	98.1589130434782	93.109375
91	9	97.9032967032967	93.255
90	10	97.7093333333333	93.1584999999999
89	11	97.4423033707865	93.0872727272727
88	12	97.2239204545454	92.6841666666667
87	13	96.986724137931	93.0092307692307
86	14	96.7362790697674	92.7939285714286
85	15	96.5288823529411	92.588
84	16	96.3098214285715	92.33875
83	17	96.0748795180723	92.4226470588235
82	18	95.7995731707317	92.3316666666667
81	19	95.6004938271605	92.1910526315789
80	20	95.397125	92.1265
79	21	95.1520253164557	92.2283333333333
78	22	94.8763461538462	91.8813636363637
77	23	94.7162337662338	91.8256521739131
76	24	94.4932894736842	91.9820833333334
75	25	94.2473333333333	91.6276
74	26	93.9589189189189	91.7909615384616
73	27	93.7357534246575	91.6292592592593
72	28	93.4940972222222	91.4491071428572
71	29	93.2935915492958	91.351724137931
70	30	93.0249285714286	91.2728333333334
69	31	92.8034057971014	90.9983870967742
68	32	92.6401470588235	91.0940625
67	33	92.3635074626866	90.8348484848485
66	34	92.1684848484848	90.8910294117647
65	35	91.91	90.622
64	36	91.653515625	90.6301388888889
63	37	91.4719047619048	90.6087837837838
62	38	91.2658064516129	90.4196052631579
61	39	91.0008196721312	90.4025641025641
60	40	90.7670833333333	90.1747499999999
59	41	90.5101694915254	90.3146341463414
58	42	90.2870689655173	90.0175
57	43	90.0360526315789	90.0477906976744
56	44	89.805	89.9334090909091
55	45	89.6289090909091	89.6881111111111
54	46	89.44	89.7192391304348
53	47	89.095	89.5606382978724
52	48	88.92875	89.5551041666667
51	49	88.72	89.4329591836734
50	50	88.4063	89.4067
49	51	88.1861224489796	89.3091176470588
48	52	88.015625	89.0309615384616
47	53	87.7822340425532	89.051037735849
46	54	87.5575	89.0585185185185
45	55	87.2674444444445	88.8912727272727
44	56	87.1176136363636	88.7216964285714
43	57	86.7952325581396	88.6139473684211
42	58	86.5569047619048	88.5098275862069
41	59	86.309268292683	88.4254237288136
40	60	86.108625	88.48775
39	61	85.945	88.3345901639344
38	62	85.7369736842105	88.2095161290322
37	63	85.4872972972973	88.1996031746032
36	64	85.1920833333334	88.018828125
35	65	84.9455714285714	87.925923076923
34	66	84.7908823529412	87.7250757575758
33	67	84.509696969697	87.6707462686567
32	68	84.2696875	87.5930882352941
31	69	84.1203225806452	87.516231884058
30	70	83.8421666666667	87.4405714285714
29	71	83.5870689655172	87.4099295774648
28	72	83.3808928571429	87.1630555555555
27	73	83.1272222222222	87.1406164383562
26	74	82.8619230769231	87.0412837837838
25	75	82.701	87.0224
24	76	82.45125	86.8817763157894
23	77	82.225	86.8703246753247
22	78	82.0309090909091	86.6498076923077
21	79	81.6545238095238	86.5693670886076
20	80	81.58575	86.47625
19	81	81.2336842105263	86.3494444444445
18	82	81.0652777777778	86.2385365853658
17	83	80.9026470588235	86.2092168674699
16	84	80.58875	86.0316071428571
15	85	80.363	86.0399411764706
14	86	80.1560714285714	85.9627325581395
13	87	79.8288461538462	85.847183908046
12	88	79.5925	85.7680113636363
11	89	79.3668181818182	85.7378651685394
10	90	79.203	85.4678888888889
9	91	79.1022222222222	85.4645054945055
8	92	78.83875	85.415597826087
7	93	78.51	85.2576344086021
6	94	78.2866666666666	85.219255319149
5	95	78.172	85.0984736842105
4	96	77.75	85.01453125
3	97	77.64	84.8025773195876
2	98	77.39	84.6963265306122
1	99	76.845	84.6777272727273
0	100	0	84.616
