num_of_tit_for_tat	num_of_TFT_with_trembling_hand	average_fitness_of_tit_for_tat	average_fitness_of_TFT_with_trembling_hand
100	0	100	0
99	1	99.8199494949495	98.89
98	2	99.6311734693878	98.6625
97	3	99.4417010309278	98.83
96	4	99.2611979166667	98.71625
95	5	99.0918421052632	98.476
94	6	98.8981382978724	98.2358333333333
93	7	98.7144623655914	98.0678571428571
92	8	98.5232065217391	97.885625
91	9	98.3174725274725	97.8727777777777
90	10	98.162	97.675
89	11	97.9760674157304	97.6181818181819
88	12	97.7985795454545	97.2416666666667
87	13	97.5950574712644	97.0992307692307
86	14	97.4007558139535	96.98
85	15	97.21	96.9073333333333
84	16	97.0582142857143	96.5575
83	17	96.8772891566265	96.4967647058824
82	18	96.672743902439	96.3044444444445
81	19	96.480987654321	96.2184210526315
80	20	96.3211875	96.0315
79	21	96.1060126582279	95.8102380952381
78	22	95.9164102564103	95.6690909090909
77	23	95.784025974026	95.5439130434783
76	24	95.5424342105263	95.3947916666667
75	25	95.3934000000001	95.1216
74	26	95.1856081081081	94.9853846153846
73	27	94.9949315068493	94.7390740740741
72	28	94.8163888888889	94.6816071428572
71	29	94.5977464788732	94.465
70	30	94.466	94.4066666666667
69	31	94.2966666666666	94.2467741935484
68	32	94.0486764705882	93.9978125
67	33	93.9024626865672	93.815303030303
66	34	93.6928787878788	93.7516176470588
65	35	93.4609230769231	93.5191428571428
64	36	93.333359375	93.3279166666666
63	37	93.1860317460318	93.157027027027
62	38	92.9748387096774	93.0102631578947
61	39	92.8164754098361	92.7561538461539
60	40	92.5893333333333	92.639
59	41	92.4046610169492	92.454512195122
58	42	92.240775862069	92.3767857142857
57	43	92.0317543859649	92.1232558139534
56	44	91.849375	92.0270454545455
55	45	91.6264545454545	91.8377777777778
54	46	91.5147222222222	91.6380434782609
53	47	91.3364150943396	91.5062765957447
52	48	91.1275	91.2780208333333
51	49	90.8795098039216	91.1914285714286
50	50	90.7488	90.9693
49	51	90.5379591836735	90.8129411764706
48	52	90.409375	90.6976923076923
47	53	90.2058510638297	90.557358490566
46	54	89.9910869565217	90.2637037037037
45	55	89.8405555555556	90.2870909090909
44	56	89.6581818181819	90.0532142857142
43	57	89.4175581395349	89.9763157894736
42	58	89.2922619047619	89.7437931034483
41	59	89.0695121951219	89.5922881355932
40	60	88.908375	89.37075
39	61	88.7320512820513	89.1989344262295
38	62	88.4652631578947	89.0916935483871
37	63	88.3883783783784	88.8371428571429
36	64	88.1777777777778	88.6909375
35	65	87.9485714285714	88.5588461538461
34	66	87.7419117647059	88.3490151515152
33	67	87.5474242424243	88.2701492537314
32	68	87.39453125	88.0677205882353
31	69	87.2522580645161	87.8957971014493
30	70	87.0303333333333	87.7333571428571
29	71	86.8415517241379	87.5427464788733
28	72	86.7151785714286	87.4722222222222
27	73	86.4848148148148	87.1614383561644
26	74	86.2484615384615	87.0608108108108
25	75	86.1154	86.8903333333333
24	76	85.9683333333333	86.758947368421
23	77	85.7721739130435	86.5588961038961
22	78	85.5620454545455	86.3610256410257
21	79	85.4764285714286	86.2388607594937
20	80	85.25425	86.0276250000001
19	81	84.9034210526316	85.8517283950617
18	82	84.7755555555556	85.6790853658537
17	83	84.6952941176471	85.5775301204819
16	84	84.41875	85.3570238095238
15	85	84.2383333333333	85.2217058823529
14	86	84.0582142857143	85.0990697674418
13	87	83.8765384615384	84.9118390804597
12	88	83.8204166666667	84.7964772727273
11	89	83.5422727272727	84.5346629213484
10	90	83.2705	84.4048888888889
9	91	83.2216666666667	84.2758241758241
8	92	82.9625	84.033152173913
7	93	82.8221428571429	83.8716666666667
6	94	82.6275	83.7231382978724
5	95	82.472	83.559947368421
4	96	82.185	83.4294791666667
3	97	81.9433333333334	83.2147422680412
2	98	81.7625	83.0840816326531
1	99	81.76	82.9226262626263
0	100	0	82.6983499999999
