num_of_tit_for_tat	num_of_shame_driven_denying	average_fitness_of_tit_for_tat	average_fitness_of_shame_driven_denying
100	0	100	0
99	1	99.7233333333333	99.79
98	2	99.4448979591836	99.925
97	3	99.1420618556701	99.1883333333333
96	4	98.8593229166667	98.8875
95	5	98.5961052631579	98.6420000000001
94	6	98.3340957446809	98.5175
93	7	98.0270430107527	98.1814285714286
92	8	97.7791847826086	97.924375
91	9	97.4762637362637	97.7283333333333
90	10	97.2254444444445	97.5405
89	11	96.8874157303371	97.1300000000001
88	12	96.6673863636363	96.9358333333333
87	13	96.3632758620689	96.8303846153846
86	14	96.1441860465116	96.4892857142857
85	15	95.7949411764706	96.1576666666667
84	16	95.5195238095238	95.9809375
83	17	95.2509638554217	95.7826470588235
82	18	94.9589024390244	95.6169444444445
81	19	94.6546913580247	95.3444736842105
80	20	94.4004375	95.00125
79	21	94.1277215189873	94.7866666666666
78	22	93.8464102564103	94.69
77	23	93.5869480519481	94.2989130434783
76	24	93.2936184210527	94.0758333333333
75	25	93.0282666666666	93.8874
74	26	92.8000675675676	93.5471153846154
73	27	92.4474657534247	93.3648148148148
72	28	92.1793055555555	93.0573214285715
71	29	91.9085915492958	92.7651724137931
70	30	91.6413571428572	92.5381666666667
69	31	91.3368115942029	92.2988709677419
68	32	91.0643382352941	92.1240625
67	33	90.790223880597	91.85
66	34	90.5279545454546	91.5535294117647
65	35	90.2153846153846	91.3281428571429
64	36	89.968828125	91.0172222222222
63	37	89.7052380952381	90.8258108108108
62	38	89.3844354838709	90.6577631578947
61	39	89.0372131147541	90.3126923076923
60	40	88.8599166666667	90.068125
59	41	88.53	89.9710975609756
58	42	88.3155172413793	89.6433333333333
57	43	88.0055263157895	89.4197674418605
56	44	87.7029464285715	89.1954545454546
55	45	87.4793636363636	88.8555555555555
54	46	87.222962962963	88.8051086956522
53	47	86.8678301886792	88.4298936170213
52	48	86.7068269230769	88.1920833333334
51	49	86.3543137254902	87.9512244897959
50	50	85.997	87.7151
49	51	85.8078571428572	87.3212745098039
48	52	85.4194791666667	87.2575
47	53	85.2279787234042	87.0188679245283
46	54	84.895652173913	86.7362037037037
45	55	84.6688888888889	86.4112727272727
44	56	84.3875	86.1315178571429
43	57	84.0938372093023	85.9804385964912
42	58	83.6853571428571	85.6887931034482
41	59	83.5453658536585	85.4248305084746
40	60	83.18025	85.2139166666666
39	61	82.8812820512821	85.0229508196721
38	62	82.7427631578947	84.6417741935484
37	63	82.4843243243243	84.5459523809524
36	64	82.0994444444444	84.19296875
35	65	81.7651428571428	84.0218461538461
34	66	81.555	83.7506060606061
33	67	81.3248484848485	83.5482089552239
32	68	81.0128125	83.3326470588235
31	69	80.681935483871	83.0382608695652
30	70	80.437	82.7282142857143
29	71	80.2691379310345	82.5671126760563
28	72	79.9441071428571	82.2618055555555
27	73	79.5724074074074	82.1054794520548
26	74	79.3328846153846	81.7888513513513
25	75	79.0368	81.6460666666667
24	76	78.8554166666667	81.3004605263158
23	77	78.3567391304348	81.0509090909091
22	78	78.3331818181818	80.9095512820513
21	79	77.9145238095238	80.5187341772152
20	80	77.50725	80.337
19	81	77.4107894736842	80.0874691358025
18	82	77.2644444444444	79.840731707317
17	83	76.855	79.6185542168675
16	84	76.4996875	79.3678571428572
15	85	76.2066666666666	79.1516470588235
14	86	75.9357142857143	78.8966860465116
13	87	75.8253846153846	78.5519540229885
12	88	75.4691666666667	78.3695454545455
11	89	75.2109090909091	78.0924157303371
10	90	74.831	77.9107222222222
9	91	74.6022222222222	77.6535164835165
8	92	74.275	77.405
7	93	74.2885714285714	77.1887634408602
6	94	73.83	76.9121808510638
5	95	73.371	76.6957894736842
4	96	72.98625	76.4586979166667
3	97	72.9283333333333	76.1748453608247
2	98	72.675	75.9467857142857
1	99	72.25	75.6786868686869
0	100	0	75.4696
