num_of_generous_TFT	num_of_Pavlov	average_fitness_of_generous_TFT	average_fitness_of_Pavlov
50	0	50	0
49	1	49.9429591836735	67.8975
48	2	49.88484375	67.23
47	3	49.8163829787234	66.6216666666667
46	4	49.7729891304348	66.69625
45	5	49.7142222222222	66.2585
44	6	49.6685795454545	66.715
43	7	49.5961046511628	66.1439285714285
42	8	49.51375	65.8365625
41	9	49.4928658536585	65.3669444444444
40	10	49.3911875	65.338
39	11	49.3841025641026	64.8006818181818
38	12	49.288552631579	64.8845833333333
37	13	49.2531081081081	64.2659615384615
36	14	49.1920833333333	63.9364285714285
35	15	49.1725	63.6208333333333
34	16	49.0625	63.43234375
33	17	49.0383333333333	63.18
32	18	48.9659375	62.8538888888889
31	19	48.9202419354839	62.485
30	20	48.8404166666666	62.398
29	21	48.8560344827586	62.1035714285714
28	22	48.7090178571429	61.7956818181818
27	23	48.6905555555556	61.5425
26	24	48.6240384615385	61.1011458333333
25	25	48.5835	60.9171
24	26	48.5275	60.4518269230769
23	27	48.4396739130435	60.2966666666666
22	28	48.4035227272728	59.7097321428571
21	29	48.3690476190476	59.4472413793103
20	30	48.239	59.1654166666667
19	31	48.2551315789474	58.7270161290323
18	32	48.1784722222222	58.653671875
17	33	48.0958823529412	58.2746212121212
16	34	47.9909375	57.9485294117647
15	35	48.0298333333333	57.4355
14	36	47.9216071428571	57.2246527777778
13	37	47.8657692307692	56.7312162162162
12	38	47.8033333333333	56.5092763157895
11	39	47.8220454545454	56.165641025641
10	40	47.69825	55.751625
9	41	47.6747222222222	55.3724390243902
8	42	47.6065625	55.0413095238095
7	43	47.5328571428572	54.6156395348837
6	44	47.47125	54.3452840909091
5	45	47.458	54.1084444444444
4	46	47.266875	53.7508695652174
3	47	47.3383333333333	53.325585106383
2	48	47.26125	52.9302083333333
1	49	47.325	52.5292346938776
0	50	0	52.1719
