num_of_generous_TFT	num_of_guilt_driven_amending	average_fitness_of_generous_TFT	average_fitness_of_guilt_driven_amending
50	0	50	0
49	1	49.9762755102041	50.4225
48	2	49.95171875	50.32
47	3	49.9336170212766	50.3816666666667
46	4	49.9061413043478	50.30125
45	5	49.8812777777778	50.263
44	6	49.8584659090909	50.2858333333333
43	7	49.8297674418605	50.2342857142857
42	8	49.8224404761905	50.1575
41	9	49.792012195122	50.1538888888889
40	10	49.7669375	50.144
39	11	49.7501282051282	50.1254545454546
38	12	49.7203947368421	50.0983333333334
37	13	49.7046621621622	50.0821153846154
36	14	49.6692361111111	50.01375
35	15	49.6492857142857	50.0233333333334
34	16	49.6235294117647	49.9615625
33	17	49.6029545454546	49.9864705882353
32	18	49.5825	49.9468055555556
31	19	49.5550806451613	49.9153947368421
30	20	49.5275	49.915875
29	21	49.5077586206897	49.8741666666667
28	22	49.5191964285714	49.8242045454545
27	23	49.4728703703704	49.8196739130435
26	24	49.4374038461539	49.7853125
25	25	49.4291	49.742
24	26	49.3938541666667	49.7391346153846
23	27	49.3851086956522	49.7127777777778
22	28	49.3432954545454	49.7066964285714
21	29	49.3252380952381	49.6589655172414
20	30	49.294625	49.6524166666667
19	31	49.2892105263158	49.5954838709678
18	32	49.2605555555555	49.588515625
17	33	49.2302941176471	49.5471212121212
16	34	49.2190625	49.5186029411765
15	35	49.1995	49.5222142857143
14	36	49.14875	49.4701388888889
13	37	49.1330769230769	49.4579054054054
12	38	49.1504166666667	49.4303289473685
11	39	49.0829545454545	49.4125641025641
10	40	49.08475	49.3908125
9	41	49.0613888888889	49.359512195122
8	42	49.0175	49.3675
7	43	49.0489285714286	49.2995930232558
6	44	48.9616666666667	49.2685795454545
5	45	48.97	49.2778333333333
4	46	48.93125	49.2191304347826
3	47	48.9058333333333	49.2127659574468
2	48	48.87	49.1854166666667
1	49	48.87	49.1582142857143
0	50	0	49.14505
