num_of_generous_TFT	num_of_TFT_with_trembling_hand	average_fitness_of_generous_TFT	average_fitness_of_TFT_with_trembling_hand
50	0	50	0
49	1	49.9611224489796	50.8325
48	2	49.91859375	50.735
47	3	49.8865957446808	50.54
46	4	49.8561413043478	50.586875
45	5	49.8103333333333	50.4905
44	6	49.7695454545455	50.4679166666667
43	7	49.7342441860465	50.4642857142857
42	8	49.7011904761905	50.373125
41	9	49.6720731707317	50.3136111111111
40	10	49.626125	50.31925
39	11	49.5825641025641	50.2863636363636
38	12	49.5500657894737	50.21125
37	13	49.5337162162162	50.1648076923077
36	14	49.4809722222222	50.0901785714285
35	15	49.4483571428571	50.0441666666666
34	16	49.4048529411765	49.98484375
33	17	49.3606818181818	49.9814705882353
32	18	49.316171875	49.9055555555555
31	19	49.2805645161291	49.8609210526316
30	20	49.25125	49.881
29	21	49.2038793103448	49.8559523809524
28	22	49.1560714285714	49.7344318181818
27	23	49.1386111111111	49.706847826087
26	24	49.0656730769231	49.6372916666667
25	25	49.0789	49.6165
24	26	49.0210416666667	49.5732692307692
23	27	48.9780434782609	49.5462037037037
22	28	48.9470454545455	49.4879464285714
21	29	48.9382142857143	49.4278448275862
20	30	48.823375	49.4341666666667
19	31	48.7971052631579	49.3716129032258
18	32	48.7820833333333	49.335546875
17	33	48.7526470588235	49.2258333333333
16	34	48.73328125	49.1810294117647
15	35	48.6645	49.1897857142857
14	36	48.6689285714286	49.1429861111111
13	37	48.5707692307692	49.0852027027027
12	38	48.5402083333333	49.0424342105263
11	39	48.5529545454546	48.9941025641025
10	40	48.48525	48.9424375
9	41	48.4547222222222	48.895243902439
8	42	48.436875	48.8748214285714
7	43	48.3696428571428	48.8225581395349
6	44	48.38875	48.7394886363637
5	45	48.311	48.7376111111111
4	46	48.263125	48.6764130434783
3	47	48.2658333333333	48.651329787234
2	48	48.185	48.61734375
1	49	48.185	48.5660204081633
0	50	0	48.52675
