num_of_generous_TFT	num_of_shame_driven_denying	average_fitness_of_generous_TFT	average_fitness_of_shame_driven_denying
50	0	50	0
49	1	49.9149489795918	51.4475
48	2	49.84171875	51.41875
47	3	49.785585106383	51.3108333333333
46	4	49.67625	51.293125
45	5	49.6216111111111	51.1475
44	6	49.5226704545454	51.2120833333333
43	7	49.4654069767442	50.9603571428571
42	8	49.3695833333333	50.8540625
41	9	49.3081707317073	50.8477777777778
40	10	49.1990625	50.7975
39	11	49.1530769230769	50.6520454545455
38	12	49.0765131578948	50.6208333333333
37	13	49.0272297297297	50.5036538461539
36	14	48.9461805555556	50.41375
35	15	48.8755714285714	50.3408333333333
34	16	48.7772794117647	50.19546875
33	17	48.6932575757576	50.2033823529412
32	18	48.637890625	50.0891666666667
31	19	48.5262903225807	50.0376315789474
30	20	48.4593333333333	49.99875
29	21	48.3953448275862	49.8979761904762
28	22	48.3515178571429	49.7275
27	23	48.2312037037037	49.7469565217391
26	24	48.1628846153846	49.625625
25	25	48.0552	49.615
24	26	47.9872916666666	49.4536538461539
23	27	47.9870652173913	49.4013888888889
22	28	47.8386363636364	49.2683035714286
21	29	47.7945238095238	49.1958620689655
20	30	47.7395	49.1548333333333
19	31	47.6665789473684	49.065
18	32	47.6329166666667	49.006953125
17	33	47.5110294117647	48.9022727272727
16	34	47.3984375	48.8149264705882
15	35	47.2468333333333	48.7051428571429
14	36	47.2858928571428	48.6376388888889
13	37	47.1888461538461	48.5852702702703
12	38	47.1047916666667	48.5282894736842
11	39	47.0788636363636	48.4404487179487
10	40	47.02175	48.384625
9	41	46.8669444444444	48.2809756097561
8	42	46.6746875	48.182380952381
7	43	46.6989285714286	48.0972093023256
6	44	46.6520833333333	48.0566477272727
5	45	46.5495	47.9717777777778
4	46	46.610625	47.875652173913
3	47	46.46	47.8097872340426
2	48	46.30375	47.6972916666667
1	49	46.0725	47.6235714285714
0	50	0	47.5375
