num_of_always_trembling	num_of_TFT_with_trembling_hand	average_fitness_of_always_trembling	average_fitness_of_TFT_with_trembling_hand
20	0	49.8615	0
19	1	50.3905263157895	45.195
18	2	50.8611111111111	48.14
17	3	51.41	50.295
16	4	51.734375	53.1
15	5	52.268	56.043
14	6	52.9121428571429	58.2975
13	7	53.1192307692308	60.9335714285714
12	8	53.3945833333333	63.358125
11	9	54.2786363636364	65.9294444444445
10	10	54.56	68.696
9	11	55.2444444444444	70.9372727272728
8	12	55.58875	73.615
7	13	55.6992857142857	76.3407692307692
6	14	56.5491666666667	78.71
5	15	57.152	81.3646666666667
4	16	57.4225	83.9078125
3	17	58.2583333333333	86.545
2	18	58.1175	88.9805555555556
1	19	59.31	91.6239473684211
0	20	0	94.18775
