num_of_always_trembling	num_of_shame_driven_hiding	average_fitness_of_always_trembling	average_fitness_of_shame_driven_hiding
20	0	49.9205	0
19	1	50.6668421052632	46.425
18	2	50.5605555555556	48.1075
17	3	51.3326470588235	50.665
16	4	51.8496875	53.34375
15	5	52.3636666666667	56.178
14	6	52.6546428571429	58.9041666666667
13	7	53.4119230769231	61.58
12	8	53.52875	64.384375
11	9	53.7040909090909	66.8883333333334
10	10	54.6775	69.64
9	11	55.0722222222222	72.6104545454545
8	12	55.553125	75.4904166666667
7	13	55.7964285714285	78.2769230769231
6	14	56.0783333333333	81.0482142857143
5	15	56.541	84.1006666666667
4	16	57.14125	86.97375
3	17	57.4616666666667	89.9291176470588
2	18	58.5425	92.9344444444445
1	19	58.435	95.926052631579
0	20	0	99
