num_of_always_cooperate	num_of_always_defect	average_fitness_of_always_cooperate	average_fitness_of_always_defect
20	0	100	0
19	1	89.5852631578947	200
18	2	78.9094444444444	189.58
17	3	68.3241176470588	178.97
16	4	58.130625	168.4125
15	5	47.3246666666667	158.122
14	6	36.8721428571429	147.386666666667
13	7	26.5761538461538	137.24
12	8	15.68	126.2375
11	9	5.29181818181818	115.661111111111
10	10	-5.185	105.173
9	11	-15.4044444444444	94.8454545454545
8	12	-26.02875	84.6058333333333
7	13	-36.9171428571429	73.6038461538461
6	14	-47.3333333333333	63.175
5	15	-58.36	52.4306666666667
4	16	-68.28	41.99625
3	17	-78.9333333333333	31.485294117647
2	18	-89.39	20.9077777777778
1	19	-100	10.6578947368421
0	20	0	0
