num_of_always_trembling	num_of_tit_for_tat	average_fitness_of_always_trembling	average_fitness_of_tit_for_tat
20	0	50.1005	0
19	1	50.4886842105263	45.535
18	2	50.9258333333333	48.0125
17	3	51.6441176470588	51.0433333333333
16	4	52.0821875	54.13
15	5	52.5766666666667	56.581
14	6	52.8967857142857	59.6291666666667
13	7	53.4392307692308	62.53
12	8	54.1775	65.425625
11	9	54.3522727272727	68.1077777777778
10	10	55.632	71.4115
9	11	55.7355555555556	74.0604545454546
8	12	56.351875	77.14125
7	13	56.05	79.8257692307692
6	14	56.6583333333333	82.7839285714286
5	15	57.53	85.5706666666667
4	16	57.69125	88.396875
3	17	58.46	91.4282352941176
2	18	58.8725	94.2038888888889
1	19	59.81	97.1055263157894
0	20	0	100
