num_of_always_defect	num_of_always_trembling	average_fitness_of_always_defect	average_fitness_of_always_trembling
20	0	0	0
19	1	5.24526315789474	-49.775
18	2	10.4805555555556	-44.1925
17	3	15.95	-39.4016666666667
16	4	21.0225	-34.265
15	5	26.2113333333333	-28.815
14	6	31.6557142857143	-23.7025
13	7	36.5038461538462	-18.3221428571429
12	8	41.78	-13.160625
11	9	47.5027272727273	-7.61222222222222
10	10	52.82	-2.722
9	11	57.9822222222222	2.41090909090909
8	12	63.0175	7.81958333333333
7	13	68.4714285714285	13.1557692307692
6	14	73.585	18.0921428571429
5	15	79.702	23.4883333333333
4	16	84.3675	29.02875
3	17	89.8433333333333	34.3026470588235
2	18	93.905	39.5102777777778
1	19	99.64	44.6373684210526
0	20	0	50.0865
