num_of_always_cooperate	num_of_Pavlov	average_fitness_of_always_cooperate	average_fitness_of_Pavlov
20	0	100	0
19	1	99.3652631578947	130.43
18	2	98.7905555555555	124
17	3	98.1441176470588	121.34
16	4	97.48375	118.665
15	5	96.9106666666667	115.794
14	6	96.3371428571429	115.599166666667
13	7	95.4584615384615	112.789285714286
12	8	95.0649999999999	110.590625
11	9	94.0990909090909	108.313333333333
10	10	93.471	105.4135
9	11	93.1033333333334	102.473636363636
8	12	92.37875	99.5179166666667
7	13	91.7057142857143	96.0819230769231
6	14	90.84	92.9539285714285
5	15	90.476	89.4406666666666
4	16	89.91	85.9484375
3	17	89.74	82.3873529411765
2	18	88.625	78.8086111111111
1	19	88.06	74.7465789473684
0	20	0	71.12325
