num_of_always_trembling	num_of_guilt_driven_amending	average_fitness_of_always_trembling	average_fitness_of_guilt_driven_amending
20	0	49.85925	0
19	1	50.4955263157895	46.085
18	2	50.9027777777778	48.33
17	3	51.4447058823529	50.795
16	4	51.7353125	53.5325
15	5	52.2053333333333	56.554
14	6	53.2310714285714	59.4566666666667
13	7	53.2823076923077	62.2628571428571
12	8	53.86375	64.970625
11	9	54.3568181818181	67.5977777777778
10	10	54.978	70.574
9	11	55.5716666666667	73.4018181818182
8	12	55.79375	75.9170833333334
7	13	56.3735714285714	78.7615384615385
6	14	56.7791666666667	81.5632142857143
5	15	57.598	84.221
4	16	57.66875	87.0475
3	17	58.255	89.83
2	18	59.21	92.5083333333334
1	19	58.575	95.2976315789474
0	20	0	98.1285
