num_of_always_cooperate	num_of_shame_driven_denying	average_fitness_of_always_cooperate	average_fitness_of_shame_driven_denying
20	0	100	0
19	1	99.3615789473685	106.165
18	2	98.5727777777778	104.98
17	3	98.0105882352942	103.713333333333
16	4	97.320625	103.77
15	5	96.868	102.686
14	6	96.0107142857143	102.035833333333
13	7	95.456923076923	100.157857142857
12	8	94.8566666666667	99.866875
11	9	93.9554545454546	99.035
10	10	93.567	98.0705
9	11	92.7555555555555	97.2445454545454
8	12	92.13625	96.5870833333333
7	13	91.4871428571429	95.5615384615384
6	14	90.6516666666667	94.7232142857143
5	15	90.08	93.6673333333334
4	16	89.5475	92.70375
3	17	89.24	91.8485294117647
2	18	88.115	91.0377777777778
1	19	88.34	89.8542105263158
0	20	0	89.2720000000001
