num_of_always_trembling	num_of_shame_driven_denying	average_fitness_of_always_trembling	average_fitness_of_shame_driven_denying
20	0	50.233	0
19	1	50.7486842105263	46.185
18	2	50.2747222222223	49.025
17	3	51.079705882353	50.6433333333333
16	4	51.7409375	53.25875
15	5	51.9293333333333	55.493
14	6	52.3071428571428	57.5741666666666
13	7	52.5942307692308	59.9221428571428
12	8	53.1625	62.223125
11	9	53.2363636363636	64.3822222222222
10	10	53.354	66.5955
9	11	54.5316666666667	68.9109090909091
8	12	54.579375	71.1558333333333
7	13	54.4092857142857	73.4507692307692
6	14	55.0691666666667	75.7814285714286
5	15	56.033	77.8603333333333
4	16	56.10125	80.3725
3	17	56.505	82.47
2	18	56.565	84.7383333333333
1	19	57.125	86.8636842105264
0	20	0	89.32475
