num_of_always_cooperate	num_of_guilt_driven_amending	average_fitness_of_always_cooperate	average_fitness_of_guilt_driven_amending
20	0	100	0
19	1	99.8931578947368	101
18	2	99.79	100.8425
17	3	99.6811764705883	100.663333333333
16	4	99.57875	100.52375
15	5	99.4926666666667	100.391
14	6	99.3871428571429	100.221666666667
13	7	99.2738461538461	100.084285714286
12	8	99.1658333333333	99.94125
11	9	99.04	99.7988888888889
10	10	98.927	99.6685
9	11	98.84	99.4836363636364
8	12	98.70875	99.3575
7	13	98.6428571428572	99.1923076923077
6	14	98.5083333333333	99.0557142857143
5	15	98.414	98.8776666666666
4	16	98.3	98.765
3	17	98.2033333333333	98.5955882352941
2	18	98.115	98.4244444444444
1	19	98.02	98.2671052631579
0	20	0	98.12825
