num_of_always_defect	num_of_tit_for_tat	average_fitness_of_always_defect	average_fitness_of_tit_for_tat
20	0	0	0
19	1	0.999473684210526	-9.5
18	2	2	-3.675
17	3	3	1.87666666666667
16	4	4	7.87625
15	5	4.99933333333333	13.403
14	6	6	19.2875
13	7	7	25.0642857142857
12	8	8	30.859375
11	9	8.99909090909091	36.4805555555556
10	10	10	42.21
9	11	11	48.0931818181818
8	12	11.99875	53.8891666666667
7	13	13	59.7238461538461
6	14	14	65.29
5	15	15	71.3203333333333
4	16	16	76.904375
3	17	17	82.6552941176471
2	18	18	88.415
1	19	19	94.3357894736842
0	20	0	100
