num_of_always_cooperate	num_of_always_trembling	average_fitness_of_always_cooperate	average_fitness_of_always_trembling
20	0	100	0
19	1	94.7489473684211	150.11
18	2	89.2938888888889	144.9
17	3	84.18	139.605
16	4	78.871875	134.3875
15	5	73.63	129.196
14	6	68.3485714285715	123.5
13	7	63.3530769230769	118.701428571429
12	8	58.1625	112.808125
11	9	52.65	108.050555555556
10	10	47.11	102.45
9	11	42.1411111111111	97.4177272727273
8	12	36.5625	91.9745833333334
7	13	31.3128571428571	86.7942307692308
6	14	25.9566666666667	81.8335714285714
5	15	21.004	76.3873333333334
4	16	15.55	70.7525
3	17	10.5566666666667	66.1132352941176
2	18	5.805	60.6733333333333
1	19	-0.22	55.4626315789474
0	20	0	49.9585
