num_of_always_defect	num_of_TFT_with_trembling_hand	average_fitness_of_always_defect	average_fitness_of_TFT_with_trembling_hand
20	0	0	0
19	1	1	-9.5
18	2	2	-4.19
17	3	3	1.51333333333333
16	4	4	6.82375
15	5	5	12.494
14	6	6	17.71
13	7	7	23.1092857142857
12	8	8	28.694375
11	9	9	34.1188888888889
10	10	10	39.6405
9	11	11	45.0568181818182
8	12	12	50.4891666666667
7	13	13	56.0030769230769
6	14	14	61.3946428571429
5	15	15	66.889
4	16	16	72.3621875
3	17	17	77.7073529411765
2	18	18	83.1555555555556
1	19	19	88.5739473684211
0	20	0	94.19625
