num_of_guilt_driven_amending	num_of_Pavlov	average_fitness_of_guilt_driven_amending	average_fitness_of_Pavlov
20	0	98.13975	0
19	1	97.7539473684211	68.71
18	2	97.3908333333334	68.745
17	3	97.0032352941177	68.4766666666667
16	4	96.695625	69.33875
15	5	96.3456666666666	70.822
14	6	96.0117857142857	69.76
13	7	95.5711538461538	70.7992857142857
12	8	95.1575	70.004375
11	9	94.7995454545454	70.2633333333333
10	10	94.4084999999999	70.369
9	11	94.0083333333333	70.8263636363636
8	12	93.78	70.6791666666666
7	13	93.3085714285715	71.0457692307692
6	14	93	71.2821428571428
5	15	92.589	71.0496666666667
4	16	92.0225	71.3353125
3	17	91.835	71.34
2	18	91.3975	71.1769444444445
1	19	91.085	71.2121052631579
0	20	0	71.1015
