num_of_shame_driven_denying	num_of_Pavlov	average_fitness_of_shame_driven_denying	average_fitness_of_Pavlov
20	0	89.164	0
19	1	89.5855263157895	65.42
18	2	90.03	64.18
17	3	90.1367647058823	66.2683333333333
16	4	90.7021875	66.74375
15	5	91.0993333333333	67.203
14	6	91.2664285714286	67.1725
13	7	91.3561538461538	67.6042857142858
12	8	91.95875	67.369375
11	9	92.2490909090909	68.15
10	10	92.606	68.076
9	11	92.9994444444444	68.8595454545455
8	12	93.44875	69.1983333333333
7	13	93.5328571428571	69.9323076923077
6	14	93.9466666666667	69.545
5	15	94.192	70.1763333333333
4	16	94.62875	70.036875
3	17	95.1016666666666	70.785
2	18	95.295	70.7169444444444
1	19	95.415	71.2326315789474
0	20	0	70.75075
