num_of_shame_driven_denying	num_of_guilt_driven_amending	average_fitness_of_shame_driven_denying	average_fitness_of_guilt_driven_amending
20	0	89.333	0
19	1	89.4202631578948	91.855
18	2	89.8580555555556	92.645
17	3	90.1476470588236	93.0733333333333
16	4	90.5134375	93.19875
15	5	90.7136666666667	93.6
14	6	90.995	93.7408333333333
13	7	91.3476923076923	93.9628571428572
12	8	91.7416666666667	94.345625
11	9	91.8845454545455	94.7266666666667
10	10	92.1815	94.9905
9	11	92.5027777777778	95.4331818181818
8	12	92.848125	95.6520833333333
7	13	93.2557142857143	96.075
6	14	93.4716666666667	96.3196428571429
5	15	93.73	96.4936666666667
4	16	94.36875	96.92
3	17	94.2733333333334	97.2676470588235
2	18	94.72	97.4855555555556
1	19	94.905	97.8526315789474
0	20	0	98.1125
