num_of_shame_driven_hiding	num_of_shame_driven_denying	average_fitness_of_shame_driven_hiding	average_fitness_of_shame_driven_denying
20	0	99	0
19	1	98.6781578947368	93.285
18	2	98.3919444444445	93.18
17	3	98.0958823529411	93.2883333333333
16	4	97.8315625	92.89
15	5	97.6346666666667	92.731
14	6	97.2775	92.3675
13	7	96.8307692307692	92.0057142857142
12	8	96.5570833333333	92.0725
11	9	96.4395454545455	91.9783333333334
10	10	96.1205	91.274
9	11	95.7388888888889	91.0890909090909
8	12	95.389375	91.1254166666667
7	13	95.1542857142857	90.885
6	14	94.9666666666667	90.6157142857143
5	15	94.556	90.248
4	16	94.38875	90.18
3	17	94.1016666666666	89.8005882352941
2	18	93.7275	89.6933333333333
1	19	92.995	89.5186842105264
0	20	0	89.11475
