num_of_TFT_with_trembling_hand	num_of_guilt_driven_amending	average_fitness_of_TFT_with_trembling_hand	average_fitness_of_guilt_driven_amending
20	0	94.1	0
19	1	94.2931578947368	95.39
18	2	94.4019444444445	95.715
17	3	94.555	95.7783333333333
16	4	94.63	95.87125
15	5	94.8163333333333	95.9700000000001
14	6	94.9621428571428	96.1666666666666
13	7	95.0534615384615	96.25
12	8	95.2241666666666	96.50375
11	9	95.3290909090909	96.6166666666666
10	10	95.5205000000001	96.707
9	11	95.6583333333333	96.9009090909091
8	12	95.910625	96.9620833333333
7	13	95.8707142857143	97.1861538461538
6	14	96.055	97.2185714285715
5	15	96.191	97.3733333333333
4	16	96.445	97.5840625
3	17	96.295	97.7085294117647
2	18	96.47	97.8672222222222
1	19	96.745	98.0084210526315
0	20	0	98.107
