num_of_tit_for_tat	num_of_shame_driven_hiding	average_fitness_of_tit_for_tat	average_fitness_of_shame_driven_hiding
20	0	100	0
19	1	99.8963157894736	101
18	2	99.7727777777778	100.905
17	3	99.6776470588236	100.84
16	4	99.5925	100.67
15	5	99.476	100.58
14	6	99.3814285714286	100.511666666667
13	7	99.3238461538461	100.374285714286
12	8	99.18	100.2525
11	9	99.0727272727273	100.208888888889
10	10	98.951	100.013
9	11	98.8944444444444	99.9854545454545
8	12	98.745	99.8583333333333
7	13	98.6414285714285	99.7646153846154
6	14	98.545	99.6592857142857
5	15	98.438	99.5566666666667
4	16	98.325	99.414375
3	17	98.2133333333333	99.3399999999999
2	18	98.095	99.2105555555556
1	19	98	99.1063157894737
0	20	0	99
