num_of_tit_for_tat	num_of_TFT_with_trembling_hand	average_fitness_of_tit_for_tat	average_fitness_of_TFT_with_trembling_hand
20	0	100	0
19	1	99.8028947368421	97.575
18	2	99.5761111111111	97.6
17	3	99.3626470588235	97.1166666666667
16	4	99.2353125	97.11625
15	5	98.9746666666667	96.92
14	6	98.8060714285714	96.8058333333334
13	7	98.6	96.6
12	8	98.4116666666667	96.22875
11	9	98.2054545454546	96.1238888888889
10	10	98.078	96.0244999999999
9	11	97.8094444444444	95.6704545454545
8	12	97.55625	95.5991666666667
7	13	97.3092857142857	95.4461538461538
6	14	97.1683333333333	95.3096428571429
5	15	97.013	95.0903333333333
4	16	96.7775	94.8634375
3	17	96.7066666666667	94.5541176470588
2	18	96.575	94.4597222222222
1	19	96.205	94.2747368421053
0	20	0	94.1525
