num_of_tit_for_tat	num_of_guilt_driven_amending	average_fitness_of_tit_for_tat	average_fitness_of_guilt_driven_amending
20	0	100	0
19	1	99.9486842105263	99.11
18	2	99.8872222222222	99.19
17	3	99.8279411764706	99.085
16	4	99.7740625	99.00125
15	5	99.7203333333334	98.937
14	6	99.6642857142857	98.9133333333333
13	7	99.5888461538461	98.8635714285714
12	8	99.5316666666667	98.814375
11	9	99.4809090909091	98.7411111111111
10	10	99.4105	98.689
9	11	99.375	98.6490909090909
8	12	99.3275	98.5787499999999
7	13	99.2728571428572	98.5376923076923
6	14	99.1875	98.4475
5	15	99.1670000000001	98.3953333333333
4	16	99.0975	98.351875
3	17	99.035	98.3055882352941
2	18	98.97	98.2375
1	19	98.89	98.1994736842105
0	20	0	98.11575
