num_of_tit_for_tat	num_of_Pavlov	average_fitness_of_tit_for_tat	average_fitness_of_Pavlov
20	0	100	0
19	1	99.7513157894737	75.685
18	2	99.4161111111111	74.7375
17	3	99.1976470588235	75.2216666666667
16	4	98.9365625	75.86125
15	5	98.6076666666667	75.452
14	6	98.3689285714286	74.38
13	7	98.138076923077	74.8121428571429
12	8	97.8604166666667	74.2875
11	9	97.5204545454546	74.6105555555555
10	10	97.361	73.606
9	11	97.1305555555555	73.2863636363636
8	12	96.779375	73.0495833333333
7	13	96.5	73.0388461538461
6	14	96.21	73.2803571428571
5	15	95.92	72.735
4	16	95.8175	72.7334375
3	17	95.5066666666667	71.6264705882353
2	18	95.35	71.9416666666667
1	19	95.235	71.3197368421053
0	20	0	71.174
