num_of_tit_for_tat	num_of_shame_driven_denying	average_fitness_of_tit_for_tat	average_fitness_of_shame_driven_denying
20	0	100	0
19	1	99.663947368421	95.815
18	2	99.2636111111112	95.455
17	3	98.8311764705882	95.0133333333334
16	4	98.4621875	94.595
15	5	98.2433333333333	94.244
14	6	97.7692857142857	94.0900000000001
13	7	97.3053846153846	93.7128571428572
12	8	97.0591666666667	93.3575
11	9	96.5436363636364	92.9272222222222
10	10	96.4945	92.785
9	11	95.8166666666666	92.57
8	12	95.63	91.9954166666667
7	13	94.8335714285715	91.6434615384616
6	14	94.8641666666667	91.335
5	15	94.358	91.028
4	16	94.4175	90.6446875
3	17	93.5283333333333	90.3179411764706
2	18	93.285	90.0291666666667
1	19	93.14	89.5068421052631
0	20	0	89.29225
