num_of_always_defect	num_of_shame_driven_denying	average_fitness_of_always_defect	average_fitness_of_shame_driven_denying
20	0	0	0
19	1	1	-14.25
18	2	1.99944444444444	-13.11625
17	3	2.99941176470588	-11.7491666666667
16	4	3.99875	-10.245625
15	5	4.99933333333333	-8.6855
14	6	5.99857142857143	-7.4375
13	7	6.99846153846154	-6.19464285714286
12	8	7.99833333333333	-4.8975
11	9	9	-3.41611111111111
10	10	9.996	-2.27325
9	11	10.9966666666667	-0.753409090909091
8	12	11.99875	0.5225
7	13	13	1.84826923076923
6	14	14	3.20625
5	15	14.994	4.69533333333333
4	16	16	6.1190625
3	17	16.9966666666667	7.10308823529412
2	18	17.995	8.70944444444444
1	19	19	10.0922368421053
0	20	0	11.34825
