num_of_always_defect	num_of_shame_driven_hiding	average_fitness_of_always_defect	average_fitness_of_shame_driven_hiding
20	0	0	0
19	1	0.999473684210526	-14.25
18	2	1.99944444444444	-12.995
17	3	2.99941176470588	-11.4825
16	4	4	-10.195
15	5	4.99933333333333	-8.83
14	6	6	-7.535
13	7	6.99769230769231	-6.11
12	8	8	-4.58875
11	9	8.99818181818182	-3.46083333333333
10	10	9.997	-2.111
9	11	10.9977777777778	-0.486590909090909
8	12	11.99875	0.783125
7	13	12.9971428571429	2.41096153846154
6	14	13.9983333333333	3.58625
5	15	14.998	4.90516666666667
4	16	15.995	6.365
3	17	17	7.74132352941176
2	18	17.995	9.09236111111111
1	19	18.99	10.4638157894737
0	20	0	11.9115
