num_of_always_trembling	num_of_guilt_driven_amending	average_fitness_of_always_trembling	average_fitness_of_guilt_driven_amending
20	0	25.071875	0
19	1	25.2346052631579	23.805
18	2	25.4591666666667	24.21625
17	3	25.2577941176471	24.5108333333333
16	4	25.24078125	25.824375
15	5	25.3746666666667	26.2745
14	6	25.6494642857143	27.4370833333333
13	7	25.5930769230769	27.63
12	8	25.7010416666667	28.5203125
11	9	26.1118181818182	29.1619444444444
10	10	26.26525	29.72375
9	11	25.6680555555556	30.4647727272727
8	12	26.233125	31.118125
7	13	26.5953571428571	31.7576923076923
6	14	26.01625	32.47125
5	15	26.3965	33.1898333333333
4	16	26.72125	33.7928125
3	17	26.6783333333333	34.5704411764706
2	18	26.98625	35.2675
1	19	26.9875	36.0067105263158
0	20	0	36.560625
