num_of_always_defect	num_of_guilt_driven_amending	average_fitness_of_always_defect	average_fitness_of_guilt_driven_amending
20	0	0	0
19	1	0.999473684210526	-14.25
18	2	2	-11.45125
17	3	2.99941176470588	-8.84333333333333
16	4	3.99875	-6.24875
15	5	5	-3.607
14	6	6	-0.855416666666666
13	7	6.99923076923077	1.84892857142857
12	8	7.99916666666667	4.495
11	9	8.99818181818182	7.20166666666667
10	10	9.998	9.7885
9	11	11	12.5286363636364
8	12	11.99875	15.1689583333333
7	13	12.9985714285714	17.9613461538462
6	14	13.9983333333333	20.5514285714286
5	15	14.998	23.1496666666667
4	16	16	25.97203125
3	17	17	28.6344117647059
2	18	18	31.3061111111111
1	19	19	33.9328947368421
0	20	0	36.544375
