num_of_always_trembling	num_of_Pavlov	average_fitness_of_always_trembling	average_fitness_of_Pavlov
20	0	24.864	0
19	1	25.1675	26.4375
18	2	25.4994444444444	25.22
17	3	26.0916176470588	25.97
16	4	26.26984375	26.66625
15	5	27.1723333333333	26.3455
14	6	26.94875	25.7975
13	7	27.3763461538462	26.8621428571429
12	8	27.6739583333333	26.5678125
11	9	28.0363636363636	27.2736111111111
10	10	28.3215	27.37275
9	11	28.7747222222222	27.9640909090909
8	12	28.6896875	27.8316666666667
7	13	28.6996428571429	28.3951923076923
6	14	29.13625	28.3953571428572
5	15	29.1925	29.1923333333333
4	16	30.258125	29.49125
3	17	30.9008333333333	29.9310294117647
2	18	29.93875	29.8833333333333
1	19	31.065	30.408947368421
0	20	0	30.8145
