num_of_always_trembling	num_of_shame_driven_hiding	average_fitness_of_always_trembling	average_fitness_of_shame_driven_hiding
20	0	24.73275	0
19	1	25.0253947368421	30.155
18	2	24.5659722222222	32.3725
17	3	24.4513235294118	31.77
16	4	24.031875	32.1725
15	5	23.9943333333333	32.812
14	6	23.79875	33.6245833333333
13	7	23.2803846153846	34.0925
12	8	22.819375	35.2740625
11	9	22.7531818181818	36.1186111111111
10	10	22.1255	37.2465
9	11	21.6655555555556	38.0825
8	12	21.264375	38.9027083333333
7	13	20.7378571428571	39.8571153846154
6	14	20.5516666666667	39.2275
5	15	20.0935	38.1206666666667
4	16	19.299375	35.8603125
3	17	18.77	32.4629411764706
2	18	17.76	27.4368055555556
1	19	17.125	20.678947368421
0	20	0	11.901
