num_of_always_cooperate	num_of_shame_driven_hiding	average_fitness_of_always_cooperate	average_fitness_of_shame_driven_hiding
20	0	50	0
19	1	49.1331578947369	144.5225
18	2	48.2222222222222	142.07875
17	3	47.2788235294117	139.5175
16	4	46.338125	137.076875
15	5	45.4213333333333	132.707
14	6	44.4342857142857	129.01125
13	7	43.4284615384615	125.3625
12	8	42.4433333333333	120.844375
11	9	41.4290909090909	116.939444444444
10	10	40.364	111.449
9	11	39.2855555555556	105.391818181818
8	12	38.22375	98.5629166666667
7	13	37.1671428571429	91.6036538461538
6	14	36.08	83.6476785714286
5	15	35.042	74.9883333333333
4	16	34.01	64.87625
3	17	33	53.9555882352942
2	18	32	41.47125
1	19	-73.78	27.4894736842105
0	20	0	11.851875
