num_of_always_defect	num_of_TFT_with_trembling_hand	average_fitness_of_always_defect	average_fitness_of_TFT_with_trembling_hand
20	0	0	0
19	1	1	-14.25
18	2	1.99944444444444	-12.02625
17	3	3	-10.0533333333333
16	4	3.99875	-7.99
15	5	4.99733333333333	-5.751
14	6	5.99857142857143	-3.68083333333333
13	7	6.99923076923077	-1.71321428571429
12	8	7.99833333333333	0.3921875
11	9	8.99909090909091	2.46694444444445
10	10	9.997	4.58625
9	11	10.9988888888889	6.73318181818182
8	12	11.99875	8.79229166666667
7	13	13	10.9515384615385
6	14	13.995	13.0951785714286
5	15	15	15.2203333333333
4	16	16	17.36828125
3	17	16.99	19.4545588235294
2	18	17.995	21.5195833333333
1	19	19	23.6123684210526
0	20	0	25.654125
