num_of_always_cooperate	num_of_Pavlov	average_fitness_of_always_cooperate	average_fitness_of_Pavlov
20	0	50	0
19	1	45.438947368421	125.4575
18	2	40.8872222222222	119.60625
17	3	36.0717647058823	114.8875
16	4	31.94375	109.275625
15	5	27.1246666666667	104.6885
14	6	22.4428571428571	99.2579166666666
13	7	18.3607692307692	94.4307142857143
12	8	13.6758333333333	89.600625
11	9	8.96818181818182	84.6388888888889
10	10	4.437	80.151
9	11	0.105555555555556	75.2554545454546
8	12	-4.37125	70.1820833333333
7	13	-8.93000000000001	64.9330769230769
6	14	-13.7816666666667	60.2082142857143
5	15	-18.12	55.1828333333333
4	16	-22.71	50.14578125
3	17	-27.53	45.5211764705882
2	18	-31.07	40.4965277777778
1	19	-35.9	35.4192105263158
0	20	0	30.638625
