num_of_always_trembling	num_of_TFT_with_trembling_hand	average_fitness_of_always_trembling	average_fitness_of_TFT_with_trembling_hand
20	0	25.384875	0
19	1	24.7717105263158	27.305
18	2	24.5559722222222	27.36875
17	3	24.7816176470588	27.6808333333333
16	4	24.2446875	27.133125
15	5	23.9801666666667	27.248
14	6	23.7460714285714	27.3854166666667
13	7	23.5653846153846	26.9039285714286
12	8	23.3675	26.7134375
11	9	23.3977272727273	26.9475
10	10	23.2365	26.67675
9	11	22.6563888888889	26.7720454545455
8	12	22.61	26.5920833333333
7	13	22.5203571428572	26.3861538461539
6	14	22.4333333333333	26.3967857142857
5	15	22.2365	26.2026666666667
4	16	21.68125	26.1384375
3	17	21.8258333333333	26.057794117647
2	18	22.39375	25.9845833333333
1	19	21.5825	25.8311842105263
0	20	0	25.672375
