num_of_guilt_driven_amending	num_of_Pavlov	average_fitness_of_guilt_driven_amending	average_fitness_of_Pavlov
20	0	36.644875	0
19	1	35.9627631578947	26.93
18	2	35.4218055555556	27.155
17	3	34.7233823529412	27.74
16	4	34.1084375	27.893125
15	5	33.4485	27.537
14	6	32.8182142857143	28.3808333333333
13	7	32.1546153846154	28.2546428571429
12	8	31.6247916666667	28.838125
11	9	30.9634090909091	28.8055555555556
10	10	30.4165	29.03625
9	11	29.4622222222222	28.9729545454545
8	12	29.03	29.74
7	13	28.6442857142857	29.8426923076923
6	14	27.7645833333333	29.4971428571428
5	15	27.102	29.7228333333333
4	16	26.7725	30.101875
3	17	25.9058333333333	29.9947058823529
2	18	25.0325	30.0238888888889
1	19	24.6025	30.4335526315789
0	20	0	30.481875
