num_of_shame_driven_hiding	num_of_Pavlov	average_fitness_of_shame_driven_hiding	average_fitness_of_Pavlov
20	0	11.635875	0
19	1	20.5126315789474	16.8375
18	2	27.405	18.4875
17	3	32.9502941176471	19.5275
16	4	37.21390625	20.534375
15	5	40.5488333333333	21.4545
14	6	42.8617857142857	21.935
13	7	44.5186538461538	22.8746428571429
12	8	45.45	23.91375
11	9	45.7270454545455	24.5538888888889
10	10	45.41825	25.011
9	11	45.7497222222222	25.8465909090909
8	12	45.2421875	26.3820833333333
7	13	44.1953571428571	27.3480769230769
6	14	44.1391666666667	27.45125
5	15	43.6565	28.2278333333333
4	16	42.1475	28.81203125
3	17	42.0616666666667	29.3161764705882
2	18	41.94375	29.695
1	19	42.56	30.0636842105263
0	20	0	30.649125
