num_of_shame_driven_denying	num_of_guilt_driven_amending	average_fitness_of_shame_driven_denying	average_fitness_of_guilt_driven_amending
20	0	11.53375	0
19	1	12.5140789473684	7.0425
18	2	13.3583333333333	8.7225
17	3	14.7577941176471	10.8916666666667
16	4	15.64171875	12.33125
15	5	16.8805	13.571
14	6	17.7783928571429	15.14
13	7	19.0528846153846	16.6389285714286
12	8	20.0533333333333	18.225625
11	9	21.2254545454545	19.8030555555556
10	10	22.33775	21.159
9	11	23.2302777777778	22.6547727272727
8	12	24.4171875	24.3464583333333
7	13	25.6125	26.0044230769231
6	14	26.6883333333333	27.48875
5	15	27.825	28.9725
4	16	28.885625	30.5525
3	17	29.8633333333333	31.9872058823529
2	18	31.1825	33.4597222222222
1	19	31.9925	35.0439473684211
0	20	0	36.638875
