num_of_shame_driven_denying	num_of_Pavlov	average_fitness_of_shame_driven_denying	average_fitness_of_Pavlov
20	0	11.391375	0
19	1	14.0880263157895	-5.71
18	2	16.7851388888889	-4.8575
17	3	19.7313235294118	-2.78333333333333
16	4	22.07125	-0.12375
15	5	24.7696666666667	1.414
14	6	27.5182142857143	3.43583333333333
13	7	30.3028846153846	4.8425
12	8	32.816875	7.23875
11	9	35.8463636363636	9.05777777777778
10	10	38.53325	11.49375
9	11	41.4283333333333	13.2854545454545
8	12	43.844375	15.194375
7	13	46.4839285714286	16.6898076923077
6	14	49.6791666666667	18.9732142857143
5	15	51.9575	20.9203333333333
4	16	54.519375	22.92234375
3	17	57.2225	25.6808823529412
2	18	59.265	26.9358333333333
1	19	61.4875	28.9234210526316
0	20	0	30.556375
