num_of_shame_driven_hiding	num_of_shame_driven_denying	average_fitness_of_shame_driven_hiding	average_fitness_of_shame_driven_denying
20	0	11.853	0
19	1	11.8147368421053	11.925
18	2	11.6968055555555	11.92125
17	3	11.8905882352941	11.4408333333333
16	4	11.780625	11.83875
15	5	11.9503333333333	11.653
14	6	11.5921428571429	11.7166666666667
13	7	11.7936538461538	11.8125
12	8	11.808125	11.8625
11	9	11.5379545454545	11.6766666666667
10	10	11.81325	11.63125
9	11	11.7636111111111	11.6002272727273
8	12	11.90875	11.5770833333333
7	13	11.8442857142857	11.6273076923077
6	14	11.8270833333333	11.5351785714286
5	15	11.8775	11.511
4	16	11.73375	11.55453125
3	17	12.3441666666667	11.3755882352941
2	18	12.04375	11.50375
1	19	11.5925	11.413947368421
0	20	0	11.4735
