num_of_TFT_with_trembling_hand	num_of_shame_driven_denying	average_fitness_of_TFT_with_trembling_hand	average_fitness_of_shame_driven_denying
20	0	25.8355	0
19	1	25.2252631578948	22.74
18	2	24.6493055555555	21.96375
17	3	24.0311764705882	21.355
16	4	23.33421875	20.675625
15	5	22.8398333333333	20.3005
14	6	22.08	19.6779166666667
13	7	21.6088461538461	19.1478571428571
12	8	21.2045833333333	18.6671875
11	9	20.4993181818182	17.9105555555556
10	10	19.916	17.209
9	11	19.3575	16.8590909090909
8	12	18.823125	16.0695833333333
7	13	17.8207142857143	15.5438461538461
6	14	17.3308333333333	15.1251785714286
5	15	16.832	14.3656666666667
4	16	16.265625	13.8428125
3	17	15.655	13.0882352941176
2	18	15.205	12.5383333333333
1	19	14.1925	12.0436842105263
0	20	0	11.3785
