num_of_TFT_with_trembling_hand	num_of_Pavlov	average_fitness_of_TFT_with_trembling_hand	average_fitness_of_Pavlov
20	0	25.76075	0
19	1	26.0380263157895	21.3975
18	2	26.4615277777778	21.5575
17	3	26.9369117647059	22.5833333333333
16	4	27.3509375	22.990625
15	5	27.585	23.498
14	6	27.9764285714286	23.83625
13	7	28.5109615384615	24.6325
12	8	28.8895833333333	25.184375
11	9	29.1925	25.5436111111111
10	10	29.645	25.8565
9	11	30.1466666666667	26.0095454545455
8	12	30.2875	27.1458333333333
7	13	30.5825	27.2517307692308
6	14	31.1904166666667	27.9867857142857
5	15	31.572	28.4323333333333
4	16	31.951875	28.8159375
3	17	32.23	28.8469117647059
2	18	32.87125	29.8101388888889
1	19	33.1575	30.1796052631579
0	20	0	30.521625
