num_of_tit_for_tat	num_of_Pavlov	average_fitness_of_tit_for_tat	average_fitness_of_Pavlov
20	0	50	0
19	1	48.5744736842105	34.755
18	2	47.1073611111111	34.58875
17	3	45.6935294117647	34.205
16	4	44.276875	34.123125
15	5	42.8621666666667	33.9345
14	6	41.3480357142857	33.7229166666667
13	7	40.0082692307692	33.6228571428571
12	8	38.5745833333333	33.6503125
11	9	37.0786363636364	33.3230555555556
10	10	35.6075	32.867
9	11	34.0997222222222	32.8725
8	12	32.58	32.5689583333333
7	13	31.3910714285714	32.46
6	14	29.8754166666667	32.3335714285714
5	15	28.499	32.0338333333333
4	16	27.070625	31.94109375
3	17	25.6966666666667	31.4969117647059
2	18	24.0325	31.0923611111111
1	19	22.2825	30.9390789473684
0	20	0	30.75575
