num_of_tit_for_tat	num_of_shame_driven_hiding	average_fitness_of_tit_for_tat	average_fitness_of_shame_driven_hiding
20	0	50	0
19	1	49.1152631578948	37.3875
18	2	48.2205555555556	36.2925
17	3	47.325294117647	35.0366666666667
16	4	46.34	33.42125
15	5	45.4086666666667	32.124
14	6	44.4271428571429	30.4870833333333
13	7	43.4638461538462	29.065
12	8	42.4491666666666	28.0253125
11	9	41.4363636363636	26.6725
10	10	40.322	25.3645
9	11	39.3111111111111	24.0288636363636
8	12	38.24875	22.5460416666667
7	13	37.1657142857143	21.0965384615385
6	14	36.0933333333333	19.7696428571429
5	15	35.038	18.504
4	16	34.0125	17.17953125
3	17	33	15.9539705882353
2	18	32	14.4122222222222
1	19	4.45	13.1125
0	20	0	11.8445
