num_of_tit_for_tat	num_of_guilt_driven_amending	average_fitness_of_tit_for_tat	average_fitness_of_guilt_driven_amending
20	0	50	0
19	1	49.4252631578947	44.755
18	2	48.8384722222222	44.13875
17	3	48.2911764705883	43.9508333333333
16	4	47.68765625	43.435
15	5	47.1146666666666	43.054
14	6	46.5683928571429	42.51375
13	7	45.9826923076923	42.0275
12	8	45.353125	41.7040625
11	9	44.8381818181818	41.2313888888889
10	10	44.311	40.8245
9	11	43.6819444444444	40.5075
8	12	43.164375	40.0633333333333
7	13	42.5314285714286	39.6096153846154
6	14	42.0816666666667	39.1507142857143
5	15	41.477	38.6763333333333
4	16	40.70375	38.35640625
3	17	40.3258333333333	37.8804411764706
2	18	39.73875	37.4375
1	19	38.9975	37.0757894736842
0	20	0	36.603875
