num_of_tit_for_tat	num_of_shame_driven_denying	average_fitness_of_tit_for_tat	average_fitness_of_shame_driven_denying
20	0	50	0
19	1	47.5677631578947	33.17
18	2	45.1701388888889	32.405
17	3	42.7902941176471	30.9583333333333
16	4	40.27875	29.8225
15	5	37.7745	28.826
14	6	35.3217857142857	27.5845833333333
13	7	32.9853846153846	26.5960714285714
12	8	30.64875	25.1084375
11	9	28.3393181818182	23.9705555555556
10	10	25.59725	22.728
9	11	23.3502777777778	21.7736363636364
8	12	20.72	20.6722916666667
7	13	18.2567857142857	19.5430769230769
6	14	16.1441666666667	18.4267857142857
5	15	13.549	17.0915
4	16	10.746875	16.1234375
3	17	8.79583333333333	14.9114705882353
2	18	5.98625	13.5845833333333
1	19	3.485	12.7205263157895
0	20	0	11.396
