num_of_tit_for_tat	num_of_TFT_with_trembling_hand	average_fitness_of_tit_for_tat	average_fitness_of_TFT_with_trembling_hand
20	0	50	0
19	1	48.5914473684211	40.1675
18	2	47.1825	39.04125
17	3	45.7870588235294	38.1241666666667
16	4	44.40921875	37.654375
15	5	42.9713333333333	36.683
14	6	41.6705357142857	36.35125
13	7	40.1509615384615	35.4489285714286
12	8	38.706875	34.701875
11	9	37.3736363636364	33.9769444444445
10	10	35.8935	33.18375
9	11	34.5258333333333	32.3670454545455
8	12	33.213125	31.82625
7	13	31.6807142857143	30.9636538461539
6	14	30.4683333333333	30.1057142857143
5	15	29.06	29.3841666666667
4	16	27.41375	28.47828125
3	17	25.8816666666667	27.8960294117647
2	18	24.87875	27.1758333333333
1	19	23.4375	26.5498684210526
0	20	0	25.713
