num_of_generous_TFT	num_of_TFT_with_trembling_hand	average_fitness_of_generous_TFT	average_fitness_of_TFT_with_trembling_hand
100	0	150	0
99	1	149.795303030303	152.38
98	2	149.589897959184	152.08375
97	3	149.381726804124	151.811666666667
96	4	149.1940625	151.405625
95	5	148.964921052632	151.1895
94	6	148.773882978723	150.977083333333
93	7	148.563413978495	150.625714285714
92	8	148.333967391304	150.4221875
91	9	148.125576923077	150.059166666667
90	10	147.909666666667	149.83975
89	11	147.72143258427	149.538181818182
88	12	147.516392045455	149.167916666667
87	13	147.306896551724	149.041923076923
86	14	147.126540697674	148.604464285714
85	15	146.904029411765	148.302
84	16	146.711547619048	148.12234375
83	17	146.48906626506	147.821617647059
82	18	146.259969512195	147.523472222222
81	19	146.092808641975	147.256315789474
80	20	145.8896875	146.962125
79	21	145.618449367089	146.603571428571
78	22	145.473557692308	146.4125
77	23	145.250194805195	146.089239130435
76	24	145.061381578947	145.8640625
75	25	144.867533333333	145.4642
74	26	144.636047297297	145.207692307692
73	27	144.436095890411	144.965277777778
72	28	144.264618055556	144.745714285714
71	29	143.973415492958	144.483017241379
70	30	143.809714285714	144.132833333333
69	31	143.608260869565	143.761693548387
68	32	143.406397058824	143.578359375
67	33	143.182537313433	143.251666666667
66	34	143.021212121212	142.955955882353
65	35	142.760846153846	142.606214285714
64	36	142.5979296875	142.372708333333
63	37	142.360079365079	142.148986486487
62	38	142.160685483871	141.824078947368
61	39	142.002213114754	141.50858974359
60	40	141.735791666667	141.277375
59	41	141.516355932203	140.903658536585
58	42	141.331206896552	140.674880952381
57	43	141.141315789474	140.383953488372
56	44	140.950669642857	139.968409090909
55	45	140.681636363636	139.783555555556
54	46	140.530046296296	139.565434782609
53	47	140.270754716981	139.295585106383
52	48	140.141682692308	138.98546875
51	49	139.933921568627	138.694846938775
50	50	139.64535	138.4024
49	51	139.506275510204	138.186715686275
48	52	139.234114583333	137.815673076923
47	53	139.020531914894	137.549198113208
46	54	138.896739130435	137.22337962963
45	55	138.616444444444	136.935227272727
44	56	138.446420454545	136.643169642857
43	57	138.238720930233	136.378728070175
42	58	138.120952380952	136.100431034483
41	59	137.819878048781	135.808855932203
40	60	137.661	135.467791666667
39	61	137.374487179487	135.226680327869
38	62	137.230197368421	135.003064516129
37	63	137.052905405405	134.69003968254
36	64	136.795138888889	134.3983984375
35	65	136.649928571429	134.141307692308
34	66	136.357647058824	133.78303030303
33	67	136.210606060606	133.49776119403
32	68	135.956953125	133.198051470588
31	69	135.824112903226	132.918007246377
30	70	135.645	132.636714285714
29	71	135.371465517241	132.329190140845
28	72	135.110446428571	132.012152777778
27	73	134.823981481481	131.759246575342
26	74	134.769615384615	131.531148648649
25	75	134.5333	131.2322
24	76	134.320833333333	130.991578947368
23	77	134.112608695652	130.703116883117
22	78	133.918863636364	130.380673076923
21	79	133.670119047619	130.102879746835
20	80	133.5685	129.81934375
19	81	133.370263157895	129.543580246914
18	82	133.002638888889	129.256036585366
17	83	132.906323529412	128.937951807229
16	84	132.67640625	128.637976190476
15	85	132.372833333333	128.412558823529
14	86	132.181964285714	128.120436046512
13	87	132.105192307692	127.791436781609
12	88	131.824791666667	127.484119318182
11	89	131.627727272727	127.246011235955
10	90	131.40975	127.019944444444
9	91	131.250833333333	126.676043956044
8	92	131.001875	126.402961956522
7	93	130.811428571429	126.136962365591
6	94	130.565416666667	125.806914893617
5	95	130.346	125.538736842105
4	96	130.145	125.240703125
3	97	129.9475	125.006675257732
2	98	129.75	124.682244897959
1	99	129.5975	124.387070707071
0	100	0	124.13115
