num_of_generous_TFT	num_of_guilt_driven_amending	average_fitness_of_generous_TFT	average_fitness_of_guilt_driven_amending
100	0	150	0
99	1	149.814621212121	152.15
98	2	149.636096938775	151.88
97	3	149.446262886598	151.518333333333
96	4	149.259713541667	151.329375
95	5	149.077184210526	151.035
94	6	148.896223404255	150.832083333333
93	7	148.706612903226	150.719642857143
92	8	148.505054347826	150.49625
91	9	148.338626373626	150.2875
90	10	148.156722222222	150.025
89	11	147.965617977528	149.721363636364
88	12	147.764090909091	149.523541666667
87	13	147.628333333333	149.411153846154
86	14	147.414331395349	149.199107142857
85	15	147.240705882353	148.847666666667
84	16	147.057738095238	148.5675
83	17	146.858614457831	148.313088235294
82	18	146.684146341463	148.213472222222
81	19	146.508580246914	147.947631578947
80	20	146.31575	147.71925
79	21	146.125537974683	147.478214285714
78	22	145.899230769231	147.306363636364
77	23	145.699512987013	147.008369565217
76	24	145.573684210526	146.794479166667
75	25	145.392933333333	146.6424
74	26	145.181790540541	146.310576923077
73	27	145.000034246575	146.045740740741
72	28	144.8384375	145.831160714286
71	29	144.60264084507	145.530862068966
70	30	144.458607142857	145.387416666667
69	31	144.297536231884	145.042258064516
68	32	144.124154411765	144.958515625
67	33	143.899029850746	144.761363636364
66	34	143.731704545454	144.569338235294
65	35	143.538884615385	144.222357142857
64	36	143.3605859375	144.107777777778
63	37	143.177658730159	143.79527027027
62	38	142.959758064516	143.549736842105
61	39	142.825532786885	143.310192307692
60	40	142.607916666667	143.052125
59	41	142.386610169491	142.876524390244
58	42	142.236939655172	142.645654761905
57	43	142.034912280702	142.370581395349
56	44	141.882232142857	142.196647727273
55	45	141.683045454545	141.862388888889
54	46	141.518796296296	141.70597826087
53	47	141.306226415094	141.52914893617
52	48	141.123798076923	141.226979166667
51	49	140.896764705882	140.972244897959
50	50	140.76755	140.7949
49	51	140.537704081633	140.625196078431
48	52	140.406302083333	140.424471153846
47	53	140.20164893617	140.12358490566
46	54	140.055217391304	139.898472222222
45	55	139.873111111111	139.646045454545
44	56	139.688636363636	139.388392857143
43	57	139.413779069767	139.144692982456
42	58	139.250892857143	138.893793103448
41	59	139.075853658537	138.741779661017
40	60	138.92375	138.492333333333
39	61	138.749102564103	138.282663934426
38	62	138.516513157895	138.059637096774
37	63	138.313108108108	137.761111111111
36	64	138.118194444444	137.6042578125
35	65	137.981214285714	137.3345
34	66	137.844705882353	137.130946969697
33	67	137.599621212121	136.878134328358
32	68	137.414140625	136.591102941177
31	69	137.265887096774	136.42
30	70	137.035666666667	136.208714285714
29	71	136.806896551724	135.935669014084
28	72	136.71875	135.723854166667
27	73	136.428148148148	135.475616438356
26	74	136.334134615385	135.270371621622
25	75	136.085	135.066066666667
24	76	135.943020833333	134.810559210526
23	77	135.745434782609	134.557467532467
22	78	135.619659090909	134.386666666667
21	79	135.460833333333	134.163702531646
20	80	135.243875	133.8928125
19	81	134.944736842105	133.645401234568
18	82	134.881388888889	133.439359756098
17	83	134.7375	133.216746987952
16	84	134.51953125	132.984970238095
15	85	134.277	132.717794117647
14	86	134.065357142857	132.521860465116
13	87	133.994615384615	132.267327586207
12	88	133.829583333333	132.090823863636
11	89	133.542272727273	131.861235955056
10	90	133.34125	131.635361111111
9	91	133.175277777778	131.396263736264
8	92	133.0434375	131.143097826087
7	93	132.930714285714	130.909247311828
6	94	132.670416666667	130.66829787234
5	95	132.4355	130.451736842105
4	96	132.24375	130.229479166667
3	97	132.1775	129.994097938144
2	98	131.80875	129.738852040816
1	99	131.785	129.539974747475
0	100	0	129.300675
