num_of_generous_TFT	num_of_Pavlov	average_fitness_of_generous_TFT	average_fitness_of_Pavlov
100	0	150	0
99	1	149.685378787879	161.0775
98	2	149.340994897959	160.46
97	3	149.045283505155	160.595
96	4	148.727369791667	159.736875
95	5	148.424131578947	159.2325
94	6	148.084574468085	158.41125
93	7	147.723225806452	158.269642857143
92	8	147.448070652174	157.4909375
91	9	147.125934065934	157.001944444444
90	10	146.784222222222	156.512
89	11	146.479943820225	156.031818181818
88	12	146.179630681818	155.742083333333
87	13	145.749281609195	155.259230769231
86	14	145.505261627907	154.778928571429
85	15	145.186029411765	153.9375
84	16	144.829970238095	153.56609375
83	17	144.529186746988	152.813088235294
82	18	144.24137195122	152.515138888889
81	19	143.916296296296	152.121842105263
80	20	143.5290625	151.591625
79	21	143.254651898734	151.06869047619
78	22	142.999134615385	150.410454545455
77	23	142.58961038961	150.021847826087
76	24	142.367171052632	149.489583333333
75	25	141.953466666667	148.9972
74	26	141.606047297297	148.365961538462
73	27	141.309246575342	147.842222222222
72	28	141.049965277778	147.200714285714
71	29	140.705950704225	147.097931034483
70	30	140.405464285714	146.424166666667
69	31	140.106557971015	145.929838709677
68	32	139.723125	145.185234375
67	33	139.491156716418	144.878106060606
66	34	139.055227272727	144.283970588235
65	35	138.781	143.746142857143
64	36	138.520390625	143.299444444444
63	37	138.147738095238	142.694256756757
62	38	137.784032258065	142.327697368421
61	39	137.449672131148	141.656602564103
60	40	137.12625	141.3460625
59	41	136.84593220339	140.790243902439
58	42	136.505646551724	140.339047619048
57	43	136.136315789474	139.825465116279
56	44	135.894866071429	139.066534090909
55	45	135.516318181818	138.791555555556
54	46	135.257361111111	138.128641304348
53	47	134.953396226415	137.695265957447
52	48	134.676586538462	137.138645833333
51	49	134.301764705882	136.563010204082
50	50	133.9408	136.16405
49	51	133.705459183673	135.640049019608
48	52	133.310052083333	135.126442307692
47	53	133.073829787234	134.571698113208
46	54	132.626304347826	134.063888888889
45	55	132.273388888889	133.356318181818
44	56	132.116818181818	133.020089285714
43	57	131.576162790698	132.629429824561
42	58	131.329345238095	131.960344827586
41	59	131.124756097561	131.506737288136
40	60	130.9193125	130.896375
39	61	130.349807692308	130.496393442623
38	62	130.217434210526	129.850080645161
37	63	129.77722972973	129.309523809524
36	64	129.362777777778	128.8028515625
35	65	129.227214285714	128.346230769231
34	66	128.929926470588	127.762083333333
33	67	128.351742424243	127.266380597015
32	68	128.15609375	126.889595588235
31	69	127.821612903226	126.228079710145
30	70	127.45575	125.774642857143
29	71	127.229137931034	125.244683098592
28	72	126.838392857143	124.628506944444
27	73	126.614444444444	124.30845890411
26	74	126.256153846154	123.625337837838
25	75	125.8274	123.107233333333
24	76	125.504166666667	122.665460526316
23	77	125.402391304348	122.137954545455
22	78	125.037954545455	121.627692307692
21	79	124.522023809524	121.060126582278
20	80	124.3235	120.48953125
19	81	123.933947368421	120.052592592593
18	82	123.629027777778	119.616432926829
17	83	123.386029411765	119.040722891566
16	84	122.95	118.506755952381
15	85	122.763166666667	118.025470588235
14	86	122.184821428571	117.438343023256
13	87	122.263653846154	116.885028735632
12	88	121.639583333333	116.416619318182
11	89	121.394772727273	115.893202247191
10	90	120.98875	115.366805555556
9	91	120.461111111111	114.893186813187
8	92	120.468125	114.345054347826
7	93	120.142857142857	113.752607526882
6	94	119.717916666667	113.304734042553
5	95	119.868	112.933
4	96	119.54	112.263645833333
3	97	118.6825	111.794329896907
2	98	118.77875	111.309362244898
1	99	119.095	110.728409090909
0	100	0	110.280325
