num_of_generous_TFT	num_of_shame_driven_denying	average_fitness_of_generous_TFT	average_fitness_of_shame_driven_denying
100	0	150	0
99	1	149.634873737374	154.48
98	2	149.285637755102	153.8425
97	3	148.926237113402	153.779166666667
96	4	148.529453125	153.134375
95	5	148.196105263158	152.7665
94	6	147.827207446809	152.416666666667
93	7	147.437741935484	152.064285714286
92	8	147.095842391304	151.6040625
91	9	146.729917582418	151.225555555556
90	10	146.389861111111	150.71875
89	11	146.026994382022	150.345681818182
88	12	145.576306818182	149.979375
87	13	145.315172413793	149.469230769231
86	14	144.94898255814	149.004821428571
85	15	144.534	148.621833333333
84	16	144.229702380952	148.3525
83	17	143.838885542169	147.996470588235
82	18	143.469237804878	147.327777777778
81	19	143.101419753086	147.121973684211
80	20	142.779125	146.691
79	21	142.450411392405	146.0525
78	22	141.955705128205	145.767727272727
77	23	141.655779220779	145.355326086957
76	24	141.307269736842	144.881666666667
75	25	140.931233333333	144.5332
74	26	140.642027027027	144.011442307692
73	27	140.288732876712	143.649814814815
72	28	139.841527777778	143.344553571429
71	29	139.473204225352	142.731551724138
70	30	139.200071428571	142.319666666667
69	31	138.778297101449	142.1025
68	32	138.377867647059	141.60984375
67	33	137.981604477612	141.257424242424
66	34	137.631287878788	140.585147058824
65	35	137.237230769231	140.367142857143
64	36	136.9006640625	139.872291666667
63	37	136.687023809524	139.402837837838
62	38	136.148669354839	138.983157894737
61	39	135.802295081967	138.704551282051
60	40	135.484583333333	138.187
59	41	135.152923728814	137.911524390244
58	42	134.688103448276	137.397321428571
57	43	134.386228070175	137.026162790698
56	44	134.079419642857	136.581363636364
55	45	133.718590909091	136.089555555556
54	46	133.252638888889	135.680923913043
53	47	132.980849056604	135.421329787234
52	48	132.580096153846	134.902083333333
51	49	132.160147058824	134.603112244898
50	50	131.8747	134.02335
49	51	131.494132653061	133.595245098039
48	52	131.181822916667	133.249615384615
47	53	130.712180851064	132.903443396226
46	54	130.401032608696	132.441898148148
45	55	130.165666666667	131.841954545455
44	56	129.827670454545	131.478035714286
43	57	129.263197674419	131.065614035088
42	58	128.911369047619	130.587844827586
41	59	128.614451219512	130.305169491525
40	60	128.362875	129.825125
39	61	127.938397435897	129.559098360656
38	62	127.664407894737	128.937943548387
37	63	127.136689189189	128.609365079365
36	64	126.758888888889	128.206875
35	65	126.363285714286	127.833115384615
34	66	125.983602941176	127.28196969697
33	67	125.824242424242	126.871679104478
32	68	125.166015625	126.670110294118
31	69	124.9525	126.145652173913
30	70	124.694	125.701892857143
29	71	124.287068965517	125.247429577465
28	72	124.097946428571	124.871979166667
27	73	123.649074074074	124.370890410959
26	74	123.149038461538	123.99902027027
25	75	122.8015	123.5807
24	76	122.45625	123.197335526316
23	77	121.955434782609	122.677337662338
22	78	121.734545454545	122.368814102564
21	79	121.369642857143	122.029208860759
20	80	121.10375	121.54571875
19	81	120.733552631579	121.157067901235
18	82	120.233194444444	120.828262195122
17	83	119.766764705882	120.217831325301
16	84	119.6984375	119.91318452381
15	85	119.270833333333	119.246852941176
14	86	118.799642857143	118.9975
13	87	118.575	118.644051724138
12	88	117.95875	118.1721875
11	89	117.806818181818	117.765842696629
10	90	117.13225	117.358861111111
9	91	116.925277777778	116.878131868132
8	92	116.674375	116.504891304348
7	93	116.406428571428	116.03685483871
6	94	115.691666666667	115.720372340426
5	95	115.387	115.289657894737
4	96	115.310625	114.814583333333
3	97	115.134166666667	114.388840206186
2	98	114.54875	114.051836734694
1	99	115.05	113.521767676768
0	100	0	113.145875
