num_of_always_defect	num_of_Pavlov	average_fitness_of_always_defect	average_fitness_of_Pavlov
50	0	0	0
49	1	2.24795918367347	-49.915
48	2	4.42520833333333	-47.77
47	3	6.70553191489362	-45.4
46	4	8.92652173913044	-42.91375
45	5	11.1728888888889	-40.74
44	6	13.3990909090909	-38.4583333333333
43	7	15.5720930232558	-36.0964285714286
42	8	17.8430952380952	-33.73375
41	9	20.0268292682927	-31.275
40	10	22.20525	-29.2595
39	11	24.4458974358974	-26.6622727272727
38	12	26.78	-24.1533333333333
37	13	28.9248648648649	-21.9661538461539
36	14	31.1180555555556	-19.7964285714286
35	15	33.4274285714286	-17.3263333333333
34	16	35.565	-14.940625
33	17	37.9851515151515	-12.7841176470588
32	18	40.13875	-10.2888888888889
31	19	42.3690322580645	-8.1121052631579
30	20	44.6326666666667	-5.56125
29	21	46.7620689655172	-3.43619047619048
28	22	49.0992857142857	-0.8775
27	23	51.1259259259259	1.3704347826087
26	24	53.3534615384615	3.77020833333333
25	25	55.6376	6.0944
24	26	57.9070833333333	8.44076923076923
23	27	60.1691304347826	10.8185185185185
22	28	62.2731818181818	12.84875
21	29	64.4738095238095	15.3534482758621
20	30	66.8815	17.7306666666667
19	31	69.0821052631579	20.0829032258065
18	32	71.4583333333333	22.32703125
17	33	73.4917647058824	24.7860606060606
16	34	75.660625	26.995
15	35	78.0286666666667	29.6942857142857
14	36	80.1342857142857	31.8125
13	37	82.4061538461539	34.1541891891892
12	38	84.7341666666667	36.6473684210527
11	39	86.8309090909091	38.7414102564102
10	40	88.977	41.087625
9	41	91.1688888888888	43.4709756097561
8	42	93.77	45.7771428571429
7	43	95.8314285714286	47.9974418604651
6	44	98.1466666666667	50.6121590909091
5	45	100.026	52.8255555555556
4	46	102.4275	55.1444565217392
3	47	104.68	57.3803191489362
2	48	107.44	59.7958333333333
1	49	108.61	62.2720408163265
0	50	0	64.6207
