num_of_always_cooperate	num_of_Pavlov	average_fitness_of_always_cooperate	average_fitness_of_Pavlov
50	0	100	0
49	1	98.4865306122449	150.545
48	2	97.0779166666667	147.6475
47	3	95.5570212765957	145.953333333333
46	4	94.2104347826087	144.2
45	5	92.7617777777778	142.634
44	6	91.2143181818182	141.198333333333
43	7	89.9602325581395	139.18
42	8	88.4316666666666	137.59625
41	9	87.0856097560976	135.588888888889
40	10	85.487	134.1665
39	11	84.1789743589744	132.558181818182
38	12	82.6565789473684	130.4625
37	13	81.1686486486487	128.795
36	14	79.9422222222223	126.887142857143
35	15	78.3065714285714	125.434333333333
34	16	76.7711764705882	123.629375
33	17	75.2272727272727	121.782352941176
32	18	73.83375	119.911666666667
31	19	72.5429032258064	118.56
30	20	70.9193333333333	116.722
29	21	69.9013793103449	114.812380952381
28	22	67.9914285714286	113.240454545455
27	23	66.8240740740741	111.460217391304
26	24	65.5738461538461	109.798125
25	25	63.9032	107.9436
24	26	62.5741666666667	106.354038461538
23	27	60.9352173913043	104.490925925926
22	28	59.8681818181818	102.795
21	29	58.2928571428571	100.886551724138
20	30	56.5315	99.2346666666666
19	31	55.3563157894737	97.5104838709677
18	32	53.6822222222222	95.8140625
17	33	52.3317647058824	93.9786363636364
16	34	50.86875	92.3158823529412
15	35	49.3346666666666	90.644
14	36	48.0878571428572	89.0048611111111
13	37	46.3807692307692	87.1539189189189
12	38	45.1975	85.3834210526316
11	39	43.4827272727273	83.6460256410256
10	40	41.929	81.962
9	41	40.5366666666667	80.1048780487805
8	42	39.01	78.3342857142857
7	43	37.4485714285714	76.6312790697674
6	44	36.0733333333334	75.0928409090909
5	45	35.128	73.2727777777778
4	46	32.57	71.7004347826087
3	47	31.9466666666667	69.8215957446808
2	48	30.775	68.0538541666667
1	49	28.75	66.2815306122449
0	50	0	64.3488
