num_of_always_cooperate	num_of_TFT_with_trembling_hand	average_fitness_of_always_cooperate	average_fitness_of_TFT_with_trembling_hand
50	0	100	0
49	1	99.1873469387756	120
48	2	98.38125	118.765
47	3	97.5482978723404	117.641666666667
46	4	96.7354347826087	116.495
45	5	95.8522222222222	115.251
44	6	95.1045454545454	114.2375
43	7	94.2893023255814	112.778571428571
42	8	93.4764285714286	111.765
41	9	92.6673170731708	110.539444444444
40	10	91.881	109.5065
39	11	91.101282051282	108.083181818182
38	12	90.2168421052632	107.149166666667
37	13	89.3602702702703	105.845769230769
36	14	88.5316666666667	104.624285714286
35	15	87.7277142857142	103.547666666667
34	16	86.9570588235294	102.546875
33	17	86.0472727272727	101.090294117647
32	18	85.3865625	99.9558333333333
31	19	84.5558064516129	98.7736842105263
30	20	83.6323333333333	97.726
29	21	82.7672413793104	96.6509523809524
28	22	82.0764285714286	95.2911363636364
27	23	81.2903703703704	94.1071739130435
26	24	80.4146153846154	93.085
25	25	79.6052	91.728
24	26	78.8179166666667	90.6373076923077
23	27	78.0521739130435	89.4588888888889
22	28	77.204090909091	88.1492857142857
21	29	76.3080952380953	86.9824137931034
20	30	75.5465	85.7555
19	31	74.6184210526316	84.7198387096774
18	32	73.8483333333333	83.59578125
17	33	73.1294117647059	82.3304545454545
16	34	72.26375	81.0707352941177
15	35	71.402	79.9145714285714
14	36	70.5357142857143	78.6469444444445
13	37	69.8361538461539	77.5705405405405
12	38	68.9233333333334	76.4402631578947
11	39	68.2245454545455	75.3303846153847
10	40	67.324	74.114125
9	41	66.6011111111111	73.1521951219513
8	42	65.71625	71.7133333333333
7	43	64.9471428571429	70.556511627907
6	44	64.2	69.4777272727273
5	45	63.202	68.1811111111111
4	46	62.4375	66.9933695652174
3	47	61.7533333333334	65.935744680851
2	48	60.87	64.6890625
1	49	60	63.5275510204082
0	50	0	62.2758
