num_of_always_trembling	num_of_TFT_with_trembling_hand	average_fitness_of_always_trembling	average_fitness_of_TFT_with_trembling_hand
50	0	49.7462	0
49	1	50.2315306122449	45.665
48	2	50.2922916666667	46.45
47	3	50.591914893617	46.5316666666667
46	4	50.4414130434782	46.5075
45	5	51.0364444444444	47.699
44	6	51.0477272727273	47.6441666666667
43	7	51.2597674418605	48.0085714285714
42	8	51.2488095238095	48.0225
41	9	51.6313414634146	48.4811111111111
40	10	51.480125	49.118
39	11	51.7988461538461	49.6068181818182
38	12	51.7192105263158	49.7658333333333
37	13	52.075	50.0323076923077
36	14	52.2266666666667	50.2367857142857
35	15	52.377	50.8446666666667
34	16	52.3027941176471	51.005
33	17	52.6080303030303	51.4070588235294
32	18	52.79421875	51.6994444444445
31	19	53.2048387096775	52.1286842105263
30	20	53.0506666666667	52.322
29	21	53.4003448275862	52.7078571428571
28	22	53.5080357142857	53.1734090909091
27	23	53.8131481481482	53.5308695652174
26	24	53.8434615384615	53.5633333333333
25	25	53.8744	54.1436
24	26	54.1002083333333	54.3365384615384
23	27	54.3395652173913	54.6342592592593
22	28	54.4138636363637	54.9592857142857
21	29	54.6242857142857	55.3241379310345
20	30	54.921	55.5233333333333
19	31	54.8713157894737	56.1874193548387
18	32	54.93	56.32890625
17	33	54.9679411764706	56.7251515151515
16	34	55.2903125	57.0945588235294
15	35	55.6186666666667	57.4308571428571
14	36	55.7525	57.8673611111111
13	37	55.8507692307692	58.0301351351351
12	38	55.9733333333334	58.4044736842106
11	39	56.2109090909091	58.6098717948718
10	40	56.136	59.1455
9	41	56.4405555555556	59.3784146341463
8	42	56.72625	59.6215476190476
7	43	57.0807142857143	60.0904651162791
6	44	56.9558333333333	60.2497727272727
5	45	57.202	60.7026666666666
4	46	57.25	60.9903260869565
3	47	57.3833333333333	61.3820212765957
2	48	57.325	61.648125
1	49	58.12	61.9685714285714
0	50	0	62.3394
