num_of_always_defect	num_of_TFT_with_trembling_hand	average_fitness_of_always_defect	average_fitness_of_TFT_with_trembling_hand
50	0	0	0
49	1	0.962857142857143	-23.555
48	2	1.93020833333333	-21.9225
47	3	2.88744680851063	-20.1016666666667
46	4	3.84717391304348	-18.235
45	5	4.80711111111111	-16.636
44	6	5.77795454545454	-14.8316666666667
43	7	6.74093023255814	-13.0128571428571
42	8	7.69547619047618	-11.248125
41	9	8.66463414634146	-9.54111111111111
40	10	9.635	-7.77
39	11	10.5923076923077	-6.02409090909091
38	12	11.5536842105263	-4.36041666666666
37	13	12.5186486486487	-2.43346153846154
36	14	13.4727777777778	-0.826428571428572
35	15	14.464	0.871
34	16	15.4235294117647	2.7634375
33	17	16.3969696969697	4.47323529411765
32	18	17.3321875	6.16916666666667
31	19	18.2974193548387	8.06736842105263
30	20	19.27	9.70575000000001
29	21	20.2251724137931	11.5119047619048
28	22	21.1796428571429	13.2963636363636
27	23	22.132962962963	14.9845652173913
26	24	23.0976923076923	16.71375
25	25	24.0952	18.5666
24	26	25.0633333333333	20.1675
23	27	25.9752173913044	21.9877777777778
22	28	26.9495454545455	23.8316071428572
21	29	27.9247619047619	25.5612068965517
20	30	28.886	27.2695
19	31	29.8636842105263	28.9587096774193
18	32	30.8188888888889	30.8059375
17	33	31.7817647058824	32.4869696969697
16	34	32.759375	34.3339705882353
15	35	33.6993333333333	36.0672857142857
14	36	34.685	37.8608333333333
13	37	35.6530769230769	39.6175675675676
12	38	36.6275	41.3182894736842
11	39	37.53	43.0496153846154
10	40	38.531	44.834125
9	41	39.4722222222222	46.5006097560976
8	42	40.46125	48.3428571428572
7	43	41.4442857142857	50.0990697674419
6	44	42.37	51.7992045454545
5	45	43.324	53.6291111111111
4	46	44.3	55.3525
3	47	45.2533333333333	57.1063829787234
2	48	46.32	58.9229166666667
1	49	47.26	60.619387755102
0	50	0	62.2383
