num_of_always_defect	num_of_shame_driven_hiding	average_fitness_of_always_defect	average_fitness_of_shame_driven_hiding
50	0	0	0
49	1	0.964285714285714	-23.515
48	2	1.92958333333333	-22.125
47	3	2.88914893617021	-20.76
46	4	3.85260869565217	-19.46125
45	5	4.81422222222222	-18.127
44	6	5.78522727272727	-16.7675
43	7	6.74162790697674	-15.3142857142857
42	8	7.70809523809523	-13.695625
41	9	8.67512195121951	-12.3894444444444
40	10	9.62925	-10.991
39	11	10.615641025641	-9.42818181818182
38	12	11.5615789473684	-7.94208333333333
37	13	12.5251351351351	-6.51307692307692
36	14	13.4727777777778	-5.01071428571429
35	15	14.4514285714286	-3.677
34	16	15.41	-1.9696875
33	17	16.3830303030303	-0.395
32	18	17.3221875	1.11
31	19	18.3241935483871	2.62078947368421
30	20	19.2923333333333	4.211
29	21	20.2389655172414	5.87380952380952
28	22	21.1914285714286	7.33772727272728
27	23	22.1466666666667	9.01239130434782
26	24	23.1073076923077	10.5608333333333
25	25	24.07	12.1976
24	26	25.00375	14.0936538461538
23	27	26.0073913043478	15.797962962963
22	28	26.9718181818182	17.4630357142857
21	29	27.9409523809524	19.3368965517241
20	30	28.902	20.9343333333333
19	31	29.8626315789474	22.8379032258065
18	32	30.8177777777778	24.46625
17	33	31.7870588235294	26.3684848484848
16	34	32.714375	28.3489705882353
15	35	33.6833333333333	30.2127142857143
14	36	34.6878571428571	32.0195833333333
13	37	35.6761538461539	33.9870270270271
12	38	36.5733333333333	36.1101315789474
11	39	37.5327272727273	38.0694871794872
10	40	38.555	40.131
9	41	39.46	42.3373170731707
8	42	40.53375	44.3601190476191
7	43	41.4128571428572	46.6589534883721
6	44	42.415	48.8582954545454
5	45	43.352	50.8738888888889
4	46	44.3	53.0341304347826
3	47	45.2233333333334	55.1943617021277
2	48	46.265	57.2585416666667
1	49	47.23	58.9582653061225
0	50	0	60.7664
