num_of_always_cooperate	num_of_shame_driven_hiding	average_fitness_of_always_cooperate	average_fitness_of_shame_driven_hiding
50	0	100	0
49	1	99.4267346938775	120
48	2	98.8741666666667	119.43
47	3	98.3085106382979	118.876666666667
46	4	97.7439130434783	118.2025
45	5	97.1384444444444	117.578
44	6	96.5747727272727	117.016666666667
43	7	95.9713953488372	116.42
42	8	95.34	115.74375
41	9	94.7585365853659	115.128888888889
40	10	94.15625	114.597
39	11	93.5276923076923	114.017727272727
38	12	92.9373684210527	113.347916666667
37	13	92.2935135135135	112.750769230769
36	14	91.6075	112.189642857143
35	15	90.9465714285715	111.661333333333
34	16	90.3708823529411	110.99375
33	17	89.6348484848485	110.473823529412
32	18	89.034375	109.968611111111
31	19	88.3364516129032	109.380526315789
30	20	87.7039999999999	108.809
29	21	86.9734482758621	108.21
28	22	86.3203571428571	107.689545454545
27	23	85.5555555555556	107.215869565217
26	24	84.8773076923077	106.5775
25	25	84.1004	105.9276
24	26	83.3554166666667	105.294423076923
23	27	82.5417391304348	104.665925925926
22	28	81.9686363636363	103.7
21	29	81.0623809523809	103.04275862069
20	30	80.239	102.1325
19	31	79.3947368421053	101.155967741935
18	32	78.6194444444444	100.171875
17	33	77.7917647058824	98.8277272727273
16	34	76.895625	97.7416176470588
15	35	76.0446666666667	96.3724285714285
14	36	75.1907142857143	94.9111111111111
13	37	74.2676923076923	93.5205405405406
12	38	73.3483333333333	91.7353947368421
11	39	72.3027272727273	90.006282051282
10	40	71.288	88.107875
9	41	70.2222222222222	86.2025609756098
8	42	69.3125	84.052619047619
7	43	67.95	81.681511627907
6	44	66.81	79.2589772727273
5	45	65.7580000000001	76.5717777777778
4	46	64.6175	73.8226086956521
3	47	63.1733333333333	71.0020212765957
2	48	61.425	67.7642708333333
1	49	60	64.3275510204082
0	50	0	60.7962
