num_of_always_defect	num_of_guilt_driven_amending	average_fitness_of_always_defect	average_fitness_of_guilt_driven_amending
50	0	0	0
49	1	0.958775510204081	-23.625
48	2	1.93208333333333	-21.5975
47	3	2.89404255319149	-19.6233333333333
46	4	3.85043478260869	-17.57625
45	5	4.82111111111111	-15.505
44	6	5.78795454545454	-13.6325
43	7	6.73162790697674	-11.84
42	8	7.71095238095238	-9.636875
41	9	8.67024390243902	-7.50333333333333
40	10	9.6365	-5.6515
39	11	10.5823076923077	-3.65136363636364
38	12	11.5552631578947	-1.56916666666667
37	13	12.5248648648649	0.458461538461538
36	14	13.4961111111111	2.17642857142857
35	15	14.438	4.36833333333333
34	16	15.4005882352941	6.1990625
33	17	16.3672727272727	8.34823529411765
32	18	17.30625	10.2119444444444
31	19	18.3122580645161	12.3931578947368
30	20	19.3046666666667	14.46325
29	21	20.2141379310345	16.2583333333333
28	22	21.1910714285714	18.2529545454545
27	23	22.1485185185185	20.1063043478261
26	24	23.1238461538462	22.22
25	25	24.0664	24.2874
24	26	25.0445833333333	26.3503846153846
23	27	26.0130434782609	28.1959259259259
22	28	26.9581818181818	30.1991071428571
21	29	27.9157142857143	32.2696551724138
20	30	28.9265	34.1805
19	31	29.8921052631579	36.2598387096774
18	32	30.8316666666667	38.17
17	33	31.76	40.1357575757576
16	34	32.783125	42.0548529411765
15	35	33.752	44.1788571428571
14	36	34.63	46.0866666666667
13	37	35.6461538461538	48.0817567567568
12	38	36.6183333333333	50.0473684210527
11	39	37.5718181818182	52.0601282051282
10	40	38.502	54.172375
9	41	39.4766666666667	56.0262195121951
8	42	40.38	58.0365476190476
7	43	41.4128571428571	60.0811627906977
6	44	42.4033333333333	62.0959090909091
5	45	43.292	63.955
4	46	44.225	66.051847826087
3	47	45.4166666666667	68.0498936170213
2	48	46.17	70.0886458333333
1	49	47.06	72.0737755102041
0	50	0	74.0835
