num_of_always_cooperate	num_of_shame_driven_denying	average_fitness_of_always_cooperate	average_fitness_of_shame_driven_denying
50	0	100	0
49	1	98.1479591836735	145.115
48	2	96.296875	143.4875
47	3	94.386170212766	141.43
46	4	92.5660869565217	139.1625
45	5	90.7544444444445	136.831
44	6	88.8622727272728	134.989166666667
43	7	87.0465116279069	133.384285714286
42	8	85.1238095238095	130.656875
41	9	83.2439024390244	129.002222222222
40	10	81.44425	126.8755
39	11	79.6789743589744	125.260454545455
38	12	77.5671052631579	122.6825
37	13	75.7424324324325	120.630384615385
36	14	74.1575	118.831071428571
35	15	72.1748571428571	116.410666666667
34	16	70.284705882353	114.6140625
33	17	68.5730303030303	112.483235294118
32	18	66.3053125	110.4775
31	19	64.3909677419355	108.702368421053
30	20	62.5623333333333	106.557
29	21	61.1196551724138	104.41119047619
28	22	59.3710714285714	102.018863636364
27	23	57.3277777777778	100.348913043478
26	24	55.4892307692308	98.3366666666666
25	25	53.9552	96.258
24	26	51.7775	93.7786538461538
23	27	50.0421739130435	91.7288888888889
22	28	48.1395454545454	89.9407142857143
21	29	46.3580952380952	87.8168965517241
20	30	44.217	85.6808333333334
19	31	42.7463157894737	83.5341935483871
18	32	40.7522222222222	81.4978125
17	33	38.6429411764706	79.6248484848485
16	34	37.295	77.6629411764706
15	35	35.1826666666667	75.443
14	36	32.8085714285714	73.4420833333333
13	37	31.8223076923077	71.2783783783784
12	38	29.3733333333333	69.3360526315789
11	39	27.7509090909091	67.3260256410256
10	40	25.782	65.179
9	41	23.9044444444444	63.0736585365854
8	42	21.955	61.1434523809524
7	43	19.7542857142857	58.9702325581395
6	44	18.4566666666667	56.9628409090909
5	45	15.844	54.9704444444444
4	46	14.3325	52.7823913043478
3	47	12.5566666666667	50.8843617021277
2	48	10.625	48.7828125
1	49	8.61	46.7751020408163
0	50	0	44.4516
