num_of_always_trembling	num_of_Pavlov	average_fitness_of_always_trembling	average_fitness_of_Pavlov
50	0	50.1446	0
49	1	50.195306122449	48.53
48	2	50.7725	50.33
47	3	50.7108510638298	50.8866666666667
46	4	51.1036956521739	50.74375
45	5	51.5536666666667	50.992
44	6	51.65875	50.6816666666667
43	7	52.1097674418605	51.5142857142857
42	8	52.3245238095238	52.105625
41	9	52.6656097560976	52.4227777777778
40	10	52.979125	52.4785
39	11	53.165	52.8968181818182
38	12	53.6077631578948	53.0179166666667
37	13	53.9889189189189	53.5946153846154
36	14	54.1690277777778	53.5014285714286
35	15	54.1761428571428	54.224
34	16	54.8427941176471	54.399375
33	17	54.9334848484848	54.6726470588235
32	18	55.46203125	54.9402777777778
31	19	55.3640322580645	54.8973684210526
30	20	55.8345	55.5685
29	21	56.2913793103448	55.8233333333333
28	22	56.5305357142857	55.9061363636363
27	23	56.7964814814814	56.4486956521739
26	24	57.1903846153846	56.5841666666667
25	25	57.3942	57.0962
24	26	57.8389583333333	57.1338461538462
23	27	57.9147826086956	57.5429629629629
22	28	58.3140909090909	57.8832142857143
21	29	58.7195238095238	58.1544827586207
20	30	58.9425	58.3938333333334
19	31	59.6105263157895	58.8024193548387
18	32	59.5872222222222	59.23390625
17	33	59.7573529411765	59.6521212121212
16	34	59.9571875	59.8901470588235
15	35	60.578	60.0618571428571
14	36	60.5678571428571	60.5120833333333
13	37	61.0696153846154	60.4683783783784
12	38	61.2295833333333	60.9371052631579
11	39	61.9245454545454	61.229358974359
10	40	62.1425	61.571375
9	41	61.5266666666667	61.7198780487805
8	42	62.074375	62.1905952380952
7	43	62.0478571428571	62.3304651162791
6	44	62.5058333333333	62.7493181818182
5	45	63.271	63.1398888888889
4	46	63.16875	63.345
3	47	63.44	63.5372340425532
2	48	64.81	63.7657291666667
1	49	65.145	64.2186734693878
0	50	0	64.5802
