num_of_always_cooperate	num_of_guilt_driven_amending	average_fitness_of_always_cooperate	average_fitness_of_guilt_driven_amending
50	0	100	0
49	1	99.2689795918368	117.325
48	2	98.5995833333333	116.5675
47	3	97.9325531914893	115.74
46	4	97.1602173913043	114.74
45	5	96.4108888888889	113.864
44	6	95.7436363636364	112.9425
43	7	95.0318604651163	111.998571428572
42	8	94.3054761904762	111.136875
41	9	93.6351219512195	110.378333333333
40	10	92.913	109.412
39	11	92.2010256410256	108.523181818182
38	12	91.4900000000001	107.611666666667
37	13	90.7935135135135	106.801153846154
36	14	90.0438888888889	105.942142857143
35	15	89.332	104.950666666667
34	16	88.6688235294118	104.0365625
33	17	87.9078787878788	103.262647058824
32	18	87.2928125	102.378055555556
31	19	86.5264516129032	101.478684210526
30	20	85.81	100.61425
29	21	85.0820689655173	99.6580952380952
28	22	84.3989285714286	98.7440909090909
27	23	83.7225925925926	97.8710869565218
26	24	83.0069230769231	97.0979166666667
25	25	82.2744	96.2456
24	26	81.57875	95.2778846153846
23	27	80.7369565217391	94.3964814814815
22	28	80.1854545454545	93.5257142857143
21	29	79.412380952381	92.6087931034483
20	30	78.77	91.7466666666667
19	31	77.9405263157895	90.92
18	32	77.3366666666666	89.99703125
17	33	76.5182352941177	89.1512121212122
16	34	75.925625	88.2342647058824
15	35	75.088	87.2361428571428
14	36	74.5264285714286	86.40875
13	37	73.7792307692308	85.572972972973
12	38	73.13	84.6559210526316
11	39	72.34	83.8146153846154
10	40	71.64	82.931
9	41	70.8755555555556	81.9770731707317
8	42	70.155	81.0938095238095
7	43	69.5128571428571	80.245465116279
6	44	68.6183333333333	79.3567045454545
5	45	67.962	78.5337777777778
4	46	67.5	77.6552173913043
3	47	66.7333333333333	76.6446808510638
2	48	65.69	75.8177083333333
1	49	65.57	74.8987755102041
0	50	0	74.0634
