num_of_always_trembling	num_of_shame_driven_hiding	average_fitness_of_always_trembling	average_fitness_of_shame_driven_hiding
50	0	50.1561	0
49	1	50.245306122449	47.795
48	2	50.0685416666667	48.2175
47	3	50.4124468085107	48.985
46	4	50.2929347826087	49.6575
45	5	50.6681111111111	49.607
44	6	50.8113636363636	50.6816666666667
43	7	50.8672093023256	50.8592857142857
42	8	50.8864285714286	50.904375
41	9	51.1984146341463	51.9016666666667
40	10	51.11025	52.2735
39	11	51.3026923076923	52.785
38	12	51.5018421052632	53.29
37	13	51.4027027027027	53.655
36	14	51.5144444444444	54.2317857142857
35	15	51.5491428571429	54.7196666666666
34	16	51.6986764705882	55.2884375
33	17	51.6924242424243	55.6358823529412
32	18	51.9096875	56.2733333333333
31	19	51.758064516129	56.9934210526316
30	20	51.9873333333334	57.485
29	21	52.0574137931035	57.6871428571429
28	22	52.4182142857143	58.5634090909091
27	23	52.267037037037	58.8502173913043
26	24	52.7373076923077	59.5714583333333
25	25	52.453	59.9102
24	26	52.4758333333333	60.6576923076923
23	27	52.6860869565217	61.2377777777778
22	28	52.7547727272727	61.8358928571428
21	29	52.7707142857143	62.1125862068965
20	30	52.63475	62.8951666666667
19	31	52.9457894736842	63.3545161290323
18	32	53.0822222222222	63.960625
17	33	53.1276470588236	64.4698484848485
16	34	53.4653125	64.9929411764706
15	35	53.158	65.6474285714286
14	36	53.1375	66.2959722222222
13	37	53.3992307692308	66.8678378378379
12	38	53.2991666666666	67.4844736842105
11	39	53.5513636363636	67.9441025641026
10	40	53.6835	68.700125
9	41	53.6494444444444	69.2865853658536
8	42	53.6775	69.9021428571428
7	43	53.8471428571429	70.3789534883721
6	44	54.0241666666667	70.7570454545454
5	45	53.469	70.7884444444444
4	46	53.78875	70.5703260869565
3	47	53.685	69.4362765957447
2	48	54.01	67.6247916666667
1	49	53.66	64.8587755102041
0	50	0	60.7289
