num_of_always_trembling	num_of_shame_driven_denying	average_fitness_of_always_trembling	average_fitness_of_shame_driven_denying
50	0	50.0013	0
49	1	49.7192857142857	53.95
48	2	49.5894791666667	53.7725
47	3	49.6362765957447	53.4183333333334
46	4	49.2967391304348	52.9425
45	5	49.1031111111111	53.135
44	6	48.9376136363636	52.9958333333333
43	7	49.0552325581395	52.43
42	8	48.6857142857143	52.344375
41	9	48.3078048780488	52.4622222222222
40	10	48.414625	52.133
39	11	48.1001282051282	52.2113636363637
38	12	48.1311842105263	51.6508333333333
37	13	47.9304054054054	51.6773076923077
36	14	47.82125	51.4364285714286
35	15	47.5054285714286	51.129
34	16	47.6738235294118	50.8909375
33	17	47.08	50.6635294117647
32	18	46.99859375	50.6972222222222
31	19	47.0291935483871	50.7002631578947
30	20	46.5941666666667	50.365
29	21	47.0624137931035	50.1252380952381
28	22	46.8801785714286	49.9347727272727
27	23	46.4675925925926	49.7356521739131
26	24	46.0388461538462	49.4485416666666
25	25	46.0298	49.4388
24	26	45.57625	49.2605769230769
23	27	45.6026086956522	48.97
22	28	45.3625	48.7908928571429
21	29	45.4780952380952	48.5368965517241
20	30	45.3135	48.384
19	31	44.8847368421052	48.2227419354839
18	32	44.6669444444445	48.0015625
17	33	44.845	48.0769696969697
16	34	44.5709375	47.645
15	35	44.611	47.4284285714285
14	36	44.2003571428571	47.2395833333333
13	37	44.4903846153846	46.9936486486486
12	38	44.0216666666667	46.9352631578947
11	39	43.8754545454546	46.5723076923077
10	40	43.701	46.706875
9	41	43.5344444444444	46.4965853658536
8	42	43.548125	46.3127380952381
7	43	43.72	46.0093023255814
6	44	43.39	45.69875
5	45	42.699	45.5195555555555
4	46	42.40875	45.3105434782609
3	47	43.02	45.351914893617
2	48	41.6425	44.8553125
1	49	43.295	44.7482653061224
0	50	0	44.7805
