num_of_always_defect	num_of_shame_driven_denying	average_fitness_of_always_defect	average_fitness_of_shame_driven_denying
50	0	0	0
49	1	0.958775510204081	-23.575
48	2	1.9325	-22.0925
47	3	2.88510638297872	-20.8433333333333
46	4	3.86065217391304	-19.3775
45	5	4.80711111111111	-18.062
44	6	5.78068181818182	-16.6066666666667
43	7	6.74488372093023	-15.1742857142857
42	8	7.69333333333333	-13.773125
41	9	8.65170731707317	-12.5311111111111
40	10	9.63075	-11.1605
39	11	10.6041025641026	-9.75136363636364
38	12	11.5794736842105	-8.48458333333333
37	13	12.5272972972973	-7.015
36	14	13.4705555555556	-5.61964285714285
35	15	14.4434285714286	-4.08633333333333
34	16	15.4238235294118	-2.8540625
33	17	16.3621212121212	-1.20558823529412
32	18	17.3509375	-0.166944444444445
31	19	18.2941935483871	1.55473684210526
30	20	19.28	2.93625
29	21	20.2324137931035	4.20119047619048
28	22	21.1932142857143	5.63636363636364
27	23	22.1703703703704	7.00108695652174
26	24	23.1192307692308	8.37750000000001
25	25	24.0884	9.8232
24	26	25.0470833333333	11.2403846153846
23	27	26.0130434782609	12.7511111111111
22	28	26.9809090909091	14.1201785714286
21	29	27.8719047619048	15.2244827586207
20	30	28.886	16.7756666666667
19	31	29.82	17.9661290322581
18	32	30.8422222222222	19.62421875
17	33	31.7658823529412	20.9627272727273
16	34	32.755625	22.3585294117647
15	35	33.7786666666667	23.749
14	36	34.6671428571429	25.0070833333333
13	37	35.6076923076923	26.3893243243243
12	38	36.6025	27.9639473684211
11	39	37.5227272727273	29.3648717948718
10	40	38.478	30.651
9	41	39.5166666666667	32.130243902439
8	42	40.475	33.4367857142857
7	43	41.3857142857143	34.8067441860465
6	44	42.305	36.3568181818182
5	45	43.362	37.6924444444444
4	46	44.1975	39.1513043478261
3	47	45.2566666666667	40.3882978723404
2	48	46.365	41.8307291666667
1	49	47.06	43.2435714285714
0	50	0	44.6644
