num_of_guilt_driven_amending	num_of_Pavlov	average_fitness_of_guilt_driven_amending	average_fitness_of_Pavlov
50	0	74.0289	0
49	1	73.6673469387755	61.715
48	2	73.3307291666667	62.4475
47	3	73.0391489361702	62.8116666666667
46	4	72.6772826086956	62.6975
45	5	72.2848888888889	62.937
44	6	71.9518181818182	62.7783333333333
43	7	71.6091860465117	62.9714285714286
42	8	71.3285714285714	63.13375
41	9	70.9025609756098	63.2116666666666
40	10	70.563875	63.192
39	11	70.3075641025641	63.0431818181818
38	12	69.8505263157895	63.12625
37	13	69.5904054054054	63.1392307692308
36	14	69.1056944444445	63.3642857142857
35	15	68.8668571428571	63.2906666666667
34	16	68.5122058823529	63.3484375
33	17	68.0704545454546	63.2317647058824
32	18	67.8978125	63.4394444444445
31	19	67.4840322580645	63.301052631579
30	20	67.0268333333333	63.56025
29	21	66.8198275862069	63.3702380952381
28	22	66.4571428571429	63.5522727272727
27	23	66.1272222222222	63.6082608695652
26	24	65.785	63.7147916666666
25	25	65.4738	63.6468
24	26	65.2379166666667	63.7476923076923
23	27	64.9660869565217	63.8425925925926
22	28	64.3704545454545	63.68625
21	29	64.1904761904762	63.5822413793104
20	30	63.90225	64.0035
19	31	63.3181578947368	63.9112903225806
18	32	62.9563888888889	63.74796875
17	33	62.6314705882353	63.9965151515152
16	34	62.133125	64.2094117647059
15	35	61.954	64.0138571428571
14	36	61.5767857142858	63.8638888888889
13	37	61.2638461538461	63.9662162162162
12	38	60.7941666666667	63.9692105263158
11	39	60.4368181818182	64.2915384615384
10	40	60.3805	64.263875
9	41	59.6677777777778	64.2060975609756
8	42	60.131875	64.1263095238095
7	43	58.7207142857143	64.2786046511628
6	44	58.6133333333333	64.1694318181818
5	45	58.146	64.3658888888889
4	46	58.44625	64.6180434782609
3	47	57.8683333333333	64.3687234042553
2	48	57.5675	64.6702083333333
1	49	56.54	64.3726530612245
0	50	0	64.601
