num_of_shame_driven_hiding	num_of_shame_driven_denying	average_fitness_of_shame_driven_hiding	average_fitness_of_shame_driven_denying
50	0	60.8559	0
49	1	60.719693877551	51.24
48	2	60.6836458333333	50.905
47	3	60.7114893617021	50.4883333333333
46	4	60.6202173913043	50.46375
45	5	60.3683333333333	50.186
44	6	60.4910227272728	50.1866666666667
43	7	60.1255813953488	50.2485714285714
42	8	59.9784523809524	49.80125
41	9	59.6528048780488	49.4255555555556
40	10	59.390875	49.68
39	11	59.1641025641026	49.5863636363637
38	12	58.9686842105263	49.1133333333333
37	13	58.8067567567568	48.9123076923077
36	14	58.3072222222223	48.8692857142857
35	15	58.213	48.8376666666667
34	16	58.0158823529412	48.6884375
33	17	57.5933333333333	48.2514705882353
32	18	57.3409375	48.3277777777778
31	19	57.2790322580645	48.155
30	20	56.8305	47.90125
29	21	56.5413793103449	47.7078571428571
28	22	56.4480357142857	47.8236363636364
27	23	56.1183333333333	47.4973913043479
26	24	56.0326923076923	47.441875
25	25	55.7082	47.6118
24	26	55.2741666666667	47.3069230769231
23	27	55.0541304347826	47.1090740740741
22	28	54.9959090909091	47.0101785714286
21	29	54.5940476190476	46.8848275862069
20	30	54.60525	46.8265
19	31	54.3171052631579	46.6303225806451
18	32	53.9163888888889	46.5571875
17	33	53.6044117647059	46.4977272727273
16	34	53.0703125	46.1754411764706
15	35	53.3583333333333	46.1071428571429
14	36	52.9703571428571	45.9938888888889
13	37	52.7715384615385	46.1008108108108
12	38	52.51875	45.9531578947369
11	39	52.5068181818182	45.7158974358974
10	40	52.0455	45.577375
9	41	52.0977777777778	45.5806097560976
8	42	51.909375	45.5571428571428
7	43	51.8807142857143	45.3967441860465
6	44	51.9833333333333	45.3293181818182
5	45	51.158	45.1408888888889
4	46	51.0825	44.9666304347826
3	47	51.7766666666667	44.9332978723404
2	48	51.335	44.8408333333333
1	49	52.13	44.8384693877551
0	50	0	44.6895
