num_of_shame_driven_hiding	num_of_guilt_driven_amending	average_fitness_of_shame_driven_hiding	average_fitness_of_guilt_driven_amending
50	0	60.7529	0
49	1	62.7331632653061	57.87
48	2	65.1476041666667	58.06
47	3	67.3704255319149	58.6383333333333
46	4	69.5898913043478	59.05625
45	5	71.3727777777778	59.471
44	6	73.5901136363637	59.9708333333334
43	7	75.3448837209302	60.6142857142857
42	8	77.1684523809524	61.224375
41	9	78.8337804878049	61.6455555555556
40	10	80.42475	61.9315
39	11	81.5287179487179	62.3863636363636
38	12	82.9630263157895	62.7095833333333
37	13	84.0843243243243	63.1719230769231
36	14	85.06375	63.4953571428572
35	15	85.8738571428572	63.7963333333333
34	16	86.7129411764706	64.3709375
33	17	87.3133333333334	64.6008823529412
32	18	87.81359375	64.9894444444445
31	19	88.1983870967742	65.3244736842105
30	20	88.6971666666667	65.73725
29	21	88.9498275862069	66.0369047619048
28	22	89.2478571428572	66.2947727272727
27	23	89.5051851851852	66.77
26	24	89.8082692307692	67.0314583333333
25	25	90.095	67.386
24	26	90.3645833333333	67.6628846153846
23	27	90.5478260869565	67.9574074074074
22	28	90.7504545454546	68.31875
21	29	91.0180952380952	68.536724137931
20	30	91.1905	68.9056666666667
19	31	91.3615789473685	69.1283870967742
18	32	91.6411111111111	69.37578125
17	33	91.7944117647059	69.765303030303
16	34	92.106875	70.0220588235294
15	35	92.2973333333334	70.2152857142857
14	36	92.44	70.53375
13	37	92.6211538461538	70.7725675675676
12	38	92.8325	71.0146052631579
11	39	93.0095454545455	71.3658974358974
10	40	93.26	71.56425
9	41	93.5211111111111	71.8779268292683
8	42	93.458125	72.079880952381
7	43	93.6935714285714	72.4216279069767
6	44	94.0733333333333	72.6464772727273
5	45	94.103	72.8583333333333
4	46	94.17	73.1498913043479
3	47	94.4166666666667	73.3631914893617
2	48	94.565	73.5686458333333
1	49	94.985	73.7701020408164
0	50	0	74.0692
