num_of_shame_driven_denying	num_of_Pavlov	average_fitness_of_shame_driven_denying	average_fitness_of_Pavlov
50	0	44.6117	0
49	1	45.2204081632653	41.655
48	2	45.9426041666667	42.925
47	3	46.7131914893617	42.9183333333333
46	4	47.4128260869565	43.5175
45	5	47.8808888888889	44.168
44	6	48.5194318181818	44.4708333333333
43	7	49.2951162790698	44.55
42	8	49.9434523809524	45.45875
41	9	50.4067073170731	45.29
40	10	51.28225	46.4305
39	11	51.9703846153846	46.5663636363636
38	12	52.5328947368421	47.1695833333333
37	13	53.1283783783784	47.5642307692308
36	14	54.0211111111111	47.8678571428571
35	15	54.4901428571428	48.3773333333333
34	16	55.1288235294118	48.80625
33	17	55.8978787878788	49.1241176470588
32	18	56.59078125	49.7491666666667
31	19	57.1717741935484	50.2857894736842
30	20	57.8505	50.61425
29	21	58.5391379310344	51.235
28	22	59.2566071428571	51.5825
27	23	60.0987037037037	52.0497826086957
26	24	60.5575	52.1279166666667
25	25	61.1536	52.9966
24	26	61.8422916666667	53.54
23	27	62.4265217391304	53.8464814814815
22	28	63.1293181818182	54.4275
21	29	63.8116666666667	55.0974137931034
20	30	64.466	55.349
19	31	65.0852631578947	55.8948387096774
18	32	65.7188888888889	56.37875
17	33	66.4405882352941	56.6066666666667
16	34	67.0903125	57.2920588235294
15	35	67.7726666666667	57.7431428571428
14	36	68.315	58.0316666666667
13	37	68.9611538461538	58.7164864864865
12	38	69.6816666666667	59.0997368421053
11	39	70.3895454545454	59.4419230769231
10	40	70.869	60.122875
9	41	71.5666666666667	60.3770731707317
8	42	72.423125	60.8084523809524
7	43	73.1071428571428	61.2284883720931
6	44	73.8291666666667	61.8363636363637
5	45	74.353	62.2677777777778
4	46	74.715	62.7471739130435
3	47	75.4466666666667	63.0610638297872
2	48	76.27	63.60375
1	49	77.03	64.1559183673469
0	50	0	64.3768
