num_of_TFT_with_trembling_hand	num_of_guilt_driven_amending	average_fitness_of_TFT_with_trembling_hand	average_fitness_of_guilt_driven_amending
50	0	62.3954	0
49	1	62.5462244897959	61.71
48	2	62.8230208333334	61.83
47	3	63.0598936170212	61.825
46	4	63.2003260869565	62.775
45	5	63.4385555555555	62.87
44	6	63.7698863636364	62.7783333333333
43	7	63.9096511627907	63.1478571428572
42	8	64.2323809523809	63.32125
41	9	64.3908536585366	63.7188888888889
40	10	64.651	64.0215
39	11	64.8083333333334	64.4027272727273
38	12	65.0732894736842	64.5083333333334
37	13	65.2875675675676	64.8280769230769
36	14	65.4440277777778	65.0621428571429
35	15	65.7708571428571	65.1843333333333
34	16	65.9595588235294	65.618125
33	17	66.1669696969697	65.9376470588235
32	18	66.45609375	66.0241666666667
31	19	66.6804838709677	66.3334210526316
30	20	66.9466666666667	66.5285
29	21	67.1225862068965	66.6857142857143
28	22	67.2683928571429	66.9134090909091
27	23	67.5277777777778	67.2604347826087
26	24	67.9605769230769	67.6097916666667
25	25	67.9422	67.7098
24	26	68.2820833333333	68.0586538461539
23	27	68.4708695652174	68.2579629629629
22	28	68.5988636363636	68.4746428571428
21	29	68.9266666666667	68.7296551724137
20	30	69.183	69.0378333333333
19	31	69.3752631578948	69.2033870967742
18	32	69.6788888888889	69.46859375
17	33	69.6276470588235	69.7556060606061
16	34	70.046875	70.0354411764706
15	35	70.306	70.2692857142857
14	36	70.6360714285714	70.48125
13	37	70.7596153846154	70.7105405405405
12	38	71.01375	71.0719736842105
11	39	71.3240909090909	71.2592307692307
10	40	71.2175	71.482125
9	41	71.5233333333333	71.8248780487805
8	42	71.74625	72.05
7	43	71.8835714285714	72.3022093023256
6	44	72.2858333333333	72.6038636363636
5	45	72.561	72.7985555555556
4	46	72.68625	72.9989130434783
3	47	73.2466666666666	73.3290425531915
2	48	73.3625	73.5446875
1	49	73.86	73.8414285714286
0	50	0	74.0881
