num_of_TFT_with_trembling_hand	num_of_shame_driven_hiding	average_fitness_of_TFT_with_trembling_hand	average_fitness_of_shame_driven_hiding
50	0	62.286	0
49	1	62.3261224489796	72.565
48	2	62.1433333333333	72.595
47	3	62.1212765957447	72.5483333333334
46	4	62.0414130434783	72.42
45	5	61.9172222222222	72.728
44	6	61.8905681818182	72.5816666666666
43	7	61.8216279069767	72.3728571428572
42	8	61.7596428571429	72.661875
41	9	61.6660975609756	72.2955555555556
40	10	61.616375	72.345
39	11	61.4476923076923	72.3777272727273
38	12	61.4110526315789	72.19625
37	13	61.3160810810811	72.1503846153846
36	14	61.2680555555556	72.4078571428571
35	15	61.2078571428572	72.309
34	16	61.0733823529412	72.150625
33	17	60.965606060606	72.2673529411765
32	18	61.11890625	72.2341666666667
31	19	60.7987096774193	72.0521052631579
30	20	60.7268333333333	72.1075
29	21	60.6265517241379	71.9921428571429
28	22	60.6155357142857	72.0759090909091
27	23	60.4887037037037	72.1345652173913
26	24	60.4219230769231	72.011875
25	25	60.4242	71.973
24	26	60.2602083333334	71.9684615384615
23	27	60.1413043478261	71.9538888888889
22	28	59.9731818181818	71.9417857142857
21	29	59.8502380952381	71.8179310344828
20	30	59.95875	71.8616666666667
19	31	59.8373684210526	71.8908064516129
18	32	59.8319444444445	71.88515625
17	33	59.6729411764706	71.8089393939394
16	34	59.54625	71.7714705882353
15	35	59.4336666666667	71.86
14	36	59.4835714285714	71.7265277777778
13	37	59.265	71.7264864864865
12	38	59.1404166666667	71.6419736842106
11	39	59.03	71.5862820512821
10	40	59.0815	71.5645
9	41	59.0738888888889	71.504756097561
8	42	58.848125	71.4284523809524
7	43	58.9214285714286	71.3488372093023
6	44	58.7525	71.1402272727273
5	45	58.923	70.9841111111111
4	46	58.275	70.5752173913043
3	47	58.3616666666667	69.6770212765957
2	48	58.405	68.3816666666667
1	49	58.695	65.765
0	50	0	60.7148
