num_of_tit_for_tat	num_of_shame_driven_denying	average_fitness_of_tit_for_tat	average_fitness_of_shame_driven_denying
50	0	100	0
49	1	98.7984693877551	82.075
48	2	97.5742708333333	81.695
47	3	96.3371276595745	80.875
46	4	95.1650000000001	79.62125
45	5	93.9556666666667	78.615
44	6	92.7542045454545	78.4416666666667
43	7	91.5543023255814	77.4964285714286
42	8	90.3959523809524	76.6925
41	9	89.1471951219512	76.0038888888889
40	10	88.02975	75.3325
39	11	86.7144871794872	74.3345454545454
38	12	85.4225	73.7058333333333
37	13	84.2771621621622	73.0803846153846
36	14	83.0656944444444	71.9860714285714
35	15	81.8067142857143	71.7626666666667
34	16	80.4975	70.5975
33	17	79.5272727272727	69.9129411764706
32	18	78.15875	69.1691666666666
31	19	77.0546774193548	68.2781578947368
30	20	75.7596666666667	67.859
29	21	74.678275862069	66.7778571428572
28	22	73.41	66.0177272727273
27	23	72.2187037037037	65.2743478260869
26	24	71.0936538461538	64.5777083333333
25	25	69.8868	63.6456
24	26	68.6635416666666	63.0392307692308
23	27	67.4660869565218	62.2924074074074
22	28	66.3577272727273	61.4976785714286
21	29	65.2111904761905	60.5579310344828
20	30	63.62275	59.9945
19	31	62.386052631579	59.1498387096774
18	32	61.3811111111111	58.47140625
17	33	59.9658823529412	57.5869696969697
16	34	59.088125	57.1135294117647
15	35	57.972	56.2007142857143
14	36	56.3503571428571	55.2706944444445
13	37	55.2838461538461	54.4994594594595
12	38	53.8291666666666	53.8672368421053
11	39	52.6054545454546	52.9510256410256
10	40	51.844	52.206625
9	41	50.6788888888889	51.4621951219512
8	42	49.173125	50.8378571428572
7	43	48.0021428571429	49.9039534883721
6	44	47.1491666666667	49.2413636363637
5	45	45.573	48.4198888888889
4	46	43.995	47.7639130434783
3	47	43.1516666666667	46.8515957446808
2	48	41.91	46.138125
1	49	41.07	45.3881632653061
0	50	0	44.6557
