num_of_tit_for_tat	num_of_TFT_with_trembling_hand	average_fitness_of_tit_for_tat	average_fitness_of_TFT_with_trembling_hand
50	0	100	0
49	1	99.2363265306123	87.93
48	2	98.4721875	87.32
47	3	97.7275531914894	86.6183333333333
46	4	97.0028260869565	86.15
45	5	96.1931111111111	85.44
44	6	95.5101136363636	85.0533333333334
43	7	94.7081395348837	84.7221428571429
42	8	93.9267857142857	83.963125
41	9	93.1686585365854	83.4766666666667
40	10	92.448625	83.093
39	11	91.6432051282051	82.4686363636364
38	12	90.9581578947369	81.995
37	13	90.1656756756757	81.4530769230769
36	14	89.3586111111111	80.8664285714286
35	15	88.5614285714286	80.4873333333334
34	16	87.8375	79.941875
33	17	87.1034848484849	79.2244117647059
32	18	86.31234375	78.8661111111111
31	19	85.5509677419355	78.4118421052632
30	20	84.918	77.8595
29	21	84.1448275862069	77.267619047619
28	22	83.3176785714286	76.6468181818182
27	23	82.477037037037	76.3554347826087
26	24	81.9067307692308	75.754375
25	25	81.0604	75.1812
24	26	80.3008333333333	74.79
23	27	79.6147826086956	74.2244444444445
22	28	78.7818181818182	73.6466071428571
21	29	77.9471428571429	73.1084482758621
20	30	77.2905	72.6596666666666
19	31	76.5168421052632	72.1767741935484
18	32	75.6927777777778	71.6178125
17	33	74.9955882352941	71.1981818181818
16	34	74.301875	70.6723529411765
15	35	73.4933333333333	70.0505714285715
14	36	72.6989285714286	69.5258333333333
13	37	71.8469230769231	69.0422972972973
12	38	71.27875	68.516052631579
11	39	70.4413636363636	68.010641025641
10	40	69.6355	67.42925
9	41	69.01	66.9774390243902
8	42	68.243125	66.4939285714286
7	43	67.4085714285714	65.8698837209302
6	44	66.6325	65.3152272727273
5	45	65.902	64.9396666666667
4	46	64.99875	64.4051086956521
3	47	64.565	63.8746808510638
2	48	63.225	63.3230208333333
1	49	62.95	62.8988775510204
0	50	0	62.4116
