num_of_tit_for_tat	num_of_Pavlov	average_fitness_of_tit_for_tat	average_fitness_of_Pavlov
50	0	100	0
49	1	99.149693877551	74.96
48	2	98.3053125	74.2275
47	3	97.4267021276596	73.8166666666667
46	4	96.5870652173913	74.49875
45	5	95.7442222222222	73.785
44	6	94.84	73.4775
43	7	94.0591860465116	73.4442857142857
42	8	93.1744047619048	73.03
41	9	92.2854878048781	73.0688888888889
40	10	91.4327500000001	73.0135
39	11	90.5508974358975	72.4077272727272
38	12	89.6642105263158	72.45625
37	13	88.8564864864865	72.1073076923077
36	14	88.0379166666667	72.0339285714286
35	15	87.1904285714286	71.7056666666667
34	16	86.2727941176471	71.295
33	17	85.6013636363637	71.2105882352941
32	18	84.70796875	71.2402777777778
31	19	83.6896774193548	70.8734210526316
30	20	82.884	70.706
29	21	81.9724137931035	70.3242857142857
28	22	81.2026785714285	70.2334090909091
27	23	80.2514814814815	70.0515217391304
26	24	79.5848076923077	69.9722916666666
25	25	78.65	69.6046
24	26	77.73875	69.5061538461539
23	27	76.9380434782609	69.3081481481481
22	28	76.0011363636364	68.9873214285714
21	29	75.1683333333333	68.8113793103448
20	30	74.30925	68.707
19	31	73.5207894736842	68.5098387096774
18	32	72.5283333333333	68.25421875
17	33	71.7714705882353	68.0478787878788
16	34	70.7721875	67.8289705882353
15	35	70.0523333333333	67.4857142857143
14	36	69.1867857142857	67.4038888888889
13	37	68.3603846153846	67.1775675675676
12	38	67.5345833333333	66.8794736842106
11	39	66.3172727272727	66.8337179487179
10	40	65.768	66.59125
9	41	65.0677777777778	66.2496341463415
8	42	64.08125	66.1846428571428
7	43	63.295	66.0082558139535
6	44	62.4775	65.8490909090909
5	45	61.372	65.5093333333333
4	46	60.40125	65.4221739130435
3	47	59.6466666666667	65.1709574468085
2	48	59.09	64.9455208333334
1	49	58.19	64.8280612244898
0	50	0	64.8481
