num_of_tit_for_tat	num_of_shame_driven_hiding	average_fitness_of_tit_for_tat	average_fitness_of_shame_driven_hiding
50	0	100	0
49	1	99.4412244897959	120
48	2	98.88375	119.405
47	3	98.2806382978723	118.806666666667
46	4	97.7197826086957	118.2375
45	5	97.1297777777778	117.704
44	6	96.5547727272728	117.026666666667
43	7	95.9588372093023	116.568571428571
42	8	95.3361904761905	115.8275
41	9	94.7578048780488	115.141111111111
40	10	94.1565	114.568
39	11	93.5348717948718	114.005
38	12	92.9318421052631	113.39625
37	13	92.282972972973	112.679230769231
36	14	91.5986111111111	112.082142857143
35	15	90.9777142857143	111.303666666667
34	16	90.334705882353	110.6546875
33	17	89.7651515151515	109.780294117647
32	18	89.07625	108.972222222222
31	19	88.2867741935484	107.941315789474
30	20	87.674	107.127
29	21	86.9527586206897	106.037142857143
28	22	86.2760714285715	104.701590909091
27	23	85.5596296296296	103.821739130435
26	24	84.8280769230769	102.397708333333
25	25	84.0656	101.3662
24	26	83.3695833333333	99.6959615384615
23	27	82.5639130434783	98.7711111111111
22	28	81.8904545454545	97.0737500000001
21	29	81.1495238095238	95.58
20	30	80.2505	94.0705
19	31	79.4126315789474	92.5590322580645
18	32	78.5605555555556	91.15890625
17	33	77.8358823529412	89.2646969696969
16	34	76.905625	87.7885294117647
15	35	76.1946666666667	85.9204285714286
14	36	75.1285714285714	84.405
13	37	74.1661538461539	82.8618918918919
12	38	73.2316666666667	81.6822368421052
11	39	72.2118181818181	79.5057692307692
10	40	71.228	77.845625
9	41	70.3922222222222	75.9228048780488
8	42	69.315	74.4861904761905
7	43	68.0685714285714	72.7470930232558
6	44	66.9283333333333	71.0486363636364
5	45	65.762	69.3483333333333
4	46	64.4375	67.6266304347826
3	47	63.1966666666667	65.8275531914893
2	48	61.625	64.1475
1	49	60	62.4628571428572
0	50	0	60.8116
