num_of_tit_for_tat	num_of_guilt_driven_amending	average_fitness_of_tit_for_tat	average_fitness_of_guilt_driven_amending
50	0	100	0
49	1	99.570918367347	90.72
48	2	99.1263541666667	90.32
47	3	98.6970212765957	90.0383333333333
46	4	98.2421739130435	89.60875
45	5	97.8281111111111	89.269
44	6	97.3909090909091	89.12
43	7	96.9572093023255	88.6435714285714
42	8	96.502619047619	88.244375
41	9	96.0231707317074	88.0372222222222
40	10	95.58275	87.6025
39	11	95.2335897435897	87.3422727272727
38	12	94.746447368421	86.9258333333333
37	13	94.3091891891892	86.6992307692308
36	14	93.8647222222222	86.2582142857143
35	15	93.4882857142857	85.858
34	16	93.0186764705882	85.6828125
33	17	92.6089393939394	85.2635294117647
32	18	92.0675	84.9302777777778
31	19	91.6925806451613	84.6236842105263
30	20	91.2563333333333	84.2565
29	21	90.7694827586207	83.9052380952381
28	22	90.3794642857143	83.5763636363636
27	23	89.9072222222222	83.160652173913
26	24	89.5082692307692	82.9058333333333
25	25	89.0092	82.479
24	26	88.6316666666667	82.2269230769231
23	27	88.1813043478261	81.8251851851852
22	28	87.7784090909091	81.5703571428571
21	29	87.2490476190476	81.2762068965518
20	30	86.9215	80.8935
19	31	86.4126315789474	80.5340322580645
18	32	85.92	80.235
17	33	85.5488235294117	79.9137878787879
16	34	85.1609375	79.4698529411765
15	35	84.699	79.1182857142857
14	36	84.25	78.7152777777778
13	37	83.7273076923077	78.4632432432432
12	38	83.26625	78.0230263157894
11	39	82.9313636363636	77.8674358974359
10	40	82.444	77.501125
9	41	82.0238888888889	77.0640243902439
8	42	81.594375	76.797380952381
7	43	81.2671428571429	76.4139534883721
6	44	80.6983333333333	76.1243181818182
5	45	80.333	75.7133333333334
4	46	79.7525	75.4741304347826
3	47	79.415	75.1088297872341
2	48	79.0775	74.8276041666667
1	49	78.66	74.380612244898
0	50	0	74.0747
