num_of_always_cooperate	num_of_Pavlov	average_fitness_of_always_cooperate	average_fitness_of_Pavlov
20	0	100	0
19	1	96.4063157894737	146.795
18	2	92.8266666666667	143.5325
17	3	89.2711764705882	138.153333333333
16	4	85.839375	133.2
15	5	81.8686666666667	129.46
14	6	78.8000000000001	124.0775
13	7	75.0415384615385	120.206428571429
12	8	71.54	115.494375
11	9	68.38	110.802777777778
10	10	64.636	106.026
9	11	60.7411111111111	101.468636363636
8	12	56.47375	96.5266666666667
7	13	53.7428571428572	92.0276923076923
6	14	50.5816666666667	87.3989285714286
5	15	46.812	82.584
4	16	42.67	78.2890625
3	17	37.9533333333333	73.6691176470588
2	18	35.62	68.5905555555556
1	19	31.02	63.7278947368421
0	20	0	59.0435
