num_of_always_defect	num_of_guilt_driven_amending	average_fitness_of_always_defect	average_fitness_of_guilt_driven_amending
20	0	0	0
19	1	1	-9.5
18	2	2	-4.505
17	3	2.99941176470588	0.22
16	4	4	5.4675
15	5	4.99933333333333	10.21
14	6	5.99857142857143	15.0116666666667
13	7	7	20.1535714285714
12	8	8	24.996875
11	9	8.99909090909091	30.1144444444444
10	10	10	34.878
9	11	11	39.8218181818182
8	12	11.99875	44.6604166666667
7	13	13	49.7726923076923
6	14	13.9983333333333	54.7042857142857
5	15	14.998	59.5423333333333
4	16	16	64.73375
3	17	17	69.4655882352941
2	18	17.99	74.4058333333333
1	19	19	79.395
0	20	0	84.38625
