num_of_always_defect	num_of_shame_driven_hiding	average_fitness_of_always_defect	average_fitness_of_shame_driven_hiding
20	0	0	0
19	1	1	-9.495
18	2	2	-6.895
17	3	3	-4.125
16	4	4	-1.5775
15	5	4.99933333333333	1.392
14	6	5.99928571428571	3.82333333333333
13	7	7	7.05642857142857
12	8	7.99916666666667	9.51875
11	9	9	12.3627777777778
10	10	9.998	15.796
9	11	10.9988888888889	18.8727272727273
8	12	11.9975	21.84125
7	13	13	24.9346153846154
6	14	13.9983333333333	28.0260714285714
5	15	14.998	31.1843333333333
4	16	16	34.75625
3	17	17	37.6802941176471
2	18	18	40.3972222222222
1	19	19	43.5763157894737
0	20	0	46.44425
