num_of_always_cooperate	num_of_TFT_with_trembling_hand	average_fitness_of_always_cooperate	average_fitness_of_TFT_with_trembling_hand
20	0	100	0
19	1	98.9084210526316	110
18	2	97.9205555555556	107.705
17	3	96.8794117647059	105.3
16	4	95.82625	102.69875
15	5	94.8353333333333	100.652
14	6	93.6764285714285	98.2041666666666
13	7	92.7107692307692	95.6321428571429
12	8	91.6566666666666	93.40625
11	9	90.4	91.1872222222222
10	10	89.386	88.7340000000001
9	11	88.5411111111111	86.4490909090909
8	12	87.28625	84.0991666666667
7	13	86.2971428571428	81.6192307692308
6	14	85.0833333333333	79.2357142857143
5	15	84.218	76.9613333333333
4	16	83.105	74.505625
3	17	82.05	72.1029411764706
2	18	81.14	69.7416666666667
1	19	80	67.3852631578947
0	20	0	64.9455
