num_of_always_defect	num_of_Pavlov	average_fitness_of_always_defect	average_fitness_of_Pavlov
20	0	0	0
19	1	5.48421052631579	-49.855
18	2	10.9866666666667	-44.4925
17	3	16.4541176470588	-38.675
16	4	21.908125	-33.08625
15	5	27.2873333333333	-27.182
14	6	33.01	-21.4241666666667
13	7	38.4123076923077	-15.8928571428571
12	8	43.8833333333333	-9.845
11	9	49.3363636363636	-4.11222222222222
10	10	54.72	1.218
9	11	60.2944444444445	7.45227272727273
8	12	65.73875	12.9029166666667
7	13	71.4485714285714	18.4873076923077
6	14	76.6683333333333	24.4296428571428
5	15	82.102	30.017
4	16	87.7475	35.8659375
3	17	93.3	41.6764705882353
2	18	98.685	47.3594444444444
1	19	104.31	53.2881578947368
0	20	0	59.38175
