num_of_always_trembling	num_of_shame_driven_hiding	average_fitness_of_always_trembling	average_fitness_of_shame_driven_hiding
20	0	50.069	0
19	1	49.9068421052631	48.805
18	2	50.3030555555555	50.855
17	3	50.5814705882353	51.3683333333333
16	4	50.36125	52.875
15	5	50.4216666666667	54.202
14	6	50.6342857142857	55.2283333333333
13	7	50.6469230769231	56.82
12	8	50.8804166666667	57.653125
11	9	50.9	58.5961111111111
10	10	50.6755	60.0745
9	11	50.9555555555556	61.4554545454546
8	12	51.22	62.8958333333333
7	13	50.8278571428571	63.9003846153846
6	14	50.8433333333334	64.9964285714286
5	15	50.999	65.8883333333333
4	16	51.4325	66.4790625
3	17	50.825	65.6994117647059
2	18	51.5625	62.6725
1	19	51.67	56.8268421052632
0	20	0	46.648
