num_of_always_defect	num_of_shame_driven_denying	average_fitness_of_always_defect	average_fitness_of_shame_driven_denying
20	0	0	0
19	1	1	-9.5
18	2	2	-7.0625
17	3	3	-4.25833333333333
16	4	4	-1.37875
15	5	5	1.167
14	6	5.99785714285714	3.59
13	7	7	6.15428571428571
12	8	7.99916666666667	9.07875
11	9	8.99818181818182	11.5677777777778
10	10	9.999	14.2395
9	11	11	16.8040909090909
8	12	12	19.0245833333333
7	13	12.9985714285714	21.5988461538462
6	14	13.9983333333333	24.1517857142857
5	15	14.998	26.8816666666667
4	16	15.995	29.726875
3	17	17	32.3297058823529
2	18	18	34.9802777777778
1	19	19	37.4234210526316
0	20	0	39.94675
