num_of_always_defect	num_of_TFT_with_trembling_hand	average_fitness_of_always_defect	average_fitness_of_TFT_with_trembling_hand
20	0	0	0
19	1	1	-9.5
18	2	2	-5.5475
17	3	3	-1.71666666666667
16	4	3.999375	2.24125
15	5	4.99933333333333	6.191
14	6	5.99857142857143	10.0666666666667
13	7	7	13.9764285714286
12	8	8	17.900625
11	9	9	21.9922222222222
10	10	10	25.85
9	11	11	29.7340909090909
8	12	12	33.62
7	13	13	37.4742307692308
6	14	13.9983333333333	41.7135714285714
5	15	15	45.5023333333333
4	16	16	49.29
3	17	17	53.4655882352941
2	18	18	57.1916666666667
1	19	19	61.0152631578948
0	20	0	65.154
