num_of_always_cooperate	num_of_shame_driven_hiding	average_fitness_of_always_cooperate	average_fitness_of_shame_driven_hiding
20	0	100	0
19	1	99.3184210526316	119.135
18	2	98.6716666666667	119.0425
17	3	97.9588235294118	119.78
16	4	97.265	119.965
15	5	96.5053333333333	120.205
14	6	95.7678571428571	119.505
13	7	95.0176923076923	118.867857142857
12	8	94.1833333333334	117.5925
11	9	93.3645454545455	116.006666666667
10	10	92.542	113.7755
9	11	91.5422222222222	111.063181818182
8	12	90.56375	107.645
7	13	89.5714285714286	103.504615384615
6	14	88.5	98.8164285714286
5	15	87.294	93.1323333333333
4	16	86.08	86.39125
3	17	84.5733333333333	78.6670588235294
2	18	82.94	69.1763888888889
1	19	61.22	58.9913157894737
0	20	0	46.53475
