num_of_always_trembling	num_of_TFT_with_trembling_hand	average_fitness_of_always_trembling	average_fitness_of_TFT_with_trembling_hand
20	0	49.964	0
19	1	50.036052631579	47.91
18	2	50.265	49.2425
17	3	50.5864705882353	50.0466666666667
16	4	50.55125	50.89375
15	5	50.7963333333334	51.706
14	6	50.7839285714286	52.9133333333333
13	7	51.0530769230769	53.7178571428571
12	8	51.5033333333333	54.5025
11	9	51.6527272727273	55.6266666666666
10	10	51.5675	56.2945
9	11	51.7705555555555	57.1722727272727
8	12	51.951875	58.1045833333333
7	13	52.4507142857143	58.9757692307692
6	14	52.3933333333333	59.7710714285715
5	15	52.753	60.7973333333333
4	16	52.8725	61.4275
3	17	52.7483333333333	62.2638235294118
2	18	52.865	63.1244444444444
1	19	53.395	64.2336842105263
0	20	0	65.102
