num_of_always_cooperate	num_of_shame_driven_denying	average_fitness_of_always_cooperate	average_fitness_of_shame_driven_denying
20	0	100	0
19	1	95.3221052631579	145.38
18	2	90.515	139.45
17	3	85.9211764705882	132.865
16	4	81.546875	128.02
15	5	76.4513333333333	122.587
14	6	72.075	117.8075
13	7	67.3007692307692	112.011428571429
12	8	62.3908333333333	106.309375
11	9	57.0445454545455	101.251666666667
10	10	52.903	95.0705
9	11	48.1955555555556	89.3940909090909
8	12	44.04	84.2341666666667
7	13	38.9214285714286	78.65
6	14	33.9733333333333	73.02
5	15	29.124	67.4533333333334
4	16	25.275	62.368125
3	17	19.4766666666667	56.8608823529412
2	18	13.785	51.0983333333333
1	19	9.94	45.645
0	20	0	40.48975
