num_of_always_trembling	num_of_guilt_driven_amending	average_fitness_of_always_trembling	average_fitness_of_guilt_driven_amending
20	0	50.092	0
19	1	50.1597368421053	47.4
18	2	50.8722222222222	48.985
17	3	50.8482352941177	50.76
16	4	51.13125	52.87375
15	5	51.8376666666667	54.974
14	6	51.7425	56.9766666666667
13	7	52.2192307692308	58.9992857142857
12	8	52.27125	60.811875
11	9	52.9563636363636	62.88
10	10	53.1175	64.592
9	11	53.1111111111111	66.7718181818181
8	12	53.613125	68.705
7	13	53.8271428571429	70.5296153846154
6	14	54.6966666666667	72.4528571428571
5	15	54.436	74.6106666666666
4	16	54.46625	76.6171875
3	17	55.12	78.5011764705882
2	18	55.115	80.4127777777778
1	19	55.46	82.4118421052632
0	20	0	84.35525
