num_of_guilt_driven_amending	num_of_Pavlov	average_fitness_of_guilt_driven_amending	average_fitness_of_Pavlov
20	0	84.33325	0
19	1	83.0405263157894	56.82
18	2	81.6447222222222	57.2
17	3	80.4247058823529	56.5683333333334
16	4	79.01875	57.54125
15	5	77.7476666666666	57.493
14	6	76.4364285714286	57.7083333333333
13	7	75.0992307692308	57.8221428571429
12	8	73.9654166666667	58.3175
11	9	72.4522727272727	58.1483333333333
10	10	71.05	58.3225
9	11	69.7027777777778	58.4427272727273
8	12	68.636875	58.6591666666667
7	13	67.3128571428572	58.7480769230769
6	14	65.5875	58.955
5	15	64.664	58.9356666666666
4	16	63.275	59.0384375
3	17	62.915	58.9682352941176
2	18	60.845	58.8536111111111
1	19	59.335	59.1442105263158
0	20	0	59.11775
