num_of_shame_driven_denying	num_of_guilt_driven_amending	average_fitness_of_shame_driven_denying	average_fitness_of_guilt_driven_amending
20	0	40.22925	0
19	1	41.5557894736842	50.375
18	2	42.8263888888889	51.15
17	3	43.7629411764706	53.0966666666666
16	4	45.321875	55.13625
15	5	46.6443333333333	57.035
14	6	47.9328571428571	58.8816666666667
13	7	49.1426923076923	60.875
12	8	51.14875	62.344375
11	9	52.1572727272727	63.8383333333333
10	10	53.414	66.2975
9	11	54.6505555555555	67.8572727272727
8	12	55.77625	69.8479166666666
7	13	57.7985714285714	71.7030769230769
6	14	59.2591666666666	73.5225
5	15	60.313	75.0433333333333
4	16	62.55	77.201875
3	17	62.5183333333333	78.7826470588235
2	18	64.7	80.6963888888889
1	19	65.66	82.4115789473684
0	20	0	84.30025
