num_of_shame_driven_hiding	num_of_Pavlov	average_fitness_of_shame_driven_hiding	average_fitness_of_Pavlov
20	0	46.85	0
19	1	55.3952631578947	51.05
18	2	61.9072222222222	52.705
17	3	66.3741176470588	52.1766666666666
16	4	69.153125	53.49125
15	5	71.137	54.066
14	6	71.9710714285714	54.3058333333333
13	7	72.3792307692308	54.4878571428571
12	8	72.2829166666667	55.0975
11	9	72.1868181818182	55.7344444444444
10	10	72.3695	56.1845
9	11	72.17	56.2931818181818
8	12	72.12	56.59
7	13	71.5428571428572	56.9634615384615
6	14	72.3058333333334	57.0685714285714
5	15	71.3	58.0186666666667
4	16	71.065	58.2278125
3	17	71.3483333333333	58.5732352941176
2	18	70.92	58.8277777777777
1	19	70.265	59.1539473684211
0	20	0	59.35875
