num_of_shame_driven_denying	num_of_Pavlov	average_fitness_of_shame_driven_denying	average_fitness_of_Pavlov
20	0	39.85725	0
19	1	42.1705263157895	36.325
18	2	44.3897222222222	38.1875
17	3	46.8029411764706	38.7116666666667
16	4	48.7365625	40.4275
15	5	50.8573333333333	41.124
14	6	53.2646428571429	42.4708333333333
13	7	55.2203846153846	44.2878571428571
12	8	57.105	45.445625
11	9	59.5022727272727	46.6505555555556
10	10	61.4385	48.1345
9	11	63.5511111111111	49.3554545454546
8	12	65.553125	49.9904166666667
7	13	67.6685714285714	51.5023076923077
6	14	69.9325	52.5057142857143
5	15	72.069	53.5866666666667
4	16	74.335	54.5628125
3	17	76.9516666666667	55.6426470588235
2	18	78.705	57.1219444444444
1	19	81.265	58.1086842105263
0	20	0	59.18
