num_of_TFT_with_trembling_hand	num_of_Pavlov	average_fitness_of_TFT_with_trembling_hand	average_fitness_of_Pavlov
20	0	65.159	0
19	1	65.0615789473684	53.815
18	2	64.6891666666667	54.2325
17	3	65.0726470588235	54.495
16	4	64.8659375	54.93375
15	5	64.905	55.05
14	6	64.8153571428572	55.5675
13	7	64.7346153846154	55.9978571428571
12	8	64.6945833333333	56.3375
11	9	64.4481818181818	56.4872222222222
10	10	64.512	57.1535
9	11	64.8838888888889	56.9086363636364
8	12	64.480625	57.53625
7	13	64.2957142857143	57.7469230769231
6	14	64.23	57.9435714285714
5	15	64.259	58.1746666666667
4	16	63.98	58.6
3	17	64.4683333333333	58.5870588235294
2	18	63.85	59.0052777777778
1	19	64.54	58.8986842105263
0	20	0	59.17075
