num_of_TFT_with_trembling_hand	num_of_shame_driven_denying	average_fitness_of_TFT_with_trembling_hand	average_fitness_of_shame_driven_denying
20	0	65.1635	0
19	1	64.3436842105263	55.53
18	2	63.3486111111111	55.135
17	3	62.6414705882353	54.0883333333333
16	4	61.8390625	52.9625
15	5	60.7826666666667	52.702
14	6	60.2525	51.8925
13	7	59.4346153846154	50.5507142857143
12	8	58.6245833333333	49.703125
11	9	57.5886363636364	49.2277777777778
10	10	56.5825	48.147
9	11	56.4311111111111	47.5222727272727
8	12	55.14625	46.7070833333334
7	13	54.4535714285714	45.6761538461538
6	14	53.545	44.96
5	15	52.374	44.445
4	16	52.02375	43.37
3	17	51.53	42.5511764705882
2	18	50.1975	41.6227777777778
1	19	48.735	40.7186842105263
0	20	0	39.979
