num_of_TFT_with_trembling_hand	num_of_shame_driven_hiding	average_fitness_of_TFT_with_trembling_hand	average_fitness_of_shame_driven_hiding
20	0	65.02525	0
19	1	64.9552631578947	70.56
18	2	64.9583333333333	70.4475
17	3	64.8152941176471	70.205
16	4	64.7271875	70.2
15	5	64.7183333333333	69.961
14	6	64.5642857142857	70.1866666666666
13	7	64.7673076923077	70.0892857142857
12	8	64.5225	70.138125
11	9	64.1840909090909	69.7472222222222
10	10	64.2475	69.7225
9	11	64.2838888888889	69.4936363636364
8	12	64.36	69.3979166666667
7	13	64.2907142857143	69.4723076923077
6	14	64.1208333333333	69.1110714285714
5	15	64.132	68.635
4	16	63.99125	67.485625
3	17	63.6583333333333	66.4379411764706
2	18	63.74	63.4805555555556
1	19	63.55	57.7528947368421
0	20	0	46.535
