num_of_TFT_with_trembling_hand	num_of_guilt_driven_amending	average_fitness_of_TFT_with_trembling_hand	average_fitness_of_guilt_driven_amending
20	0	65.14975	0
19	1	65.7386842105263	69.21
18	2	66.2713888888889	69.5125
17	3	66.8532352941176	70.5133333333333
16	4	67.3453125	71.63375
15	5	67.996	72.265
14	6	68.7471428571428	72.9966666666666
13	7	69.3223076923077	73.9771428571428
12	8	69.8983333333333	74.8025
11	9	70.5245454545455	75.3766666666667
10	10	71.147	76.355
9	11	71.755	77.0277272727273
8	12	72.39875	77.9966666666667
7	13	72.8928571428571	78.6207692307692
6	14	73.6908333333333	79.3392857142857
5	15	73.97	80.3383333333333
4	16	74.555	81.14125
3	17	75.15	81.9897058823529
2	18	75.915	82.7577777777778
1	19	76.755	83.4986842105263
0	20	0	84.33275
