num_of_tit_for_tat	num_of_Pavlov	average_fitness_of_tit_for_tat	average_fitness_of_Pavlov
20	0	100	0
19	1	98.3028947368421	61.015
18	2	96.5208333333333	61.385
17	3	94.7591176470588	61.2316666666667
16	4	93.0428125	60.895
15	5	91.206	60.675
14	6	89.4810714285715	61.135
13	7	87.8565384615385	61.0514285714286
12	8	85.8845833333333	61.1625
11	9	84.2954545454545	60.7894444444445
10	10	82.344	60.2985
9	11	80.7733333333333	60.6690909090909
8	12	79.091875	60.39
7	13	77.39	60.0984615384615
6	14	75.7691666666667	60.0121428571428
5	15	73.763	60.2233333333333
4	16	72.4125	60.0971875
3	17	70.3983333333333	59.8211764705883
2	18	68.29	59.5858333333333
1	19	66.38	59.466052631579
0	20	0	59.12325
