num_of_tit_for_tat	num_of_guilt_driven_amending	average_fitness_of_tit_for_tat	average_fitness_of_guilt_driven_amending
20	0	100	0
19	1	99.4713157894736	92.635
18	2	98.9513888888889	92.27
17	3	98.4079411764706	91.51
16	4	97.858125	91.23375
15	5	97.3346666666667	90.876
14	6	96.8060714285714	90.3558333333333
13	7	96.2361538461539	89.9607142857143
12	8	95.7820833333333	89.588125
11	9	95.2795454545455	89.0455555555556
10	10	94.704	88.5725
9	11	94.0966666666667	88.2927272727273
8	12	93.61625	87.7375
7	13	93.0507142857143	87.3657692307692
6	14	92.5133333333333	86.8635714285714
5	15	92.061	86.4636666666667
4	16	91.5475	86.060625
3	17	91.0416666666667	85.6161764705882
2	18	90.49	85.2705555555556
1	19	90.03	84.7921052631579
0	20	0	84.36175
