num_of_tit_for_tat	num_of_shame_driven_hiding	average_fitness_of_tit_for_tat	average_fitness_of_shame_driven_hiding
20	0	100	0
19	1	99.3300000000001	99.835
18	2	98.6577777777778	98.5925
17	3	97.9417647058824	95.3233333333334
16	4	97.28375	92.6625
15	5	96.5233333333333	88.742
14	6	95.7857142857143	85.8966666666666
13	7	95.0138461538461	82.94
12	8	94.18	81.1275
11	9	93.3645454545454	77.9027777777778
10	10	92.491	74.321
9	11	91.6055555555555	72.1777272727273
8	12	90.59625	69.4670833333333
7	13	89.5214285714285	66.5823076923077
6	14	88.525	62.9246428571429
5	15	87.324	60.1316666666666
4	16	86.0625	57.7209375
3	17	84.5566666666667	55.1347058823529
2	18	82.995	52.1277777777778
1	19	72.58	49.3376315789473
0	20	0	46.52175
