num_of_tit_for_tat	num_of_shame_driven_denying	average_fitness_of_tit_for_tat	average_fitness_of_shame_driven_denying
20	0	100	0
19	1	97.3652631578947	67.485
18	2	94.6097222222222	65.815
17	3	91.9167647058823	64.565
16	4	89.3234375	63.74125
15	5	86.4996666666667	62.426
14	6	83.7842857142857	60.4366666666667
13	7	81.0730769230769	59.1621428571428
12	8	78.5095833333333	57.570625
11	9	75.6940909090909	55.9
10	10	72.842	54.6355
9	11	70.6472222222222	53.0295454545455
8	12	67.896875	51.6233333333333
7	13	65.2685714285714	50.475
6	14	62.3708333333333	48.8867857142857
5	15	59.622	47.311
4	16	56.59625	45.84375
3	17	54.525	44.6567647058824
2	18	51.9025	42.9205555555555
1	19	48.78	41.4976315789474
0	20	0	40.25375
