num_of_generous_TFT	num_of_shame_driven_hiding	average_fitness_of_generous_TFT	average_fitness_of_shame_driven_hiding
20	0	150	0
19	1	149.575789473684	152.5
18	2	149.167222222222	152.005
17	3	148.693529411765	151.62
16	4	148.28	151.2825
15	5	147.814	150.872
14	6	147.357142857143	150.413333333333
13	7	146.919230769231	149.944285714286
12	8	146.364166666667	149.48625
11	9	145.920909090909	148.884444444444
10	10	145.428	148.493
9	11	144.938888888889	148.094545454545
8	12	144.30125	147.575833333333
7	13	143.734285714286	146.951923076923
6	14	143.141666666667	146.305892857143
5	15	142.602	145.816833333333
4	16	142.1875	144.730625
3	17	141.37	143.494558823529
2	18	140.715	141.720833333333
1	19	140	138.785921052632
0	20	0	134.537875
