num_of_generous_TFT	num_of_shame_driven_denying	average_fitness_of_generous_TFT	average_fitness_of_shame_driven_denying
20	0	150	0
19	1	147.348421052632	152.0225
18	2	144.709027777778	148.34
17	3	141.982941176471	145.076666666667
16	4	139.33921875	141.78375
15	5	137.186166666667	138.543
14	6	134.340357142857	135.40375
13	7	131.301923076923	132.671785714286
12	8	129.005833333333	128.725
11	9	126.693409090909	125.96
10	10	123.45275	122.36675
9	11	121.197222222222	119.032045454545
8	12	119.020625	115.735208333333
7	13	115.439642857143	112.835384615385
6	14	112.792083333333	108.978928571429
5	15	110.9035	105.995333333333
4	16	107.82125	102.5203125
3	17	104.550833333333	99.6058823529412
2	18	102.90875	96.3084722222222
1	19	99.805	93.1630263157895
0	20	0	89.75075
