num_of_generous_TFT	num_of_shame_driven_denying	average_fitness_of_generous_TFT	average_fitness_of_shame_driven_denying
50	0	50	0
49	1	49.3567346938776	62.2
48	2	48.6713541666667	61.84875
47	3	48.0198404255319	61.0908333333333
46	4	47.3213586956521	60.526875
45	5	46.6798888888889	59.82
44	6	46.0168181818182	59.2270833333334
43	7	45.3491860465116	58.7907142857143
42	8	44.8056547619047	58.0890625
41	9	44.0740243902439	57.29
40	10	43.3953125	56.79125
39	11	42.7955128205128	56.0406818181818
38	12	42.0703947368421	55.4877083333333
37	13	41.5291216216216	54.8209615384615
36	14	40.821875	54.3651785714286
35	15	40.1559285714286	53.5958333333333
34	16	39.3538235294118	53.1971875
33	17	38.7529545454545	52.5898529411765
32	18	38.199375	51.9422222222222
31	19	37.4567741935484	51.2809210526316
30	20	36.8164166666667	50.486375
29	21	36.2843965517241	49.9707142857143
28	22	35.4889285714286	49.1754545454546
27	23	34.7462962962963	48.8776086956522
26	24	34.1752884615385	48.0683333333333
25	25	33.4561	47.4686
24	26	32.9575	46.7670192307692
23	27	32.1853260869565	46.2722222222222
22	28	31.4339772727273	45.4840178571428
21	29	31.1405952380952	44.9793965517242
20	30	30.45075	44.339
19	31	29.6957894736842	43.7549193548387
18	32	28.9054166666667	43.091015625
17	33	28.1889705882353	42.4426515151515
16	34	27.656875	41.8204411764706
15	35	26.9548333333333	41.1035714285714
14	36	26.3732142857143	40.5748611111111
13	37	25.7830769230769	40.0178378378378
12	38	24.9520833333333	39.3576315789474
11	39	24.3561363636364	38.7353846153846
10	40	23.674	38.12275
9	41	23.1111111111111	37.4042073170732
8	42	22.5178125	36.8030357142857
7	43	21.6810714285714	36.2114534883721
6	44	21.1454166666667	35.5552840909091
5	45	20.332	35.0097222222222
4	46	19.7825	34.3128260869565
3	47	19.3491666666667	33.731329787234
2	48	19.21125	33.101875
1	49	18.085	32.5011734693878
0	50	0	31.79565
