num_of_generous_TFT	num_of_guilt_driven_amending	average_fitness_of_generous_TFT	average_fitness_of_guilt_driven_amending
50	0	50	0
49	1	49.7817346938776	53.825
48	2	49.5644270833333	53.645
47	3	49.3406914893617	52.9616666666667
46	4	49.1032065217391	52.96125
45	5	48.8812222222222	52.746
44	6	48.6748863636364	52.5670833333333
43	7	48.4611046511628	52.1917857142857
42	8	48.2391666666667	51.91
41	9	48.0065243902439	51.7491666666666
40	10	47.805375	51.56375
39	11	47.5603846153846	51.3815909090909
38	12	47.3515131578947	50.9870833333333
37	13	47.157027027027	50.6792307692308
36	14	46.9429861111111	50.53375
35	15	46.66	50.4735
34	16	46.4552205882353	50.12578125
33	17	46.2022727272727	49.9964705882353
32	18	46.033203125	49.6776388888889
31	19	45.811935483871	49.4871052631579
30	20	45.5485833333334	49.32175
29	21	45.3943965517241	48.9817857142857
28	22	45.1999107142857	48.8804545454545
27	23	44.9372222222222	48.5775
26	24	44.6872115384615	48.3778125
25	25	44.4818	48.1641
24	26	44.2776041666667	47.9681730769231
23	27	44.0353260869565	47.7490740740741
22	28	43.8848863636364	47.449375
21	29	43.5541666666667	47.3217241379311
20	30	43.429625	47.1036666666667
19	31	43.1875	46.7551612903226
18	32	42.9493055555556	46.548515625
17	33	42.7395588235294	46.3562121212121
16	34	42.58015625	46.2038970588235
15	35	42.2721666666667	45.9539285714286
14	36	42.0569642857143	45.77
13	37	41.7473076923077	45.4927702702703
12	38	41.6379166666667	45.23
11	39	41.4556818181818	45.0302564102564
10	40	41.2105	44.873625
9	41	40.9433333333333	44.5608536585366
8	42	40.706875	44.3785119047619
7	43	40.6142857142857	44.1294767441861
6	44	40.2858333333333	43.8764204545455
5	45	40.13	43.6221666666667
4	46	39.889375	43.4577173913043
3	47	39.63	43.2522872340425
2	48	39.54625	42.9688541666667
1	49	39.2275	42.7794387755102
0	50	0	42.5945
