num_of_generous_TFT	num_of_Pavlov	average_fitness_of_generous_TFT	average_fitness_of_Pavlov
50	0	50	0
49	1	49.5277040816327	70.96
48	2	49.0172916666667	70.28
47	3	48.5483510638298	69.8333333333333
46	4	48.0408152173913	69.610625
45	5	47.6103888888889	68.7985
44	6	47.0926704545454	68.0770833333333
43	7	46.5890697674418	67.6096428571429
42	8	46.117380952381	67.270625
41	9	45.684756097561	66.4988888888889
40	10	45.210625	65.97925
39	11	44.6849358974359	65.1052272727273
38	12	44.2747368421053	64.9858333333333
37	13	43.7762837837838	64.3019230769231
36	14	43.2988888888889	63.8791071428572
35	15	42.8328571428571	63.3116666666667
34	16	42.3198529411765	63.06796875
33	17	41.7524242424243	62.2019117647059
32	18	41.380390625	61.6097222222222
31	19	40.9035483870968	61.1989473684211
30	20	40.3845	60.627125
29	21	39.9104310344828	60.202619047619
28	22	39.3821428571429	59.8646590909091
27	23	38.9662037037037	59.0085869565218
26	24	38.5551923076923	58.525
25	25	37.931	57.8463
24	26	37.5310416666667	57.3821153846154
23	27	36.9678260869565	56.7372222222222
22	28	36.4488636363636	56.2035714285714
21	29	36.0479761904762	55.9133620689655
20	30	35.45975	55.4118333333333
19	31	35.1605263157895	54.7982258064516
18	32	34.7086111111111	54.0671875
17	33	34.2098529411765	53.4975
16	34	33.6809375	52.756544117647
15	35	33.2215	52.6011428571428
14	36	32.7639285714286	51.9038888888889
13	37	32.4932692307692	51.1940540540541
12	38	31.7385416666667	51.0178947368421
11	39	31.3209090909091	50.451858974359
10	40	30.79925	49.69775
9	41	30.5125	49.1087804878049
8	42	29.85875	48.6121428571429
7	43	29.4392857142857	48.1126162790698
6	44	29.2008333333333	47.5890340909091
5	45	28.5395	47.0321666666667
4	46	27.9625	46.4539673913044
3	47	27.4575	45.9482978723404
2	48	26.97125	45.4325
1	49	26.665	44.7406122448979
0	50	0	44.2878
