num_of_always_defect	num_of_shame_driven_denying	average_fitness_of_always_defect	average_fitness_of_shame_driven_denying
100	0	0	0
99	1	0.860303030303029	-42.44
98	2	1.73683673469388	-41.39
97	3	2.59123711340206	-40.075
96	4	3.46625	-38.66375
95	5	4.31884210526316	-37.149
94	6	5.17829787234043	-35.79
93	7	6.05655913978494	-34.3371428571429
92	8	6.92434782608696	-33.075
91	9	7.80505494505494	-31.5844444444444
90	10	8.65222222222222	-30.2035
89	11	9.51516853932585	-28.7709090909091
88	12	10.3843181818182	-27.2833333333333
87	13	11.2685057471264	-25.9961538461538
86	14	12.1311627906977	-24.48
85	15	12.9667058823529	-23.1963333333333
84	16	13.8359523809524	-21.78125
83	17	14.7150602409639	-20.4008823529412
82	18	15.5834146341463	-18.8025
81	19	16.448024691358	-17.4623684210526
80	20	17.303625	-15.9855
79	21	18.2108860759494	-14.7376190476191
78	22	19.0646153846154	-13.1702272727273
77	23	19.9177922077922	-11.9686956521739
76	24	20.7823684210526	-10.3952083333333
75	25	21.6569333333333	-8.9358
74	26	22.5663513513514	-7.59288461538461
73	27	23.3535616438356	-6.00796296296296
72	28	24.2452777777778	-4.75446428571429
71	29	25.0922535211268	-3.23034482758621
70	30	25.964	-1.772
69	31	26.8749275362319	-0.453709677419355
68	32	27.7273529411765	0.9328125
67	33	28.5697014925373	2.38424242424242
66	34	29.4533333333333	3.90308823529412
65	35	30.3324615384616	5.20485714285714
64	36	31.21453125	6.52722222222222
63	37	32.0685714285714	7.96432432432432
62	38	32.9546774193549	9.25907894736842
61	39	33.8137704918033	10.9337179487179
60	40	34.6765	12.20325
59	41	35.5379661016949	13.7306097560976
58	42	36.3696551724138	15.0225
57	43	37.3050877192982	16.4570930232558
56	44	38.0528571428571	17.8518181818182
55	45	38.9583636363636	19.3013333333333
54	46	39.8514814814815	20.7116304347826
53	47	40.7030188679245	22.1213829787234
52	48	41.5815384615385	23.5975
51	49	42.4496078431372	24.8834693877551
50	50	43.2868	26.3187
49	51	44.1873469387755	27.8749019607843
48	52	45.024375	29.2203846153846
47	53	45.8817021276596	30.472641509434
46	54	46.8080434782608	31.9723148148148
45	55	47.6255555555556	33.4136363636363
44	56	48.5206818181818	34.8144642857143
43	57	49.3213953488372	36.2672807017544
42	58	50.2247619047619	37.7289655172414
41	59	51.0712195121951	39.0580508474576
40	60	52.002	40.479
39	61	52.8238461538462	41.9051639344262
38	62	53.7055263157895	43.2463709677419
37	63	54.5337837837838	44.8071428571429
36	64	55.3791666666666	46.20234375
35	65	56.2468571428571	47.6377692307692
34	66	57.1023529411765	48.9439393939394
33	67	58.0393939393939	50.5100746268657
32	68	58.84	51.9475735294118
31	69	59.7445161290322	53.242463768116
30	70	60.6636666666666	54.6392142857143
29	71	61.4934482758621	56.032676056338
28	72	62.2885714285714	57.5063888888889
27	73	63.2233333333333	58.8327397260274
26	74	64.0776923076923	60.3960135135135
25	75	65.002	61.7686
24	76	65.7958333333333	63.1861842105263
23	77	66.6986956521739	64.5479220779221
22	78	67.5340909090909	65.9876282051282
21	79	68.417619047619	67.3255696202532
20	80	69.297	68.8373125
19	81	70.2342105263158	70.1753086419753
18	82	70.9288888888889	71.6364024390244
17	83	71.8070588235294	72.9784939759036
16	84	72.650625	74.4258928571429
15	85	73.5546666666667	75.8827647058824
14	86	74.5107142857143	77.293488372093
13	87	75.2646153846154	78.6518965517242
12	88	76.1683333333334	80.0573295454546
11	89	77.0863636363636	81.4803370786517
10	90	77.839	82.8897222222222
9	91	78.8277777777778	84.3132967032967
8	92	79.63875	85.7306521739131
7	93	80.3942857142857	87.1639784946237
6	94	81.4716666666667	88.5679255319149
5	95	82.33	89.9317894736842
4	96	83.22	91.4210416666667
3	97	84.1133333333333	92.7778865979381
2	98	84.69	94.2277551020408
1	99	85.62	95.6316666666667
0	100	0	97.02895
