num_of_always_defect	num_of_guilt_driven_amending	average_fitness_of_always_defect	average_fitness_of_guilt_driven_amending
100	0	0	0
99	1	0.862828282828282	-42.88
98	2	1.72765306122449	-41.3875
97	3	2.59577319587629	-40.1533333333333
96	4	3.4578125	-38.5875
95	5	4.33473684210527	-37.242
94	6	5.19308510638298	-35.8233333333333
93	7	6.06225806451613	-34.3307142857143
92	8	6.93815217391304	-32.969375
91	9	7.78076923076923	-31.645
90	10	8.65233333333333	-29.9245
89	11	9.53707865168539	-28.5372727272727
88	12	10.3913636363636	-27.25375
87	13	11.2619540229885	-25.6911538461539
86	14	12.1339534883721	-24.4596428571429
85	15	12.9921176470588	-22.8923333333333
84	16	13.8630952380952	-21.5090625
83	17	14.6998795180723	-20.1961764705882
82	18	15.5963414634146	-18.6286111111111
81	19	16.4607407407407	-17.2505263157895
80	20	17.29375	-15.77125
79	21	18.1856962025317	-14.4111904761905
78	22	19.0616666666667	-12.7909090909091
77	23	19.9128571428571	-11.4960869565217
76	24	20.7563157894737	-10.2433333333333
75	25	21.6212	-8.6444
74	26	22.5124324324324	-7.25173076923077
73	27	23.3746575342466	-5.9012962962963
72	28	24.2283333333333	-4.28214285714286
71	29	25.1194366197183	-2.91362068965517
70	30	25.9772857142857	-1.45466666666667
69	31	26.8514492753623	-0.0398387096774193
68	32	27.7388235294118	1.2978125
67	33	28.564776119403	2.8930303030303
66	34	29.4689393939394	4.26073529411765
65	35	30.2784615384615	5.63628571428571
64	36	31.19078125	7.14097222222222
63	37	31.9695238095238	8.56054054054054
62	38	32.9388709677419	9.99894736842105
61	39	33.7711475409836	11.2821794871795
60	40	34.6438333333333	12.734125
59	41	35.5274576271187	14.325
58	42	36.3674137931035	15.7030952380952
57	43	37.2256140350877	17.1305813953488
56	44	38.1101785714286	18.5842045454545
55	45	38.9432727272727	19.9448888888889
54	46	39.7974074074074	21.3716304347826
53	47	40.6596226415094	22.6853191489362
52	48	41.5459615384615	24.3142708333333
51	49	42.4727450980392	25.725612244898
50	50	43.2618	27.0202
49	51	44.1357142857143	28.5716666666666
48	52	44.9758333333333	30.0164423076923
47	53	45.8565957446808	31.3784905660377
46	54	46.7217391304348	32.7638888888889
45	55	47.5891111111111	34.198
44	56	48.5036363636364	35.6095535714286
43	57	49.3979069767442	37.0381578947368
42	58	50.2495238095238	38.4590517241379
41	59	51.1482926829268	39.9481355932203
40	60	51.9005	41.3541666666667
39	61	52.8423076923077	42.789262295082
38	62	53.64	44.1763709677419
37	63	54.6008108108108	45.5402380952381
36	64	55.4225	47.06296875
35	65	56.2808571428571	48.5053846153846
34	66	57.1029411764706	49.8526515151515
33	67	58.020303030303	51.3141044776119
32	68	58.8403125	52.6551470588235
31	69	59.7093548387097	54.1071014492753
30	70	60.5783333333333	55.6400714285714
29	71	61.5710344827586	56.992323943662
28	72	62.2839285714286	58.4815972222222
27	73	63.3314814814815	59.9734246575342
26	74	64.1676923076923	61.3907432432432
25	75	64.846	62.7860666666666
24	76	65.9016666666667	64.1644078947369
23	77	66.6717391304348	65.5957142857143
22	78	67.5504545454545	66.9903205128205
21	79	68.3523809523809	68.4691772151899
20	80	69.264	69.8955
19	81	70.13	71.3063580246913
18	82	71.1372222222222	72.7568292682927
17	83	71.8464705882353	74.2302409638554
16	84	72.665625	75.5675
15	85	73.5853333333333	76.9775882352941
14	86	74.5378571428572	78.4159302325582
13	87	75.3276923076923	79.9301149425287
12	88	76.1708333333334	81.3139772727273
11	89	77.0754545454545	82.726797752809
10	90	77.97	84.1926666666667
9	91	78.7411111111111	85.6008241758241
8	92	79.49125	87.0252717391305
7	93	80.5128571428571	88.4528494623656
6	94	81.5683333333333	89.8551063829788
5	95	81.988	91.3353157894737
4	96	83.3325	92.7836979166667
3	97	84.0466666666667	94.1634020618557
2	98	85.1	95.5940816326531
1	99	85.67	97.0155555555556
0	100	0	98.4538
