num_of_always_cooperate	num_of_tit_for_tat	average_fitness_of_always_cooperate	average_fitness_of_tit_for_tat
100	0	100	0
99	1	100	100
98	2	100	100
97	3	100	100
96	4	100	100
95	5	100	100
94	6	100	100
93	7	100	100
92	8	100	100
91	9	100	100
90	10	100	100
89	11	100	100
88	12	100	100
87	13	100	100
86	14	100	100
85	15	100	100
84	16	100	100
83	17	100	100
82	18	100	100
81	19	100	100
80	20	100	100
79	21	100	100
78	22	100	100
77	23	100	100
76	24	100	100
75	25	100	100
74	26	100	100
73	27	100	100
72	28	100	100
71	29	100	100
70	30	100	100
69	31	100	100
68	32	100	100
67	33	100	100
66	34	100	100
65	35	100	100
64	36	100	100
63	37	100	100
62	38	100	100
61	39	100	100
60	40	100	100
59	41	100	100
58	42	100	100
57	43	100	100
56	44	100	100
55	45	100	100
54	46	100	100
53	47	100	100
52	48	100	100
51	49	100	100
50	50	100	100
49	51	100	100
48	52	100	100
47	53	100	100
46	54	100	100
45	55	100	100
44	56	100	100
43	57	100	100
42	58	100	100
41	59	100	100
40	60	100	100
39	61	100	100
38	62	100	100
37	63	100	100
36	64	100	100
35	65	100	100
34	66	100	100
33	67	100	100
32	68	100	100
31	69	100	100
30	70	100	100
29	71	100	100
28	72	100	100
27	73	100	100
26	74	100	100
25	75	100	100
24	76	100	100
23	77	100	100
22	78	100	100
21	79	100	100
20	80	100	100
19	81	100	100
18	82	100	100
17	83	100	100
16	84	100	100
15	85	100	100
14	86	100	100
13	87	100	100
12	88	100	100
11	89	100	100
10	90	100	100
9	91	100	100
8	92	100	100
7	93	100	100
6	94	100	100
5	95	100	100
4	96	100	100
3	97	100	100
2	98	100	100
1	99	100	100
0	100	0	100
