num_of_always_cooperate	num_of_guilt_driven_amending	average_fitness_of_always_cooperate	average_fitness_of_guilt_driven_amending
100	0	100	0
99	1	99.9810101010101	101
98	2	99.9556122448978	100.98
97	3	99.9364948453608	100.958333333333
96	4	99.9152083333334	100.90875
95	5	99.9002105263157	100.899
94	6	99.873829787234	100.878333333333
93	7	99.857311827957	100.845714285714
92	8	99.8455434782608	100.811875
91	9	99.8154945054945	100.801111111111
90	10	99.7963333333333	100.771
89	11	99.785617977528	100.74
88	12	99.7523863636363	100.70875
87	13	99.7305747126437	100.700384615385
86	14	99.7198837209302	100.67
85	15	99.6935294117648	100.612
84	16	99.6666666666666	100.621875
83	17	99.6544578313253	100.580882352941
82	18	99.6385365853659	100.562222222222
81	19	99.616049382716	100.529736842105
80	20	99.604	100.5065
79	21	99.5756962025317	100.526904761905
78	22	99.565	100.474772727273
77	23	99.5367532467532	100.432173913044
76	24	99.498552631579	100.37625
75	25	99.4865333333333	100.3772
74	26	99.4839189189189	100.363846153846
73	27	99.4641095890411	100.325
72	28	99.4390277777778	100.285714285714
71	29	99.430985915493	100.273275862069
70	30	99.3917142857143	100.248666666667
69	31	99.385652173913	100.224193548387
68	32	99.3508823529412	100.21
67	33	99.3423880597015	100.172272727273
66	34	99.3012121212121	100.156323529412
65	35	99.3004615384615	100.125428571429
64	36	99.2690625	100.1
63	37	99.2669841269842	100.071621621622
62	38	99.2340322580645	100.049342105263
61	39	99.2190163934426	100.032564102564
60	40	99.196	99.990125
59	41	99.1694915254237	99.9667073170732
58	42	99.141724137931	99.9352380952381
57	43	99.1382456140351	99.9238372093023
56	44	99.1324999999999	99.8961363636363
55	45	99.1029090909091	99.8565555555555
54	46	99.0814814814815	99.8383695652174
53	47	99.0592452830189	99.8060638297872
52	48	99.0350000000001	99.7769791666667
51	49	99.0013725490196	99.7627551020408
50	50	98.9822	99.7331
49	51	98.9687755102041	99.6906862745098
48	52	98.9439583333333	99.6911538461539
47	53	98.9293617021277	99.6667924528302
46	54	98.9217391304348	99.6401851851852
45	55	98.8842222222222	99.6271818181818
44	56	98.875	99.5972321428572
43	57	98.8574418604651	99.5570175438597
42	58	98.8264285714286	99.5210344827586
41	59	98.8087804878049	99.5186440677966
40	60	98.792	99.49175
39	61	98.7658974358975	99.4458196721312
38	62	98.7723684210526	99.4307258064516
37	63	98.71	99.3765873015873
36	64	98.7122222222222	99.37390625
35	65	98.6917142857143	99.3400769230769
34	66	98.6488235294118	99.3252272727272
33	67	98.649393939394	99.3158208955224
32	68	98.6459375	99.2782352941176
31	69	98.6035483870969	99.2557971014493
30	70	98.5683333333333	99.2132857142858
29	71	98.5510344827587	99.2002816901409
28	72	98.5396428571429	99.149375
27	73	98.5203703703704	99.1389726027397
26	74	98.5211538461538	99.1191216216216
25	75	98.478	99.1064
24	76	98.4608333333334	99.068947368421
23	77	98.4478260869566	99.0394805194805
22	78	98.4240909090909	99.0173717948718
21	79	98.405238095238	98.9873417721519
20	80	98.3605	98.9485625
19	81	98.38	98.9422222222222
18	82	98.3544444444445	98.9164024390244
17	83	98.3270588235294	98.8877710843373
16	84	98.319375	98.8782738095238
15	85	98.2873333333333	98.8445294117647
14	86	98.2635714285715	98.8068023255814
13	87	98.2630769230769	98.7704022988506
12	88	98.245	98.7559090909091
11	89	98.2072727272727	98.7205617977527
10	90	98.176	98.6973888888888
9	91	98.1622222222223	98.6703846153846
8	92	98.1275	98.6318478260869
7	93	98.1214285714286	98.6325268817205
6	94	98.125	98.6182446808511
5	95	98.078	98.5799473684211
4	96	98.0675	98.5597395833334
3	97	98.05	98.5292783505155
2	98	98.065	98.505
1	99	98	98.4715151515152
0	100	0	98.45005
