num_of_always_defect	num_of_always_trembling	average_fitness_of_always_defect	average_fitness_of_always_trembling
100	0	0	0
99	1	1.01424242424242	-49.985
98	2	2.05030612244898	-48.9875
97	3	3.04958762886598	-47.9033333333334
96	4	4.039375	-46.86
95	5	5.05473684210526	-45.69
94	6	6.08957446808511	-45.1425
93	7	7.13451612903226	-43.9728571428571
92	8	8.1225	-42.7725
91	9	9.12032967032967	-41.7711111111111
90	10	10.063	-40.932
89	11	11.1393258426966	-39.8981818181818
88	12	12.1689772727273	-38.9158333333333
87	13	13.0811494252874	-37.7884615384615
86	14	14.1861627906977	-36.9842857142857
85	15	15.1890588235294	-35.8966666666667
84	16	16.1072619047619	-34.6321875
83	17	17.149156626506	-33.8611764705882
82	18	18.0685365853659	-32.6816666666667
81	19	19.1769135802469	-31.5928947368421
80	20	20.0895	-30.76675
79	21	21.2708860759494	-29.7742857142857
78	22	22.2174358974359	-28.7515909090909
77	23	23.2054545454545	-27.79
76	24	24.2151315789474	-26.669375
75	25	25.1776	-25.6538
74	26	26.322972972973	-24.7432692307692
73	27	27.2565753424658	-23.6083333333333
72	28	28.2409722222222	-22.7517857142857
71	29	29.2143661971831	-21.6256896551724
70	30	30.2675714285714	-20.6648333333333
69	31	31.3352173913043	-19.7193548387097
68	32	32.3682352941177	-18.5140625
67	33	33.4401492537313	-17.685303030303
66	34	34.4107575757576	-16.6008823529412
65	35	35.2921538461538	-15.5561428571429
64	36	36.23890625	-14.6191666666667
63	37	37.3847619047619	-13.4983783783784
62	38	38.3659677419355	-12.5328947368421
61	39	39.2729508196721	-11.3435897435897
60	40	40.3455	-10.7115
59	41	41.5215254237288	-9.71621951219512
58	42	42.4205172413793	-8.8047619047619
57	43	43.419298245614	-7.53883720930232
56	44	44.4269642857143	-6.55181818181818
55	45	45.4132727272727	-5.42633333333333
54	46	46.3464814814815	-4.53923913043478
53	47	47.5390566037736	-3.47521276595745
52	48	48.3888461538462	-2.63135416666667
51	49	49.5674509803922	-1.6130612244898
50	50	50.429	-0.4505
49	51	51.5144897959184	0.574509803921569
48	52	52.60375	1.6
47	53	53.6034042553191	2.42216981132075
46	54	54.5958695652174	3.39324074074074
45	55	55.5295555555556	4.632
44	56	56.7490909090909	5.42866071428571
43	57	57.5376744186046	6.39570175438597
42	58	58.7516666666667	7.71577586206896
41	59	59.629512195122	8.59398305084746
40	60	60.6445	9.50475
39	61	61.6810256410256	10.6194262295082
38	62	62.7055263157895	11.5924193548387
37	63	63.8859459459459	12.5171428571429
36	64	64.5955555555556	13.59625
35	65	65.8868571428571	14.5000769230769
34	66	66.4797058823529	15.6397727272727
33	67	67.8063636363636	16.6897014925373
32	68	68.89125	17.7507352941177
31	69	69.7193548387097	18.5904347826087
30	70	70.5986666666667	19.7473571428571
29	71	71.6872413793104	20.6167605633803
28	72	72.8035714285714	21.6921527777778
27	73	73.8248148148148	22.7661643835616
26	74	74.8669230769231	23.8824324324324
25	75	75.8484	24.7428
24	76	76.6054166666667	25.7036842105263
23	77	77.8473913043478	26.873051948052
22	78	78.8709090909091	27.6876923076923
21	79	80.0242857142857	28.7946202531646
20	80	80.5985	29.7354375
19	81	82.1231578947368	30.8978395061728
18	82	82.6072222222222	31.7916463414634
17	83	83.8752941176471	32.8590963855422
16	84	84.74	33.8078571428572
15	85	85.7646666666667	34.8970588235294
14	86	86.6171428571429	35.8975581395349
13	87	87.5084615384615	36.8152873563218
12	88	89.1541666666667	37.8405681818182
11	89	89.5027272727273	38.8917415730337
10	90	91.129	39.9184444444444
9	91	91.7866666666667	40.8907692307692
8	92	92.735	41.8536413043478
7	93	94.0485714285715	42.8060215053763
6	94	94.8866666666666	44.0244680851064
5	95	95.792	44.9808421052632
4	96	97.115	45.9680208333333
3	97	98.02	47.0627835051546
2	98	99.2	47.9206632653061
1	99	101.77	48.9280303030303
0	100	0	50.09225
