num_of_always_cooperate	num_of_TFT_with_trembling_hand	average_fitness_of_always_cooperate	average_fitness_of_TFT_with_trembling_hand
100	0	100	0
99	1	99.9802020202021	101
98	2	99.9597959183672	100.9875
97	3	99.9406185567011	100.938333333333
96	4	99.9161458333333	100.91375
95	5	99.9007368421052	100.888
94	6	99.8796808510638	100.8825
93	7	99.856559139785	100.816428571429
92	8	99.8366304347826	100.80125
91	9	99.8076923076923	100.763888888889
90	10	99.804	100.7095
89	11	99.7755056179775	100.729545454545
88	12	99.7655681818182	100.688333333333
87	13	99.7502298850574	100.642692307692
86	14	99.7131395348837	100.61
85	15	99.6936470588236	100.548
84	16	99.6763095238095	100.5328125
83	17	99.65	100.529705882353
82	18	99.63	100.497222222222
81	19	99.6159259259259	100.445263157895
80	20	99.60375	100.46925
79	21	99.5598734177216	100.42119047619
78	22	99.5423076923077	100.371363636364
77	23	99.5397402597402	100.322608695652
76	24	99.5017105263159	100.307291666667
75	25	99.496	100.2782
74	26	99.4781081081082	100.259038461538
73	27	99.4531506849315	100.182592592593
72	28	99.4338888888889	100.200357142857
71	29	99.4157746478874	100.187413793103
70	30	99.3878571428571	100.132166666667
69	31	99.3734782608695	100.106612903226
68	32	99.3561764705883	100.0928125
67	33	99.3350746268657	100.020757575758
66	34	99.3037878787879	100.007941176471
65	35	99.3046153846153	99.9748571428571
64	36	99.26921875	99.9498611111111
63	37	99.2584126984127	99.9289189189189
62	38	99.2516129032258	99.8842105263157
61	39	99.2195081967213	99.8337179487179
60	40	99.1978333333334	99.843375
59	41	99.1847457627118	99.8070731707317
58	42	99.1593103448276	99.7536904761905
57	43	99.1363157894737	99.7312790697674
56	44	99.1185714285714	99.7085227272727
55	45	99.09	99.6865555555555
54	46	99.0698148148148	99.66
53	47	99.0415094339623	99.5909574468085
52	48	99.03	99.5860416666667
51	49	99.0150980392157	99.5501020408163
50	50	98.986	99.516
49	51	98.9595918367347	99.4860784313726
48	52	98.9491666666667	99.4742307692308
47	53	98.9327659574468	99.3989622641509
46	54	98.8982608695652	99.4061111111111
45	55	98.8984444444445	99.3530909090909
44	56	98.8570454545455	99.3533928571429
43	57	98.853488372093	99.3158771929824
42	58	98.8288095238095	99.2974137931034
41	59	98.8243902439025	99.2764406779661
40	60	98.80175	99.2185
39	61	98.7689743589744	99.1893442622951
38	62	98.7528947368421	99.1654032258065
37	63	98.7289189189189	99.1365873015873
36	64	98.7008333333333	99.10453125
35	65	98.6954285714286	99.0568461538461
34	66	98.6570588235295	99.037803030303
33	67	98.6475757575758	99.0192537313433
32	68	98.61125	99.0052941176471
31	69	98.5951612903227	98.9526086956521
30	70	98.601	98.9314285714286
29	71	98.5537931034484	98.8839436619718
28	72	98.5653571428572	98.8684027777778
27	73	98.5218518518518	98.8488356164383
26	74	98.5192307692308	98.7922972972973
25	75	98.4688	98.7871333333333
24	76	98.4816666666667	98.7444736842106
23	77	98.4334782608696	98.7181818181819
22	78	98.44	98.6682692307692
21	79	98.4157142857143	98.6465189873418
20	80	98.3990000000001	98.62275
19	81	98.3463157894737	98.5851234567901
18	82	98.3638888888889	98.5725
17	83	98.3235294117646	98.5535542168675
16	84	98.32	98.5158333333334
15	85	98.2853333333333	98.4975294117647
14	86	98.2635714285714	98.4490697674419
13	87	98.2346153846153	98.416091954023
12	88	98.1966666666667	98.3863636363636
11	89	98.1827272727272	98.3499438202247
10	90	98.182	98.323
9	91	98.1600000000001	98.3104945054946
8	92	98.1125	98.2501086956522
7	93	98.1128571428571	98.2367204301075
6	94	98.0966666666667	98.2092553191489
5	95	98.074	98.1823684210527
4	96	98.055	98.1424479166667
3	97	98.0433333333333	98.1193298969073
2	98	98.02	98.1053571428571
1	99	98	98.0481313131313
0	100	0	98.0163
