num_of_always_trembling	num_of_guilt_driven_amending	average_fitness_of_always_trembling	average_fitness_of_guilt_driven_amending
100	0	50.02335	0
99	1	50.3873737373738	28.84
98	2	50.9632142857143	29.245
97	3	51.2173195876289	30.1383333333333
96	4	51.7596354166667	31.21125
95	5	52.2356315789474	31.681
94	6	52.5295212765957	32.1475
93	7	52.9285483870968	33.25
92	8	53.3339130434783	33.814375
91	9	53.879010989011	34.6761111111111
90	10	54.1939444444444	35.2605
89	11	54.6419662921348	35.9709090909091
88	12	55.0627272727273	36.3725
87	13	55.4885057471264	37.3319230769231
86	14	56.085523255814	37.9775
85	15	56.4130588235294	38.8863333333333
84	16	56.7614880952381	39.4015625
83	17	57.2872289156627	40.2555882352941
82	18	57.6492073170732	41.0497222222222
81	19	58.0604320987654	41.6860526315789
80	20	58.504	42.18675
79	21	58.8451265822785	42.9219047619048
78	22	59.4545512820513	43.5120454545455
77	23	59.6912337662338	44.3313043478261
76	24	60.1674342105263	45.0597916666667
75	25	60.6211333333333	45.826
74	26	61.1893918918919	46.4007692307692
73	27	61.296095890411	47.0664814814815
72	28	61.7520833333334	47.7760714285714
71	29	62.3716901408451	48.6881034482759
70	30	62.7315714285714	49.2748333333333
69	31	63.1715942028985	49.98
68	32	63.7005882352941	50.7025
67	33	64.0185074626866	51.4968181818182
66	34	64.4842424242424	52.1785294117647
65	35	64.9363846153846	52.8222857142857
64	36	65.3325	53.6226388888889
63	37	65.6014285714286	54.2945945945946
62	38	66.216370967742	54.9280263157895
61	39	66.6488524590164	55.6241025641026
60	40	66.95425	56.33525
59	41	67.3673728813559	57.0962195121951
58	42	67.8076724137931	57.6241666666667
57	43	68.3474561403509	58.4277906976744
56	44	68.7090178571428	59.0373863636364
55	45	69.1632727272727	59.9265555555555
54	46	69.6990740740741	60.4290217391304
53	47	70.0852830188679	61.1770212765958
52	48	70.3956730769231	62.061875
51	49	70.9169607843137	62.6772448979592
50	50	71.3335	63.2999
49	51	71.7838775510204	64.061568627451
48	52	72.0625	64.8368269230769
47	53	72.5304255319149	65.5187735849057
46	54	72.9265217391305	66.0572222222222
45	55	73.4935555555556	66.9027272727273
44	56	73.9371590909091	67.5965178571429
43	57	74.2933720930233	68.2982456140351
42	58	74.5545238095238	69.0337068965517
41	59	75.1614634146342	69.6238983050848
40	60	75.456125	70.3496666666667
39	61	75.8846153846154	71.0305737704918
38	62	76.2430263157895	71.8209677419355
37	63	76.8148648648649	72.4803174603175
36	64	77.1984722222223	73.155390625
35	65	77.647	73.8546153846154
34	66	78.0301470588235	74.6391666666667
33	67	78.3730303030303	75.3214925373135
32	68	79.07921875	75.9850735294118
31	69	79.2174193548387	76.5971739130435
30	70	79.7573333333333	77.4337142857143
29	71	80.1991379310344	78.0277464788732
28	72	80.8332142857143	78.8021527777778
27	73	81.1205555555555	79.5712328767123
26	74	81.5155769230769	80.2212837837838
25	75	81.9662	80.9456
24	76	82.2027083333334	81.5875657894737
23	77	82.7834782608696	82.3482467532467
22	78	83.1956818181818	82.9264743589744
21	79	83.5330952380952	83.6943037974683
20	80	84.0965	84.37025
19	81	84.3428947368421	85.1118518518519
18	82	84.97	85.8267682926829
17	83	85.4194117647059	86.5396385542169
16	84	85.6309375	87.2000595238095
15	85	86.1876666666667	87.9498823529411
14	86	86.7503571428571	88.6325
13	87	86.9915384615385	89.338275862069
12	88	87.5120833333333	89.993409090909
11	89	87.9063636363637	90.7202808988764
10	90	88.4475	91.4532777777778
9	91	88.9972222222222	92.1563736263736
8	92	89.111875	92.834347826087
7	93	89.515	93.5143010752688
6	94	90.1258333333333	94.2198404255319
5	95	90.424	94.9567368421053
4	96	90.84125	95.6447916666667
3	97	91.3933333333333	96.350618556701
2	98	91.6	97.0433163265305
1	99	92.4	97.7358585858586
0	100	0	98.441
