num_of_always_cooperate	num_of_shame_driven_denying	average_fitness_of_always_cooperate	average_fitness_of_shame_driven_denying
100	0	100	0
99	1	99.9636363636364	102.015
98	2	99.9140816326531	101.8775
97	3	99.8676288659794	101.9
96	4	99.8376041666666	101.84625
95	5	99.8115789473684	101.743
94	6	99.7575531914894	101.650833333333
93	7	99.7208602150538	101.681428571429
92	8	99.6825	101.70875
91	9	99.6423076923077	101.598888888889
90	10	99.5996666666667	101.6085
89	11	99.5669662921348	101.522727272727
88	12	99.5294318181818	101.442916666667
87	13	99.4881609195402	101.440769230769
86	14	99.4324418604651	101.371071428571
85	15	99.3839999999999	101.291666666667
84	16	99.3552380952381	101.27
83	17	99.3472289156626	101.157941176471
82	18	99.2552439024391	101.145
81	19	99.2176543209877	101.158157894737
80	20	99.20725	101.08975
79	21	99.1649367088607	100.994761904762
78	22	99.1099999999999	100.905227272727
77	23	99.0744155844156	100.936739130435
76	24	99.0425	100.8575
75	25	98.9829333333333	100.7998
74	26	98.9316216216217	100.736923076923
73	27	98.8983561643836	100.710740740741
72	28	98.8947222222222	100.580178571429
71	29	98.8022535211268	100.626206896552
70	30	98.8098571428572	100.568166666667
69	31	98.7285507246376	100.451129032258
68	32	98.7273529411765	100.42328125
67	33	98.6632835820896	100.385303030303
66	34	98.644696969697	100.343088235294
65	35	98.6015384615385	100.324857142857
64	36	98.5228125	100.247638888889
63	37	98.4971428571429	100.230810810811
62	38	98.4870967741935	100.206184210526
61	39	98.4670491803278	100.070256410256
60	40	98.3995	100.09475
59	41	98.323220338983	100.005975609756
58	42	98.2874137931035	99.925119047619
57	43	98.2705263157895	99.9179069767442
56	44	98.2207142857143	99.8554545454545
55	45	98.1896363636363	99.8112222222222
54	46	98.1361111111111	99.7436956521739
53	47	98.0920754716981	99.6744680851064
52	48	98.0523076923077	99.6184375
51	49	98.0325490196079	99.6215306122449
50	50	98.0208	99.5503
49	51	97.9877551020408	99.5063725490197
48	52	97.8791666666667	99.4548076923077
47	53	97.9180851063829	99.4043396226415
46	54	97.7893478260869	99.3316666666667
45	55	97.7813333333334	99.3200909090909
44	56	97.765	99.2457142857143
43	57	97.7632558139535	99.2002631578947
42	58	97.6033333333333	99.1589655172414
41	59	97.7121951219513	99.084406779661
40	60	97.5414999999999	99.0424166666666
39	61	97.5689743589743	98.9509016393443
38	62	97.48	98.9481451612903
37	63	97.4494594594595	98.8938095238096
36	64	97.3788888888889	98.86859375
35	65	97.3662857142857	98.7783076923077
34	66	97.3608823529412	98.7766666666667
33	67	97.3248484848485	98.6772388059701
32	68	97.21	98.6143382352941
31	69	97.2129032258064	98.5953623188406
30	70	97.1843333333333	98.5220714285715
29	71	97.1727586206896	98.4970422535211
28	72	97.1421428571428	98.4502083333333
27	73	96.9914814814815	98.3613698630137
26	74	96.985	98.3452702702703
25	75	96.9908	98.2859333333333
24	76	96.9004166666666	98.2559210526316
23	77	96.8434782608695	98.2465584415585
22	78	96.8177272727273	98.1172435897436
21	79	96.8280952380952	98.0822151898734
20	80	96.752	98.0315625
19	81	96.8221052631579	97.9882098765432
18	82	96.7055555555556	97.9365243902439
17	83	96.7329411764706	97.8783132530121
16	84	96.613125	97.8305357142857
15	85	96.5613333333333	97.8181176470588
14	86	96.5342857142857	97.7380813953488
13	87	96.5307692307693	97.7087931034483
12	88	96.4366666666667	97.6352840909091
11	89	96.4681818181818	97.5906741573033
10	90	96.3159999999999	97.5305
9	91	96.2822222222222	97.4793406593407
8	92	96.20375	97.4508152173913
7	93	96.1657142857143	97.3854301075268
6	94	96.2833333333333	97.3223936170213
5	95	96.08	97.2887368421053
4	96	96.1675	97.2417708333333
3	97	96.08	97.1936082474227
2	98	96.14	97.1538775510204
1	99	96.27	97.1043434343434
0	100	0	97.0713
