num_of_always_defect	num_of_TFT_with_trembling_hand	average_fitness_of_always_defect	average_fitness_of_TFT_with_trembling_hand
100	0	0	0
99	1	0.868484848484848	-42.78
98	2	1.73428571428571	-41.5625
97	3	2.60092783505155	-40.0533333333333
96	4	3.47604166666667	-38.68
95	5	4.3258947368421	-37.384
94	6	5.19063829787234	-35.8383333333333
93	7	6.06913978494624	-34.3907142857143
92	8	6.91771739130434	-32.93625
91	9	7.78340659340659	-31.62
90	10	8.65611111111111	-30.171
89	11	9.52494382022472	-28.6440909090909
88	12	10.3776136363636	-27.2733333333333
87	13	11.2468965517241	-25.7326923076923
86	14	12.1193023255814	-24.2978571428571
85	15	12.9854117647059	-22.9413333333333
84	16	13.8653571428571	-21.594375
83	17	14.7339759036145	-20.0405882352941
82	18	15.6156097560976	-18.6436111111111
81	19	16.4624691358025	-17.3710526315789
80	20	17.336875	-15.86675
79	21	18.183417721519	-14.3604761904762
78	22	19.0341025641026	-12.9547727272727
77	23	19.9253246753247	-11.499347826087
76	24	20.7747368421053	-10.0897916666667
75	25	21.6930666666667	-8.7878
74	26	22.497972972973	-7.38865384615384
73	27	23.3887671232877	-5.87648148148148
72	28	24.2431944444444	-4.34178571428571
71	29	25.0930985915493	-2.99379310344828
70	30	25.9977142857143	-1.4215
69	31	26.8586956521739	-0.286451612903226
68	32	27.7538235294118	1.2359375
67	33	28.5870149253731	2.62727272727273
66	34	29.4265151515152	4.13
65	35	30.3083076923077	5.53214285714286
64	36	31.18015625	6.95583333333333
63	37	32.0266666666667	8.40689189189189
62	38	32.8685483870968	9.80223684210526
61	39	33.7855737704918	11.1910256410256
60	40	34.6306666666667	12.597
59	41	35.5161016949153	14.0264634146341
58	42	36.3737931034483	15.4522619047619
57	43	37.3024561403509	16.823023255814
56	44	38.1344642857143	18.3129545454545
55	45	38.9756363636364	19.761
54	46	39.8472222222222	21.1860869565217
53	47	40.697358490566	22.653085106383
52	48	41.5492307692308	24.0972916666667
51	49	42.4176470588235	25.4676530612245
50	50	43.2592	26.9163
49	51	44.165306122449	28.3508823529412
48	52	45.0160416666667	29.785
47	53	45.8870212765957	31.3037735849056
46	54	46.7541304347826	32.5719444444445
45	55	47.6311111111111	33.9979090909091
44	56	48.5211363636364	35.4116071428571
43	57	49.3920930232558	36.7860526315789
42	58	50.2057142857143	38.1695689655172
41	59	51.1041463414634	39.570593220339
40	60	51.95075	41.2135833333333
39	61	52.8348717948718	42.5009836065574
38	62	53.7344736842105	43.8872580645161
37	63	54.6281081081081	45.3372222222222
36	64	55.3658333333333	46.760703125
35	65	56.2925714285714	48.2622307692308
34	66	57.1602941176471	49.6622727272727
33	67	58.0412121212121	51.030223880597
32	68	58.9475	52.5099264705882
31	69	59.7874193548387	53.9422463768116
30	70	60.5866666666667	55.2767857142857
29	71	61.4693103448276	56.7692957746479
28	72	62.4782142857143	58.2180555555555
27	73	63.1925925925926	59.6543150684932
26	74	64.0838461538462	61.0510135135135
25	75	64.9092	62.5128666666666
24	76	65.7404166666667	63.8139473684211
23	77	66.675652173913	65.3542857142857
22	78	67.5968181818182	66.7600641025641
21	79	68.3861904761905	68.1474683544303
20	80	69.3365	69.5119375
19	81	70.1578947368421	71.008024691358
18	82	70.8922222222222	72.3828048780488
17	83	71.7758823529412	73.8531927710843
16	84	72.8375	75.2800595238095
15	85	73.6486666666667	76.6560588235294
14	86	74.5728571428571	78.0755813953488
13	87	75.1823076923077	79.5484482758621
12	88	76.1791666666666	81.0013068181818
11	89	76.9727272727273	82.4009550561798
10	90	78.101	83.7675555555556
9	91	78.83	85.2247252747253
8	92	79.65125	86.6533152173913
7	93	80.5071428571428	88.0618279569892
6	94	81.4583333333333	89.4869148936171
5	95	82.242	90.9381052631579
4	96	83.0825	92.3163020833334
3	97	83.8533333333334	93.765824742268
2	98	84.845	95.1699489795918
1	99	86.03	96.5983333333333
0	100	0	98.01175
