num_of_always_defect	num_of_shame_driven_hiding	average_fitness_of_always_defect	average_fitness_of_shame_driven_hiding
100	0	0	0
99	1	0.861717171717171	-42.825
98	2	1.72418367346939	-41.535
97	3	2.61175257731959	-40.03
96	4	3.47770833333333	-38.5825
95	5	4.32389473684211	-37.368
94	6	5.19808510638298	-35.7791666666667
93	7	6.0652688172043	-34.4457142857143
92	8	6.93315217391304	-32.95
91	9	7.77153846153847	-31.4461111111111
90	10	8.64433333333333	-30.194
89	11	9.51573033707865	-28.805
88	12	10.405	-27.3866666666667
87	13	11.2618390804598	-25.835
86	14	12.13	-24.5907142857143
85	15	12.9755294117647	-22.956
84	16	13.8511904761905	-21.6759375
83	17	14.7073493975904	-20.2273529411765
82	18	15.5974390243902	-18.7547222222222
81	19	16.4628395061728	-17.3644736842105
80	20	17.340125	-16.02775
79	21	18.1767088607595	-14.5873809523809
78	22	19.0667948717949	-13.0565909090909
77	23	19.9181818181818	-11.5795652173913
76	24	20.7739473684211	-10.3675
75	25	21.6357333333333	-8.9166
74	26	22.495	-7.57115384615384
73	27	23.3678082191781	-5.83796296296296
72	28	24.2276388888889	-4.73589285714286
71	29	25.084647887324	-3.13568965517241
70	30	25.9458571428572	-1.853
69	31	26.8814492753623	-0.348709677419355
68	32	27.7061764705882	1.17515625
67	33	28.6017910447761	2.49878787878788
66	34	29.464696969697	3.80926470588235
65	35	30.3343076923077	5.42242857142857
64	36	31.201875	6.70888888888889
63	37	32.0126984126984	8.23918918918919
62	38	32.9291935483871	9.5321052631579
61	39	33.824262295082	11.1166666666667
60	40	34.6591666666667	12.45825
59	41	35.5125423728814	13.8179268292683
58	42	36.3772413793103	15.3522619047619
57	43	37.2317543859649	16.7904651162791
56	44	38.1266071428571	18.2246590909091
55	45	38.9929090909091	19.6688888888889
54	46	39.7729629629629	21.2327173913044
53	47	40.6932075471698	22.3378723404255
52	48	41.525	23.9729166666667
51	49	42.4252941176471	25.3634693877551
50	50	43.2612	26.6495
49	51	44.1377551020408	28.2207843137255
48	52	45.05	29.6351923076923
47	53	45.9106382978723	31.167641509434
46	54	46.7786956521739	32.5850925925926
45	55	47.6331111111111	33.8732727272727
44	56	48.5831818181818	35.4410714285714
43	57	49.3390697674418	36.8521052631579
42	58	50.2757142857143	38.0520689655172
41	59	51.119512195122	39.8150847457627
40	60	52.00875	41.0705833333333
39	61	52.915641025641	42.5620491803278
38	62	53.7557894736842	44.0495161290323
37	63	54.5432432432433	45.3563492063492
36	64	55.4241666666667	46.80890625
35	65	56.2082857142857	48.2936923076923
34	66	57.1876470588235	49.7713636363636
33	67	58.0781818181818	51.1932089552239
32	68	58.896875	52.5967647058824
31	69	59.7916129032258	54.120652173913
30	70	60.627	55.4781428571428
29	71	61.5158620689655	56.8952816901408
28	72	62.3628571428571	58.4636111111111
27	73	63.1851851851852	59.8206849315069
26	74	64.0980769230769	61.2518243243243
25	75	65.0176	62.7134
24	76	65.81	64.1876315789474
23	77	66.6491304347826	65.6209090909091
22	78	67.5763636363636	66.980641025641
21	79	68.4247619047619	68.5354430379747
20	80	69.317	70.0071875
19	81	70.2042105263158	71.4121604938271
18	82	70.8877777777778	72.8276829268292
17	83	71.8788235294118	74.3068072289156
16	84	72.831875	75.7509523809524
15	85	73.674	77.2110588235294
14	86	74.4585714285714	78.6822674418605
13	87	75.1407692307692	80.0459195402299
12	88	76.1625	81.6021590909091
11	89	77.0927272727273	83.0466292134832
10	90	77.81	84.4195555555556
9	91	78.7544444444444	85.8964835164836
8	92	79.8075	87.3191304347826
7	93	80.4871428571429	88.8008064516129
6	94	81.4283333333333	90.2560106382979
5	95	82.326	91.7186315789474
4	96	83.2	93.2069270833333
3	97	83.87	94.6539175257732
2	98	84.79	96.0837755102041
1	99	85.06	97.5465656565656
0	100	0	99
