num_of_always_cooperate	num_of_always_defect	average_fitness_of_always_cooperate	average_fitness_of_always_defect
100	0	100	0
99	1	97.9689898989899	200
98	2	95.9694897959184	197.935
97	3	93.9651546391753	195.816666666667
96	4	91.8938541666667	193.9775
95	5	89.9311578947369	191.9
94	6	87.8463829787234	189.818333333333
93	7	85.747311827957	187.768571428571
92	8	83.7910869565217	185.6475
91	9	81.7605494505494	183.703333333333
90	10	79.7887777777778	181.954
89	11	77.7765168539326	179.921818181818
88	12	75.7902272727273	177.74
87	13	73.7042528735632	175.619230769231
86	14	71.7763953488372	173.705
85	15	69.5714117647059	171.887333333333
84	16	67.7739285714285	169.7275
83	17	65.7453012048193	167.494117647059
82	18	63.6703658536585	165.700555555556
81	19	61.5893827160494	163.582631578947
80	20	59.568875	161.886
79	21	57.6908860759494	159.725238095238
78	22	55.5652564102564	157.658181818182
77	23	53.6548051948052	155.63347826087
76	24	51.553552631579	153.6175
75	25	49.5181333333333	151.4436
74	26	47.4362162162162	149.501923076923
73	27	45.4439726027397	147.59
72	28	43.3118055555556	145.253571428571
71	29	41.2530985915493	143.518965517241
70	30	39.3818571428571	141.317333333333
69	31	37.4447826086957	139.459032258065
68	32	35.3419117647059	137.3890625
67	33	33.2028358208955	135.385151515152
66	34	31.2374242424242	133.373529411765
65	35	29.4104615384615	131.285142857143
64	36	27.24109375	129.308333333333
63	37	25.2276190476191	127.536216216216
62	38	23.3033870967742	125.218157894737
61	39	21.4201639344262	123.262307692308
60	40	19.2503333333333	121.166
59	41	17.2061016949153	119.112682926829
58	42	15.0351724137931	117.123095238095
57	43	13.0752631578947	115.039302325581
56	44	11.1553571428571	113.130681818182
55	45	9.018	111.068222222222
54	46	7.27777777777778	109.126956521739
53	47	5.04735849056604	106.973829787234
52	48	3.15807692307692	105.0575
51	49	1.15705882352941	103.079183673469
50	50	-0.9798	101.181
49	51	-2.90714285714286	99.0480392156863
48	52	-4.96	96.8523076923077
47	53	-7.17255319148936	95.1435849056604
46	54	-9.21	92.8611111111111
45	55	-10.8864444444444	91.0156363636364
44	56	-13.1947727272727	88.8058928571429
43	57	-15.1793023255814	86.6998245614035
42	58	-17.165	84.7693103448276
41	59	-19.1973170731707	82.674406779661
40	60	-21.1175	81.0008333333334
39	61	-23.2392307692308	78.7406557377049
38	62	-25.0626315789474	76.9453225806451
37	63	-27.4986486486486	74.6522222222222
36	64	-29.2294444444444	72.73375
35	65	-31.3465714285714	70.6358461538462
34	66	-33.3158823529412	68.7478787878788
33	67	-35.4851515151515	66.7816417910448
32	68	-37.5178125	64.6792647058824
31	69	-39.5777419354839	62.6495652173913
30	70	-41.5683333333333	60.5921428571429
29	71	-43.2127586206896	58.6207042253521
28	72	-45.4278571428571	56.7573611111111
27	73	-47.5325925925926	54.5291780821918
26	74	-49.7061538461539	52.6594594594594
25	75	-51.416	50.4852
24	76	-53.4891666666667	48.4765789473684
23	77	-55.5673913043478	46.3774025974026
22	78	-57.5663636363636	44.5051282051282
21	79	-59.6357142857143	42.5858227848101
20	80	-61.6145	40.472375
19	81	-63.8268421052632	38.3377777777778
18	82	-65.7833333333334	36.3113414634146
17	83	-67.8241176470588	34.2913253012049
16	84	-69.600625	32.2257142857143
15	85	-71.6253333333333	30.2617647058824
14	86	-73.6757142857143	28.2672093023256
13	87	-75.8338461538461	26.2983908045977
12	88	-77.4875	24.3551136363636
11	89	-79.55	22.1380898876404
10	90	-81.792	20.2121111111111
9	91	-83.6411111111111	18.1841758241758
8	92	-85.7475	16.18
7	93	-87.8042857142857	14.1987096774194
6	94	-90.11	12.1356382978723
5	95	-91.822	10.1343157894737
4	96	-93.9325	8.09802083333333
3	97	-96.0366666666666	6.06288659793815
2	98	-98.055	4.02030612244898
1	99	-100	2.02444444444444
0	100	0	0
