num_of_always_trembling	num_of_TFT_with_trembling_hand	average_fitness_of_always_trembling	average_fitness_of_TFT_with_trembling_hand
100	0	49.89105	0
99	1	50.4623232323232	28.85
98	2	50.8508673469388	29.9425
97	3	51.189175257732	31.1216666666667
96	4	51.556875	30.6875
95	5	51.9996842105263	31.557
94	6	52.7215425531915	32.3325
93	7	52.8493010752688	33.02
92	8	53.2223913043478	33.84875
91	9	53.8042307692307	34.7116666666667
90	10	54.2032222222222	35.4565
89	11	54.746404494382	36.18
88	12	55.0674431818182	36.6745833333333
87	13	55.5722413793103	37.3226923076923
86	14	55.810523255814	37.8682142857143
85	15	56.4342352941177	38.7433333333334
84	16	56.7798809523809	39.3
83	17	57.1193975903615	40.3820588235294
82	18	57.6438414634146	40.7505555555556
81	19	58.0661728395062	41.53
80	20	58.593625	42.28675
79	21	58.8196202531646	43.1161904761905
78	22	59.1830128205128	43.7315909090909
77	23	59.6111688311688	44.5156521739131
76	24	60.1214473684211	45.10875
75	25	60.6182666666666	45.8474
74	26	61.0230405405405	46.4232692307692
73	27	61.3773287671232	47.1246296296296
72	28	61.8865972222222	47.8014285714286
71	29	62.3525352112676	48.5936206896552
70	30	62.7042857142857	49.2995
69	31	63.1769565217391	50.0416129032258
68	32	63.4553676470588	50.733125
67	33	64.064776119403	51.240606060606
66	34	64.3539393939394	51.9989705882353
65	35	64.8090769230769	52.7385714285714
64	36	65.172578125	53.3575
63	37	65.7302380952381	54.0618918918919
62	38	66.1275	54.6869736842105
61	39	66.5784426229508	55.4271794871795
60	40	67.0231666666666	56.183375
59	41	67.4189830508475	56.779756097561
58	42	67.7194827586207	57.755
57	43	68.2524561403509	58.2620930232558
56	44	68.6276785714286	59.0715909090909
55	45	69.1027272727273	59.8157777777778
54	46	69.5699074074074	60.3416304347826
53	47	70.1591509433962	61.0460638297872
52	48	70.0913461538461	61.6867708333333
51	49	70.8601960784314	62.450612244898
50	50	71.1186	63.2407
49	51	71.7328571428571	63.8093137254902
48	52	72.1176041666667	64.5896153846154
47	53	72.5484042553192	65.3191509433962
46	54	72.8733695652174	65.9932407407407
45	55	73.396	66.6104545454545
44	56	73.9229545454546	67.3970535714286
43	57	74.3538372093023	68.0472807017544
42	58	74.5991666666667	68.6950862068965
41	59	75.0790243902439	69.4513559322034
40	60	75.4445	70.0946666666666
39	61	75.7389743589744	70.7509836065574
38	62	76.4994736842105	71.5614516129032
37	63	76.7020270270271	72.2179365079365
36	64	77.0943055555556	72.972109375
35	65	77.5601428571428	73.7116923076923
34	66	78.102205882353	74.3538636363636
33	67	78.4968181818182	75.0154477611941
32	68	78.7609375	75.7127205882353
31	69	79.2716129032258	76.3511594202899
30	70	79.7493333333334	77.1243571428571
29	71	79.9520689655172	77.8822535211268
28	72	80.5551785714286	78.5186805555555
27	73	80.984074074074	79.2637671232877
26	74	81.4465384615384	79.9493918918919
25	75	81.92	80.5774666666667
24	76	82.1972916666666	81.2709868421053
23	77	82.4795652173913	82.0159090909091
22	78	83.0227272727273	82.6812179487179
21	79	83.5697619047619	83.3987974683544
20	80	83.99775	84.1164375
19	81	84.5289473684211	84.7648765432099
18	82	84.8888888888889	85.4629878048781
17	83	85.2911764705883	86.2340361445783
16	84	85.78625	86.8397023809524
15	85	86.097	87.5442941176471
14	86	86.4010714285715	88.2772674418604
13	87	86.8407692307693	88.915
12	88	87.2733333333333	89.6619886363636
11	89	87.65	90.3362359550562
10	90	88.1465	91.0702222222222
9	91	88.5316666666666	91.7462087912088
8	92	88.9575	92.4246195652174
7	93	89.7328571428571	93.1601612903226
6	94	89.9566666666667	93.8256382978722
5	95	90.0809999999999	94.5376315789474
4	96	90.70125	95.2168229166667
3	97	90.8583333333334	95.9310824742268
2	98	91.815	96.5883163265306
1	99	92.345	97.3378787878788
0	100	0	98.0376
