num_of_always_defect	num_of_tit_for_tat	average_fitness_of_always_defect	average_fitness_of_tit_for_tat
100	0	0	0
99	1	0.869393939393938	-43.11
98	2	1.73887755102041	-41.5975
97	3	2.6039175257732	-39.92
96	4	3.47385416666667	-38.61875
95	5	4.33557894736842	-37.254
94	6	5.19872340425532	-35.7875
93	7	6.07591397849462	-34.315
92	8	6.94543478260869	-32.845625
91	9	7.81769230769231	-31.4188888888889
90	10	8.68644444444444	-30.098
89	11	9.55348314606741	-28.4745454545455
88	12	10.4261363636364	-26.9654166666667
87	13	11.3042528735632	-25.7826923076923
86	14	12.1516279069767	-24.0989285714286
85	15	13.0570588235294	-22.8943333333333
84	16	13.9204761904762	-21.2440625
83	17	14.7638554216867	-19.8676470588235
82	18	15.6329268292683	-18.4369444444444
81	19	16.5117283950617	-16.9755263157895
80	20	17.36625	-15.52825
79	21	18.2267088607595	-14.117619047619
78	22	19.0846153846154	-12.6504545454545
77	23	19.978961038961	-11.1958695652174
76	24	20.8630263157895	-9.85104166666666
75	25	21.7189333333333	-8.3114
74	26	22.567972972973	-6.88346153846154
73	27	23.4391780821918	-5.33685185185185
72	28	24.3097222222222	-4.03678571428571
71	29	25.1856338028169	-2.63241379310345
70	30	26.0801428571428	-1.18633333333333
69	31	26.9297101449275	0.401451612903226
68	32	27.8119117647059	1.9415625
67	33	28.64	3.26469696969697
66	34	29.5357575757576	4.79720588235294
65	35	30.3684615384615	6.12728571428571
64	36	31.2596875	7.63527777777778
63	37	32.1266666666667	8.96162162162162
62	38	33.0109677419355	10.4959210526316
61	39	33.9101639344262	11.9869230769231
60	40	34.7518333333333	13.3175
59	41	35.6616949152542	14.7217073170732
58	42	36.4812068965517	16.1513095238095
57	43	37.34	17.5738372093023
56	44	38.2685714285714	19.1931818181818
55	45	39.1038181818182	20.5335555555556
54	46	40.0246296296296	21.9848913043478
53	47	40.8394339622641	23.501914893617
52	48	41.7025	24.8328125
51	49	42.5911764705882	26.2374489795918
50	50	43.4306	27.8733
49	51	44.3548979591837	29.1843137254902
48	52	45.195	30.6089423076923
47	53	46.0368085106383	32.2406603773585
46	54	46.9189130434783	33.5794444444444
45	55	47.7648888888889	34.8494545454546
44	56	48.6606818181818	36.3904464285714
43	57	49.5290697674419	37.9132456140351
42	58	50.3457142857143	39.4037068965517
41	59	51.2636585365854	40.7654237288136
40	60	52.11625	42.1923333333333
39	61	52.9905128205128	43.6555737704918
38	62	53.8363157894737	45.1756451612903
37	63	54.76	46.5152380952381
36	64	55.5755555555556	48.0578125
35	65	56.4985714285714	49.4528461538461
34	66	57.3438235294118	50.9203787878788
33	67	58.2360606060606	52.330223880597
32	68	59.106875	53.7655882352941
31	69	60.0006451612903	55.1560869565217
30	70	60.8163333333333	56.6985
29	71	61.6889655172413	57.9943661971831
28	72	62.5760714285714	59.6081944444444
27	73	63.44	61.0245205479452
26	74	64.3069230769231	62.440472972973
25	75	65.08	63.8768666666667
24	76	66.0391666666667	65.3309868421053
23	77	66.9339130434783	66.7711688311688
22	78	67.7604545454546	68.2439102564102
21	79	68.7085714285714	69.6562025316456
20	80	69.5925	71.08625
19	81	70.3136842105263	72.5298148148148
18	82	71.1805555555556	74.0089634146341
17	83	72.0411764705882	75.4251807228916
16	84	72.918125	76.8779166666667
15	85	73.8653333333333	78.2992352941176
14	86	74.7028571428571	79.821511627907
13	87	75.5592307692308	81.2133333333333
12	88	76.4966666666667	82.6919318181818
11	89	77.2790909090909	84.048595505618
10	90	78.046	85.556
9	91	79.1477777777778	86.9945054945055
8	92	79.99	88.4255434782609
7	93	80.5985714285714	89.876129032258
6	94	81.5866666666667	91.3431382978724
5	95	82.54	92.7634736842106
4	96	83.345	94.21859375
3	97	84.2	95.6858247422681
2	98	85.24	97.1135204081633
1	99	85.89	98.5544444444444
0	100	0	100
