num_of_always_trembling	num_of_tit_for_tat	average_fitness_of_always_trembling	average_fitness_of_tit_for_tat
100	0	49.9994	0
99	1	50.4809595959596	27.805
98	2	50.8299489795918	28.9275
97	3	51.1346391752578	29.73
96	4	51.8489583333334	31.32875
95	5	52.1974736842105	31.886
94	6	52.5498936170213	32.1375
93	7	53.0824731182796	32.5271428571428
92	8	53.6963586956522	33.53125
91	9	54.071978021978	34.1133333333333
90	10	54.356	35.1135
89	11	54.7329213483146	35.6472727272727
88	12	55.2209659090909	36.455
87	13	55.6913793103448	36.8461538461538
86	14	55.9426744186047	37.8878571428571
85	15	56.4525294117647	38.4963333333333
84	16	56.910119047619	39.141875
83	17	57.4583132530121	40.0720588235294
82	18	57.7585975609756	40.835
81	19	58.2037037037037	41.4676315789474
80	20	58.5673125	42.61875
79	21	59.2037341772152	42.8483333333334
78	22	59.5073717948718	43.7925
77	23	60.0454545454545	44.2960869565217
76	24	60.4061184210526	45.1066666666667
75	25	60.9117333333333	45.6264
74	26	61.2508783783783	46.5809615384615
73	27	61.6186301369863	47.1844444444444
72	28	62.221875	48.1551785714286
71	29	62.7027464788732	48.7456896551724
70	30	62.8632857142857	49.4086666666667
69	31	63.5286231884058	50.0456451612903
68	32	63.8836764705882	50.9525
67	33	64.1346268656716	51.5366666666667
66	34	64.7443181818182	52.3391176470588
65	35	65.0422307692308	52.9715714285714
64	36	65.509765625	53.9029166666666
63	37	66.0566666666666	54.5168918918919
62	38	66.4990322580645	55.225
61	39	66.890737704918	55.8951282051282
60	40	67.401	56.87225
59	41	67.7759322033898	57.3013414634146
58	42	68.3053448275862	58.1941666666667
57	43	68.8159649122807	58.7720930232558
56	44	69.0232142857143	59.4223863636364
55	45	69.5189090909091	60.2472222222222
54	46	69.9436111111111	61.0503260869565
53	47	70.2948113207547	61.6817021276596
52	48	70.9322115384616	62.3076041666667
51	49	71.3038235294118	63.2028571428571
50	50	71.7626	63.833
49	51	72.194693877551	64.6369607843137
48	52	72.5382291666667	65.3652884615385
47	53	73.1012765957447	66.1008490566038
46	54	73.4645652173913	66.8187962962963
45	55	73.9725555555555	67.5135454545455
44	56	74.2968181818182	68.1483035714285
43	57	74.7152325581395	69.0200877192982
42	58	75.2411904761905	69.616724137931
41	59	75.6731707317074	70.4193220338983
40	60	76.009	71.18725
39	61	76.448717948718	71.8303278688525
38	62	76.9076315789474	72.6354838709677
37	63	77.2939189189189	73.218253968254
36	64	77.8816666666667	74.08875
35	65	78.3822857142857	74.6475384615385
34	66	78.7138235294117	75.5006060606061
33	67	79.1175757575758	76.0617164179105
32	68	79.699375	76.8398529411765
31	69	79.9590322580645	77.6489130434783
30	70	80.1755	78.3412142857143
29	71	80.6806896551724	79.0679577464789
28	72	81.2932142857142	79.8055555555556
27	73	81.6255555555556	80.4798630136986
26	74	82.179423076923	81.2360810810811
25	75	82.534	81.9270666666666
24	76	83.1127083333333	82.6257894736842
23	77	83.4139130434783	83.4203246753247
22	78	83.7427272727273	84.0889743589744
21	79	84.3823809523809	84.8875316455696
20	80	84.7165	85.500375
19	81	85.226052631579	86.294012345679
18	82	85.6425	86.9443902439025
17	83	86.06	87.6902409638554
16	84	86.4959375	88.4667261904762
15	85	86.9183333333333	89.1933529411765
14	86	87.1185714285714	89.8781976744186
13	87	87.8957692307692	90.6192528735632
12	88	88.1445833333333	91.3245454545455
11	89	88.7259090909091	92.09297752809
10	90	89.334	92.8077777777778
9	91	89.5916666666667	93.4912087912088
8	92	90.0275	94.2164130434783
7	93	90.2314285714286	94.9178494623656
6	94	90.9941666666667	95.6700531914894
5	95	91.397	96.4098947368421
4	96	91.815	97.1199479166667
3	97	92.6166666666667	97.8253608247423
2	98	92.885	98.5399489795919
1	99	92.625	99.2850505050505
0	100	0	100
