num_of_always_cooperate	num_of_shame_driven_hiding	average_fitness_of_always_cooperate	average_fitness_of_shame_driven_hiding
100	0	100	0
99	1	99.9791919191919	101
98	2	99.9613265306121	100.985
97	3	99.9382474226804	100.976666666667
96	4	99.9201041666667	100.97
95	5	99.8997894736842	100.928
94	6	99.8727659574468	100.903333333333
93	7	99.8580645161291	100.874285714286
92	8	99.8382608695652	100.86375
91	9	99.8101098901099	100.851111111111
90	10	99.7988888888889	100.796
89	11	99.7803370786516	100.793636363636
88	12	99.7607954545455	100.770833333333
87	13	99.7325287356321	100.753076923077
86	14	99.7176744186047	100.711428571429
85	15	99.704705882353	100.695333333333
84	16	99.6792857142857	100.703125
83	17	99.6503614457831	100.687058823529
82	18	99.6287804878049	100.655555555556
81	19	99.6261728395062	100.624210526316
80	20	99.60525	100.629
79	21	99.5807594936709	100.600476190476
78	22	99.5529487179487	100.581818181818
77	23	99.5475324675325	100.562173913043
76	24	99.5225	100.51375
75	25	99.4889333333333	100.5096
74	26	99.481081081081	100.496153846154
73	27	99.4542465753425	100.455925925926
72	28	99.430138888889	100.465357142857
71	29	99.4045070422535	100.414827586207
70	30	99.3978571428571	100.414
69	31	99.3617391304348	100.39935483871
68	32	99.3480882352942	100.3684375
67	33	99.3373134328358	100.354848484848
66	34	99.3015151515151	100.356764705882
65	35	99.3024615384615	100.304857142857
64	36	99.27125	100.288333333333
63	37	99.2496825396826	100.285945945946
62	38	99.2341935483871	100.263421052632
61	39	99.1975409836065	100.234102564103
60	40	99.1801666666666	100.21225
59	41	99.1774576271187	100.195609756098
58	42	99.1610344827586	100.173095238095
57	43	99.1391228070176	100.153953488372
56	44	99.1105357142857	100.124318181818
55	45	99.0861818181818	100.108222222222
54	46	99.07	100.078913043478
53	47	99.0492452830188	100.073404255319
52	48	99.0276923076922	100.068333333333
51	49	99.0047058823529	100.032857142857
50	50	98.9806	100.0042
49	51	98.9714285714286	100.001568627451
48	52	98.9391666666667	99.9769230769231
47	53	98.9287234042553	99.9469811320755
46	54	98.9132608695652	99.9401851851852
45	55	98.8924444444445	99.9183636363636
44	56	98.8747727272727	99.9014285714286
43	57	98.8439534883721	99.8849122807017
42	58	98.8235714285714	99.8634482758621
41	59	98.7992682926829	99.826779661017
40	60	98.788	99.8118333333333
39	61	98.7853846153846	99.7973770491803
38	62	98.7423684210527	99.7882258064516
37	63	98.7459459459459	99.7619047619047
36	64	98.6980555555555	99.73734375
35	65	98.6874285714286	99.7063076923077
34	66	98.6844117647059	99.6816666666667
33	67	98.6424242424243	99.6661194029851
32	68	98.6425	99.6541176470588
31	69	98.5951612903226	99.6130434782608
30	70	98.5696666666666	99.6061428571429
29	71	98.5717241379311	99.5785915492958
28	72	98.5478571428571	99.5776388888889
27	73	98.5188888888888	99.5490410958904
26	74	98.4834615384615	99.5412162162162
25	75	98.494	99.5053333333334
24	76	98.46375	99.485
23	77	98.4352173913044	99.4688311688312
22	78	98.4313636363637	99.4397435897436
21	79	98.3933333333334	99.4299999999999
20	80	98.3945	99.3945
19	81	98.3689473684211	99.3895061728395
18	82	98.3655555555555	99.3662195121951
17	83	98.32	99.3440963855421
16	84	98.319375	99.3152380952381
15	85	98.288	99.305294117647
14	86	98.2764285714286	99.2759302325582
13	87	98.2499999999999	99.2687356321839
12	88	98.2308333333333	99.2479545454545
11	89	98.1645454545454	99.2170786516854
10	90	98.184	99.2003333333333
9	91	98.168888888889	99.1764835164835
8	92	98.16375	99.1629347826087
7	93	98.1257142857142	99.1354838709677
6	94	98.11	99.1279787234042
5	95	98.092	99.1085263157895
4	96	98.0525	99.0809375
3	97	98.0366666666667	99.0568041237113
2	98	98.005	99.0413265306124
1	99	98	99.020707070707
0	100	0	99
