num_of_always_trembling	num_of_shame_driven_denying	average_fitness_of_always_trembling	average_fitness_of_shame_driven_denying
100	0	50.01115	0
99	1	50.4818686868687	29.105
98	2	50.7601530612245	30.1025
97	3	51.265412371134	30.545
96	4	51.7304166666667	31.255
95	5	52.0461578947369	32.071
94	6	52.4056914893617	32.92
93	7	53.008870967742	32.8835714285714
92	8	53.2417391304348	33.5725
91	9	53.698021978022	34.88
90	10	54.3384444444444	35.621
89	11	54.5628651685393	36.2954545454546
88	12	55.0327272727273	36.7679166666667
87	13	55.4736781609195	37.4992307692308
86	14	56.1220930232558	38.0903571428571
85	15	56.3950588235294	38.7816666666667
84	16	56.7460119047619	39.50125
83	17	57.1230120481928	40.2976470588235
82	18	57.5255487804878	41.0836111111111
81	19	58.0001234567901	41.5047368421053
80	20	58.2683125	42.4935
79	21	58.7533544303797	43.0414285714286
78	22	59.1569871794872	43.6963636363636
77	23	59.6193506493506	44.2876086956522
76	24	60.1599342105263	44.8410416666667
75	25	60.3557333333334	45.6802
74	26	60.8592567567567	46.4280769230769
73	27	61.3433561643836	47.0129629629629
72	28	61.6806944444445	47.7075
71	29	62.2592957746479	48.4786206896552
70	30	62.5381428571428	49.1761666666667
69	31	63.1004347826087	49.8864516129032
68	32	63.3904411764706	50.5234375
67	33	63.7720149253731	51.2372727272727
66	34	64.2850757575758	51.8201470588235
65	35	64.6162307692308	52.5318571428571
64	36	65.19515625	53.3268055555556
63	37	65.325873015873	53.9375675675676
62	38	65.9281451612903	54.7160526315789
61	39	66.4574590163934	55.3141025641025
60	40	66.6383333333333	55.96325
59	41	67.2212711864407	56.7326829268292
58	42	67.5025862068966	57.2860714285714
57	43	67.984649122807	58.0076744186047
56	44	68.1488392857143	58.6197727272727
55	45	68.8564545454546	59.3474444444444
54	46	69.2634259259259	60.1185869565217
53	47	69.7053773584906	60.741170212766
52	48	70.1274038461539	61.411875
51	49	70.2025490196078	62.2309183673469
50	50	70.9365	62.7442
49	51	71.1416326530612	63.5183333333333
48	52	71.680625	64.3103846153846
47	53	72.1896808510638	64.9618867924528
46	54	72.6204347826087	65.4501851851852
45	55	73.0628888888889	66.3084545454546
44	56	73.4221590909091	67.0492857142857
43	57	73.6624418604651	67.5939473684211
42	58	74.3875	68.3830172413793
41	59	74.5119512195122	68.8835593220339
40	60	74.95775	69.7268333333334
39	61	75.4547435897436	70.3281967213114
38	62	75.7830263157895	71.0032258064516
37	63	76.4836486486486	71.8050793650794
36	64	76.7047222222222	72.4034375
35	65	77.2994285714286	73.0864615384615
34	66	77.4680882352941	73.7598484848485
33	67	77.9165151515152	74.5232835820896
32	68	78.33671875	75.0628676470588
31	69	78.5688709677419	75.8310869565217
30	70	79.0625	76.5351428571429
29	71	79.8522413793103	77.2397183098592
28	72	80.1626785714286	77.7810416666667
27	73	80.3722222222222	78.5174657534246
26	74	81.0298076923077	79.2827702702703
25	75	81.3454	79.9884
24	76	81.7297916666667	80.5814473684211
23	77	82.0921739130434	81.3161038961039
22	78	82.5693181818182	82.0259615384615
21	79	82.8892857142857	82.6325949367089
20	80	83.58075	83.3275
19	81	83.76	84.0988888888889
18	82	84.2808333333334	84.7481707317073
17	83	84.7485294117647	85.371265060241
16	84	84.8340625	86.0383928571429
15	85	85.3763333333333	86.8076470588235
14	86	85.8214285714286	87.4690697674419
13	87	86.5519230769231	88.1136781609195
12	88	86.74875	88.8480113636364
11	89	87.1545454545454	89.5165730337079
10	90	87.6785	90.2049444444444
9	91	87.67	90.9144505494505
8	92	88.58625	91.5955434782609
7	93	88.9157142857143	92.2848924731183
6	94	89.4933333333333	92.9134042553191
5	95	89.775	93.6327894736842
4	96	89.99875	94.3212499999999
3	97	90.3266666666667	94.9907731958763
2	98	90.725	95.6761224489796
1	99	91.59	96.3701010101011
0	100	0	97.03695
