num_of_always_trembling	num_of_shame_driven_hiding	average_fitness_of_always_trembling	average_fitness_of_shame_driven_hiding
100	0	50.14015	0
99	1	50.3944949494949	28.7
98	2	50.9178571428571	29.3425
97	3	51.3014948453608	30.0833333333333
96	4	51.62171875	31.26125
95	5	52.0836842105263	31.576
94	6	52.5224468085107	32.375
93	7	53.0882258064516	33.6121428571429
92	8	53.2759239130435	34.013125
91	9	53.688021978022	34.3138888888889
90	10	54.1570555555556	35.039
89	11	54.6025842696629	35.8254545454545
88	12	55.0257954545454	36.44875
87	13	55.5597126436782	37.1611538461538
86	14	56.0815697674419	38.1667857142857
85	15	56.2399411764706	38.8496666666667
84	16	56.8404761904762	39.380625
83	17	57.2859036144579	40.0438235294118
82	18	57.6120731707317	41.1272222222222
81	19	58.1516666666667	41.5331578947368
80	20	58.303375	42.23175
79	21	58.9346202531646	43.0188095238095
78	22	59.3030769230769	43.7806818181818
77	23	59.7524675324675	44.5126086956522
76	24	60.2399342105263	45.143125
75	25	60.5064666666667	45.8322
74	26	60.9487162162162	46.6878846153846
73	27	61.4473287671233	47.2831481481481
72	28	61.7660416666666	47.7625
71	29	62.3380985915493	48.7779310344828
70	30	62.5178571428571	49.138
69	31	63.0686231884058	50.1006451612903
68	32	63.4814705882353	50.72703125
67	33	63.8676865671642	51.4604545454546
66	34	64.3422727272727	52.1651470588235
65	35	64.7823846153846	52.7445714285714
64	36	65.249921875	53.6063888888889
63	37	65.828492063492	54.3389189189189
62	38	66.0154838709677	54.9701315789474
61	39	66.5018032786885	55.6567948717949
60	40	66.8485833333333	56.46575
59	41	67.1428813559322	57.2493902439024
58	42	67.775	57.8792857142857
57	43	68.2466666666666	58.3981395348837
56	44	68.5049107142857	59.1584090909091
55	45	69.075	59.8898888888889
54	46	69.3947222222222	60.6855434782609
53	47	69.8591509433962	61.3589361702128
52	48	70.2275	61.9995833333333
51	49	70.5686274509804	62.7164285714285
50	50	71.0743	63.5378
49	51	71.6247959183673	64.1962745098039
48	52	72.09875	64.8589423076923
47	53	72.3038297872341	65.5516037735849
46	54	72.6001086956522	66.268425925926
45	55	73.1842222222222	67.0842727272727
44	56	73.5709090909091	67.6649107142857
43	57	74.0710465116279	68.3644736842105
42	58	74.6065476190476	69.0068103448276
41	59	75.0681707317073	69.8259322033898
40	60	75.390875	70.5920833333333
39	61	75.7701282051281	71.2140983606557
38	62	76.2343421052632	71.9453225806452
37	63	76.7043243243243	72.6899206349206
36	64	77.0773611111111	73.303515625
35	65	77.4561428571428	74.1830769230769
34	66	77.8473529411765	74.7904545454546
33	67	78.3136363636364	75.5232089552239
32	68	78.64875	76.1534558823529
31	69	78.9851612903226	76.9994927536232
30	70	79.6518333333333	77.6390714285714
29	71	79.9468965517241	78.3069014084507
28	72	80.3625	79.0510416666667
27	73	80.7933333333334	79.735
26	74	81.1828846153846	80.4887837837838
25	75	81.752	81.1249333333333
24	76	82.165	81.8917105263158
23	77	82.5904347826087	82.535
22	78	83.0543181818182	83.2858333333333
21	79	83.3671428571429	83.9991139240506
20	80	83.78575	84.77375
19	81	84.1931578947368	85.420987654321
18	82	84.7166666666667	86.1612804878049
17	83	85.01	86.9032530120482
16	84	85.5621875	87.5602380952381
15	85	86.039	88.2682941176471
14	86	86.2910714285714	88.986976744186
13	87	86.7626923076923	89.7461494252874
12	88	87.25375	90.4302272727273
11	89	87.6772727272727	91.1547191011236
10	90	87.8855	91.8628333333333
9	91	88.3077777777778	92.5682967032967
8	92	88.758125	93.2738043478261
7	93	89.4857142857142	94.0233870967742
6	94	89.6975	94.7209574468085
5	95	90.207	95.4306315789474
4	96	90.485	96.1161979166666
3	97	90.9616666666667	96.8432474226804
2	98	91.24	97.5722959183673
1	99	91.6	98.2817676767676
0	100	0	99
