num_of_always_defect	num_of_Pavlov	average_fitness_of_always_defect	average_fitness_of_Pavlov
100	0	0	0
99	1	1.26333333333333	-50.03
98	2	2.5034693877551	-48.715
97	3	3.75639175257732	-47.2783333333334
96	4	5.0175	-45.9
95	5	6.28978947368421	-44.345
94	6	7.54797872340426	-42.7983333333333
93	7	8.77139784946236	-41.4985714285714
92	8	10.0265217391304	-40.0575
91	9	11.29	-38.6227777777778
90	10	12.5202222222222	-37.269
89	11	13.8189887640449	-35.585
88	12	15.0257954545455	-34.2379166666667
87	13	16.2980459770115	-32.8142307692308
86	14	17.5436046511628	-31.4182142857143
85	15	18.7992941176471	-29.961
84	16	20.0155952380953	-28.6278125
83	17	21.3734939759036	-27.1382352941177
82	18	22.5682926829268	-25.7036111111111
81	19	23.7918518518519	-24.3597368421053
80	20	25.016125	-22.763
79	21	26.2626582278481	-21.2864285714286
78	22	27.5788461538462	-19.8904545454546
77	23	28.8431168831169	-18.375652173913
76	24	30.0519736842105	-17.0558333333333
75	25	31.3917333333333	-15.5742
74	26	32.612027027027	-14.0928846153846
73	27	33.8030136986301	-12.7057407407407
72	28	35.0584722222222	-11.3448214285714
71	29	36.3652112676056	-9.75586206896552
70	30	37.5824285714286	-8.5165
69	31	38.8542028985507	-6.98209677419355
68	32	40.1054411764706	-5.515
67	33	41.2301492537313	-3.99984848484849
66	34	42.6686363636364	-2.60573529411765
65	35	43.8726153846154	-1.15371428571429
64	36	45.13546875	0.155
63	37	46.3780952380952	1.79337837837838
62	38	47.6304838709677	3.10236842105263
61	39	48.828524590164	4.61858974358974
60	40	50.1903333333333	6.050125
59	41	51.4108474576271	7.44268292682927
58	42	52.6653448275862	8.83809523809524
57	43	53.8382456140351	10.3240697674419
56	44	55.1826785714286	11.7376136363636
55	45	56.5201818181818	13.3296666666667
54	46	57.6959259259259	14.5821739130435
53	47	58.812641509434	16.0517021276596
52	48	60.1357692307692	17.5513541666667
51	49	61.4082352941176	18.8765306122449
50	50	62.6148	20.4314
49	51	63.9534693877551	21.8630392156863
48	52	65.1314583333333	23.4117307692308
47	53	66.4244680851064	24.8870754716981
46	54	67.7004347826087	26.2044444444444
45	55	68.8726666666667	27.7953636363636
44	56	70.2261363636364	29.0975892857143
43	57	71.4811627906977	30.5237719298246
42	58	72.6485714285714	31.9059482758621
41	59	73.9295121951219	33.3357627118644
40	60	75.2955	34.851
39	61	76.348717948718	36.4004918032787
38	62	77.7365789473684	37.8148387096774
37	63	79.0424324324324	39.2025396825397
36	64	80.2886111111111	40.715703125
35	65	81.4837142857143	42.0876153846154
34	66	82.799705882353	43.5914393939394
33	67	83.9854545454546	44.9938805970149
32	68	85.2240625	46.4816176470588
31	69	86.44	47.886231884058
30	70	87.7873333333333	49.3680714285715
29	71	88.8872413793104	50.8564084507042
28	72	90.2225	52.3122916666667
27	73	91.4903703703703	53.6915753424657
26	74	92.7284615384616	55.1602027027027
25	75	93.8952	56.6948666666667
24	76	95.3170833333333	58.0702631578948
23	77	96.4495652173913	59.5607142857143
22	78	97.6136363636364	61.0185256410257
21	79	99.0214285714286	62.425253164557
20	80	100.317	63.8078125
19	81	101.522631578947	65.3354320987654
18	82	102.846111111111	66.8254268292683
17	83	103.952941176471	68.3769277108434
16	84	105.318125	69.8714880952381
15	85	106.562666666667	71.3805882352941
14	86	107.887857142857	72.895523255814
13	87	108.825384615385	74.3606896551724
12	88	110.311666666667	75.9711363636364
11	89	111.617272727273	77.3325842696629
10	90	112.579	78.8777222222222
9	91	113.997777777778	80.5141208791209
8	92	115.3325	82.0886413043478
7	93	116.471428571429	83.620752688172
6	94	117.666666666667	85.3947340425532
5	95	119.028	87.0122105263158
4	96	120.115	88.7160416666666
3	97	121.89	90.6165463917526
2	98	122.945	92.5666836734694
1	99	123.49	94.9173737373738
0	100	0	97.4551
