num_of_always_trembling	num_of_Pavlov	average_fitness_of_always_trembling	average_fitness_of_Pavlov
100	0	50.02415	0
99	1	50.5062121212121	50.29
98	2	50.8786224489796	50.05
97	3	51.2871649484536	50.8816666666667
96	4	51.6983854166667	50.91375
95	5	52.1985789473684	51.18
94	6	52.5152127659574	51.9483333333333
93	7	52.9190860215054	51.8007142857143
92	8	53.4427173913043	52.639375
91	9	53.8158791208791	53.3655555555556
90	10	54.2396111111111	53.5975
89	11	54.7537640449438	54.3959090909091
88	12	55.044375	54.25125
87	13	55.675632183908	55.0169230769231
86	14	55.8851162790698	55.3082142857143
85	15	56.3112352941176	55.9243333333333
84	16	56.7576785714286	56.1103125
83	17	57.1897590361446	56.0105882352941
82	18	57.7014024390244	57.1272222222222
81	19	58.0851234567901	57.5055263157895
80	20	58.619625	58.066
79	21	58.8845569620253	58.5090476190476
78	22	59.2603205128205	58.9165909090909
77	23	59.7435714285714	59.4143478260869
76	24	60.2853947368421	59.85125
75	25	60.4815333333333	60.0224
74	26	61.0937837837838	60.1536538461538
73	27	61.4321232876712	60.9144444444444
72	28	61.9499305555556	61.4883928571429
71	29	62.2604929577465	61.9218965517241
70	30	62.9474285714286	62.2848333333333
69	31	63.2101449275363	62.5041935483871
68	32	63.7964705882353	62.8078125
67	33	64.0834328358209	63.4145454545454
66	34	64.4070454545455	63.8558823529412
65	35	64.812	64.1477142857143
64	36	65.2725	64.79125
63	37	65.8481746031746	65.2475675675676
62	38	66.1706451612903	65.5625
61	39	66.5024590163934	66.0826923076923
60	40	66.9925833333333	66.54075
59	41	67.3447457627119	66.9356097560976
58	42	67.8870689655173	67.2671428571429
57	43	68.1690350877193	67.8160465116279
56	44	68.6938392857142	68.1373863636364
55	45	69.2682727272727	68.6844444444444
54	46	69.4472222222222	69.2867391304348
53	47	69.9954716981132	69.5807446808511
52	48	70.5274038461538	69.8638541666666
51	49	70.8580392156863	70.3788775510204
50	50	71.3062	70.8118
49	51	71.7278571428571	71.3708823529412
48	52	71.9936458333333	71.7758653846154
47	53	72.6421276595745	72.0761320754717
46	54	72.9231521739131	72.5447222222222
45	55	73.3740000000001	73.1321818181818
44	56	73.91	73.4724107142857
43	57	74.321511627907	73.8899122807017
42	58	74.6216666666667	74.2927586206897
41	59	75.0978048780488	74.943813559322
40	60	75.662875	75.36875
39	61	75.9107692307693	75.675737704918
38	62	76.3319736842105	76.0816935483871
37	63	76.6831081081081	76.6064285714286
36	64	77.2398611111111	77.06671875
35	65	77.6704285714286	77.4755384615385
34	66	78.1467647058824	78.0126515151515
33	67	78.5715151515152	78.2788059701493
32	68	78.9125	78.6991911764706
31	69	79.1537096774194	79.3172463768116
30	70	79.953	79.6753571428572
29	71	80.2460344827586	80.1395774647887
28	72	80.5287499999999	80.6588888888889
27	73	81.332962962963	81.0313698630137
26	74	81.5246153846154	81.6160810810811
25	75	81.876	81.9537333333333
24	76	82.3260416666667	82.5489473684211
23	77	82.7517391304348	82.9398051948052
22	78	83.2356818181818	83.4351923076923
21	79	83.64	83.8588607594937
20	80	84.055	84.2953125
19	81	84.5328947368421	84.8362345679012
18	82	84.7827777777778	85.3660975609756
17	83	85.4923529411764	85.8373493975903
16	84	85.83875	86.4606547619047
15	85	86.3196666666666	86.9597647058824
14	86	86.5092857142857	87.3536046511628
13	87	87.1003846153846	88.070632183908
12	88	87.72	88.4598295454545
11	89	87.9854545454545	89.0026966292135
10	90	88.3605	89.5944444444444
9	91	88.835	90.2194505494505
8	92	89.09875	90.8032608695652
7	93	89.2792857142857	91.4173655913979
6	94	89.94	92.1822872340426
5	95	89.99	92.8412631578947
4	96	90.82125	93.59765625
3	97	91.8616666666667	94.4339175257732
2	98	91.455	95.2055612244898
1	99	92.54	96.3454040404041
0	100	0	97.4555
