num_of_guilt_driven_amending	num_of_Pavlov	average_fitness_of_guilt_driven_amending	average_fitness_of_Pavlov
100	0	98.4448	0
99	1	98.4358080808081	97.18
98	2	98.4017346938775	97.7325
97	3	98.3928350515464	97.2966666666667
96	4	98.3710416666667	97.4275
95	5	98.3705263157895	97.3719999999999
94	6	98.3428723404256	97.155
93	7	98.3279569892473	97.5114285714285
92	8	98.3086413043478	96.9375
91	9	98.2953846153846	97.3888888888889
90	10	98.2967777777778	97.321
89	11	98.271011235955	97.3695454545455
88	12	98.2414772727273	97.66875
87	13	98.2308620689655	97.3138461538462
86	14	98.2172674418605	97.6675
85	15	98.1687058823529	97.156
84	16	98.1670833333334	97.5253125
83	17	98.1595180722891	97.565294117647
82	18	98.136768292683	97.3616666666667
81	19	98.1353703703704	97.7057894736842
80	20	98.1180625	97.64125
79	21	98.1020253164557	97.415
78	22	98.0694230769231	97.6270454545455
77	23	98.0552597402598	97.3869565217391
76	24	98.0307236842105	97.400625
75	25	98.0111333333334	97.4958
74	26	98.0069594594594	97.1953846153846
73	27	97.9785616438356	97.5190740740741
72	28	97.9802083333333	97.50375
71	29	97.976338028169	97.2998275862069
70	30	97.9255714285715	97.5333333333333
69	31	97.9088405797101	97.3562903225807
68	32	97.9072058823529	97.44359375
67	33	97.8773880597016	97.6225757575757
66	34	97.8506060606061	97.4666176470588
65	35	97.8472307692308	97.4232857142857
64	36	97.837265625	97.7631944444444
63	37	97.8122222222222	97.4691891891892
62	38	97.7778225806452	97.4652631578947
61	39	97.8096721311475	97.5888461538462
60	40	97.781	97.38025
59	41	97.739406779661	97.4726829268293
58	42	97.7587068965517	97.6052380952381
57	43	97.7313157894737	97.5993023255814
56	44	97.7077678571428	97.4581818181818
55	45	97.6897272727273	97.4812222222222
54	46	97.6334259259259	97.4046739130434
53	47	97.646320754717	97.5422340425533
52	48	97.6571153846154	97.4707291666666
51	49	97.6286274509804	97.5836734693878
50	50	97.5691	97.3982
49	51	97.5847959183673	97.4865686274509
48	52	97.6027083333333	97.4666346153846
47	53	97.5378723404255	97.4759433962264
46	54	97.5120652173913	97.5656481481482
45	55	97.5128888888889	97.3694545454546
44	56	97.4670454545455	97.5938392857143
43	57	97.4753488372093	97.464298245614
42	58	97.4791666666667	97.5101724137931
41	59	97.4335365853658	97.5190677966102
40	60	97.405375	97.5786666666667
39	61	97.3942307692307	97.5915573770491
38	62	97.4184210526316	97.5038709677419
37	63	97.4137837837837	97.5996825396825
36	64	97.3959722222222	97.47328125
35	65	97.352	97.5511538461539
34	66	97.3330882352941	97.4195454545454
33	67	97.3136363636364	97.495
32	68	97.28046875	97.4616176470588
31	69	97.2661290322581	97.4852898550725
30	70	97.2183333333333	97.3847857142857
29	71	97.213275862069	97.5874647887324
28	72	97.2253571428571	97.5576388888889
27	73	97.22	97.4118493150685
26	74	97.1955769230769	97.5054054054054
25	75	97.1690000000001	97.5673333333333
24	76	97.1710416666666	97.5841447368421
23	77	97.155	97.4616233766234
22	78	97.1156818181818	97.558717948718
21	79	97.0840476190476	97.5670253164557
20	80	97.10175	97.4968125
19	81	97.0797368421051	97.6393827160493
18	82	97.0675	97.4896341463415
17	83	96.989705882353	97.5233734939759
16	84	96.97375	97.5857142857143
15	85	97.05	97.4825882352941
14	86	96.955	97.4631395348837
13	87	96.9796153846154	97.4785057471265
12	88	96.8925	97.4792045454545
11	89	96.9704545454546	97.6291573033708
10	90	96.9055	97.6074444444444
9	91	96.9222222222222	97.4070879120879
8	92	96.94375	97.5127173913043
7	93	96.8735714285714	97.5747849462366
6	94	96.8641666666666	97.4233510638298
5	95	96.901	97.4727368421053
4	96	96.83125	97.401875
3	97	96.7966666666667	97.4971134020618
2	98	96.84	97.4736734693877
1	99	96.745	97.5290404040404
0	100	0	97.38395
