num_of_shame_driven_hiding	num_of_guilt_driven_amending	average_fitness_of_shame_driven_hiding	average_fitness_of_guilt_driven_amending
100	0	99	0
99	1	99.0052525252525	97.955
98	2	99.0117346938776	97.905
97	3	99.0173195876288	97.9033333333333
96	4	99.0233854166666	97.915
95	5	99.0293684210526	97.92
94	6	99.0356382978724	97.9166666666667
93	7	99.0394086021506	97.9064285714285
92	8	99.0467934782609	97.88375
91	9	99.051043956044	97.9388888888889
90	10	99.0623333333334	97.913
89	11	99.063988764045	97.9140909090909
88	12	99.0686931818182	97.9258333333333
87	13	99.0748850574712	97.9515384615385
86	14	99.0828488372094	97.9471428571429
85	15	99.0860588235295	97.966
84	16	99.0917857142858	97.94125
83	17	99.0974096385542	97.9635294117647
82	18	99.1001829268293	97.9738888888889
81	19	99.1083950617284	97.9726315789473
80	20	99.111125	97.9735
79	21	99.1191772151898	98
78	22	99.1315384615385	97.9922727272727
77	23	99.1325974025974	97.9973913043478
76	24	99.1357894736842	98.0075
75	25	99.1422666666667	98.0014
74	26	99.1479054054054	98.0103846153846
73	27	99.1538356164384	98.0422222222223
72	28	99.164375	98.0351785714286
71	29	99.1669718309859	98.0225862068966
70	30	99.1756428571429	98.0418333333333
69	31	99.1786231884058	98.0317741935484
68	32	99.1824264705883	98.03671875
67	33	99.1938805970149	98.0619696969697
66	34	99.192803030303	98.0902941176471
65	35	99.2084615384616	98.0685714285715
64	36	99.210546875	98.0843055555555
63	37	99.2090476190477	98.0774324324324
62	38	99.2083064516128	98.0906578947368
61	39	99.2246721311475	98.1142307692308
60	40	99.2278333333334	98.076875
59	41	99.2329661016949	98.1012195121951
58	42	99.241724137931	98.1177380952381
57	43	99.2479824561404	98.1227906976744
56	44	99.2563392857143	98.1192045454546
55	45	99.2586363636363	98.1281111111111
54	46	99.2644444444445	98.1298913043478
53	47	99.2696226415094	98.1553191489362
52	48	99.2781730769231	98.1520833333333
51	49	99.2791176470588	98.1589795918368
50	50	99.2915	98.1669
49	51	99.3018367346938	98.1650000000001
48	52	99.2963541666667	98.17125
47	53	99.3080851063829	98.1781132075472
46	54	99.3160869565218	98.1658333333333
45	55	99.3194444444444	98.1889090909091
44	56	99.3342045454545	98.1966071428572
43	57	99.3273255813954	98.1928947368421
42	58	99.3279761904762	98.1873275862069
41	59	99.3312195121951	98.2177966101695
40	60	99.348	98.2109166666666
39	61	99.3528205128205	98.2450000000001
38	62	99.3590789473684	98.2295967741936
37	63	99.3583783783784	98.2326984126984
36	64	99.3683333333333	98.244453125
35	65	99.3804285714286	98.2477692307692
34	66	99.374705882353	98.2575757575758
33	67	99.395303030303	98.2489552238806
32	68	99.38828125	98.2592647058823
31	69	99.3920967741935	98.2673188405798
30	70	99.405	98.2719999999999
29	71	99.4034482758621	98.2752816901408
28	72	99.4110714285714	98.2866666666667
27	73	99.4203703703704	98.2873287671233
26	74	99.413076923077	98.3049324324324
25	75	99.4339999999999	98.3014
24	76	99.44	98.3042105263157
23	77	99.4345652173913	98.315
22	78	99.4452272727273	98.3113461538462
21	79	99.4464285714285	98.3360126582278
20	80	99.4549999999999	98.3331875
19	81	99.4699999999999	98.3442592592593
18	82	99.4508333333333	98.34
17	83	99.4723529411765	98.3572289156627
16	84	99.484375	98.3407738095238
15	85	99.4733333333333	98.3526470588235
14	86	99.4842857142857	98.3625
13	87	99.4819230769231	98.3738505747126
12	88	99.4991666666667	98.3649431818182
11	89	99.4977272727273	98.3807303370786
10	90	99.5215	98.3898888888888
9	91	99.5161111111111	98.401043956044
8	92	99.499375	98.3920652173912
7	93	99.5321428571429	98.4011290322581
6	94	99.5191666666667	98.4201595744681
5	95	99.544	98.4306842105263
4	96	99.535	98.425
3	97	99.5816666666667	98.4361855670103
2	98	99.5275	98.4375510204082
1	99	99.585	98.4468686868687
0	100	0	98.44675
