num_of_shame_driven_denying	num_of_Pavlov	average_fitness_of_shame_driven_denying	average_fitness_of_Pavlov
100	0	97.0475	0
99	1	97.0607575757576	96.285
98	2	97.0874489795918	96.1875
97	3	97.0593298969072	96.5333333333334
96	4	97.09125	96.58375
95	5	97.0875789473684	96.228
94	6	97.1084574468085	96.2091666666667
93	7	97.0929569892473	96.2264285714285
92	8	97.1236956521739	96.355625
91	9	97.119065934066	96.3172222222222
90	10	97.1666111111111	96.489
89	11	97.183595505618	96.2609090909091
88	12	97.1740340909091	96.7791666666666
87	13	97.1836781609195	96.4476923076923
86	14	97.1813372093023	96.4967857142857
85	15	97.2125882352941	96.317
84	16	97.2186309523809	96.5965625
83	17	97.2282530120482	96.4464705882353
82	18	97.2249999999999	96.6080555555556
81	19	97.245	96.336052631579
80	20	97.257875	96.85125
79	21	97.282088607595	96.4545238095238
78	22	97.2822435897436	96.5277272727272
77	23	97.2877922077922	96.5573913043479
76	24	97.2991447368421	96.4897916666667
75	25	97.3026	96.5782
74	26	97.3189864864865	96.728076923077
73	27	97.3439726027397	96.7561111111111
72	28	97.34625	96.7335714285714
71	29	97.3628169014084	96.5925862068966
70	30	97.3692142857143	96.764
69	31	97.391884057971	96.6653225806452
68	32	97.4163970588235	96.70171875
67	33	97.3973880597015	96.5945454545455
66	34	97.4171212121212	96.7532352941176
65	35	97.4210769230769	96.8918571428571
64	36	97.443125	96.6144444444444
63	37	97.450634920635	96.8674324324324
62	38	97.4609677419355	96.9480263157895
61	39	97.477131147541	96.7817948717948
60	40	97.4849166666666	96.78425
59	41	97.4852542372881	96.7609756097561
58	42	97.5006896551725	96.9229761904762
57	43	97.5176315789473	97.0873255813954
56	44	97.5305357142857	96.8815909090909
55	45	97.561	96.9048888888888
54	46	97.5381481481481	96.8948913043478
53	47	97.5436792452831	97.0181914893617
52	48	97.5475	96.9463541666667
51	49	97.5568627450981	96.8722448979592
50	50	97.5812	97.2363
49	51	97.6117346938776	96.8990196078431
48	52	97.6038541666667	97.0222115384615
47	53	97.6080851063829	97.0038679245283
46	54	97.6165217391305	97.0487037037037
45	55	97.6443333333333	96.7901818181819
44	56	97.6155681818182	96.9025892857143
43	57	97.6747674418605	97.025350877193
42	58	97.6641666666667	97.1126724137931
41	59	97.6812195121951	96.935
40	60	97.68775	96.99475
39	61	97.7074358974359	97.0158196721312
38	62	97.6972368421053	97.0008870967742
37	63	97.7183783783784	97.1431746031746
36	64	97.7152777777778	97.15921875
35	65	97.737	97.1546153846154
34	66	97.7579411764706	97.218409090909
33	67	97.7654545454545	97.1423880597015
32	68	97.7634375	97.3522794117647
31	69	97.8025806451613	97.2181884057971
30	70	97.7945	97.131
29	71	97.8224137931035	97.1354225352113
28	72	97.8453571428571	97.103125
27	73	97.8177777777777	97.1241095890411
26	74	97.8419230769231	97.1545945945946
25	75	97.8674	97.186
24	76	97.8433333333333	97.2181578947368
23	77	97.8539130434783	97.1412987012987
22	78	97.8963636363636	97.1623076923077
21	79	97.8633333333333	97.2644303797468
20	80	97.91675	97.2871875
19	81	97.915	97.2629012345679
18	82	97.9216666666666	97.2423780487805
17	83	97.9470588235294	97.3442168674699
16	84	97.9646875	97.2306547619048
15	85	97.9686666666666	97.2925882352941
14	86	98.0217857142858	97.2429651162791
13	87	97.9461538461539	97.2930459770115
12	88	98.0104166666667	97.4322727272727
11	89	98.0309090909091	97.4187640449439
10	90	98.0195	97.3494444444445
9	91	98.0472222222222	97.3240659340659
8	92	98.034375	97.3355434782608
7	93	98.0628571428571	97.3980645161291
6	94	98.0525	97.4946276595745
5	95	98.0850000000001	97.4222105263158
4	96	98.15875	97.2865104166666
3	97	98.0366666666667	97.4495360824742
2	98	98.1325	97.4202551020408
1	99	98.03	97.3887373737374
0	100	0	97.38845
