num_of_TFT_with_trembling_hand	num_of_guilt_driven_amending	average_fitness_of_TFT_with_trembling_hand	average_fitness_of_guilt_driven_amending
100	0	98.01605	0
99	1	98.0417676767676	98.015
98	2	98.0206632653061	97.965
97	3	98.0481443298969	98.0116666666667
96	4	98.0370833333333	97.9825
95	5	98.0416842105263	97.921
94	6	98.0493085106383	97.995
93	7	98.0620967741936	97.9892857142857
92	8	98.0644565217392	97.99375
91	9	98.0703846153846	97.9938888888889
90	10	98.0598888888889	97.9245
89	11	98.0732584269663	98.0709090909091
88	12	98.0620454545454	97.9858333333333
87	13	98.0802873563218	97.9765384615385
86	14	98.0961046511627	98.0314285714285
85	15	98.1084117647059	98.0123333333334
84	16	98.1085714285714	98.0378125
83	17	98.0974096385542	98.0467647058824
82	18	98.1190243902439	98.0091666666666
81	19	98.1148765432099	98.0126315789473
80	20	98.1255625	98.05
79	21	98.1264556962025	98.0659523809524
78	22	98.1455128205129	98.0379545454546
77	23	98.1366883116883	98.0752173913043
76	24	98.1445394736842	98.043125
75	25	98.1522666666667	98.0546
74	26	98.1626351351351	98.1176923076923
73	27	98.1379452054794	98.0866666666667
72	28	98.1826388888889	98.0935714285715
71	29	98.1580281690141	98.0851724137931
70	30	98.1725714285714	98.1176666666666
69	31	98.1939855072464	98.0951612903226
68	32	98.1877205882353	98.068125
67	33	98.1737313432836	98.0868181818182
66	34	98.1988636363636	98.1070588235294
65	35	98.2041538461539	98.1285714285715
64	36	98.19625	98.1198611111111
63	37	98.2112698412699	98.0971621621622
62	38	98.195	98.144605263158
61	39	98.215737704918	98.126923076923
60	40	98.2298333333333	98.163625
59	41	98.2522033898305	98.159512195122
58	42	98.2412068965518	98.1603571428572
57	43	98.2537719298245	98.1636046511628
56	44	98.253125	98.1744318181818
55	45	98.2428181818182	98.1626666666667
54	46	98.2523148148148	98.1567391304348
53	47	98.2691509433962	98.1509574468085
52	48	98.2610576923076	98.14875
51	49	98.2641176470588	98.1952040816326
50	50	98.2616	98.1688
49	51	98.2765306122449	98.206568627451
48	52	98.2767708333333	98.2151923076923
47	53	98.2817021276596	98.2166037735849
46	54	98.306847826087	98.213425925926
45	55	98.3134444444445	98.2132727272727
44	56	98.3229545454545	98.2224107142857
43	57	98.3165116279069	98.2411403508772
42	58	98.3385714285715	98.2477586206896
41	59	98.3174390243902	98.2382203389831
40	60	98.331375	98.26025
39	61	98.3326923076923	98.2550819672131
38	62	98.3303947368421	98.2529838709677
37	63	98.3322972972973	98.265873015873
36	64	98.3556944444444	98.259921875
35	65	98.36	98.2577692307692
34	66	98.345294117647	98.2603787878788
33	67	98.3522727272727	98.2837313432836
32	68	98.38328125	98.2848529411765
31	69	98.3698387096774	98.2861594202899
30	70	98.3926666666667	98.2828571428571
29	71	98.4037931034483	98.2952112676056
28	72	98.4057142857143	98.3056944444445
27	73	98.3866666666667	98.3017808219179
26	74	98.4040384615385	98.3147297297297
25	75	98.41	98.3089333333333
24	76	98.405	98.3338815789474
23	77	98.4358695652174	98.3299350649351
22	78	98.4081818181818	98.3460897435898
21	79	98.4071428571429	98.3503797468354
20	80	98.44025	98.356375
19	81	98.4307894736842	98.3546296296297
18	82	98.4233333333334	98.3488414634146
17	83	98.3955882352941	98.3653614457832
16	84	98.4225	98.3702380952381
15	85	98.4709999999999	98.3737647058823
14	86	98.4242857142857	98.384011627907
13	87	98.4503846153846	98.3932758620689
12	88	98.4570833333334	98.3821022727273
11	89	98.4731818181818	98.3865730337078
10	90	98.497	98.4041111111111
9	91	98.4950000000001	98.4043406593407
8	92	98.46375	98.4078260869565
7	93	98.4428571428572	98.408817204301
6	94	98.4466666666667	98.4219148936171
5	95	98.538	98.4288421052631
4	96	98.42375	98.42859375
3	97	98.465	98.4234020618557
2	98	98.5025	98.4345918367347
1	99	98.5	98.4409090909091
0	100	0	98.447
