num_of_TFT_with_trembling_hand	num_of_shame_driven_denying	average_fitness_of_TFT_with_trembling_hand	average_fitness_of_shame_driven_denying
100	0	98.0242	0
99	1	98.039292929293	97.98
98	2	97.9909693877551	98.09
97	3	97.9930927835052	98.0133333333334
96	4	97.9845833333333	98.065
95	5	97.9724210526316	98.013
94	6	97.9609042553191	98.0291666666667
93	7	97.9605913978494	97.9871428571428
92	8	97.93375	97.991875
91	9	97.934945054945	98.05
90	10	97.9267222222222	97.994
89	11	97.9069101123596	97.9786363636363
88	12	97.8941477272727	98.02
87	13	97.8948850574713	97.9853846153846
86	14	97.89	97.9439285714286
85	15	97.8867058823529	97.9456666666667
84	16	97.8599404761905	97.9003125
83	17	97.8424698795181	97.9276470588236
82	18	97.8070731707317	97.8994444444445
81	19	97.8264814814815	97.88
80	20	97.817875	97.8657500000001
79	21	97.7890506329114	97.8295238095238
78	22	97.7891666666667	97.8652272727273
77	23	97.7658441558442	97.8667391304348
76	24	97.7790789473684	97.8389583333333
75	25	97.7484666666667	97.8312
74	26	97.7262162162162	97.825
73	27	97.7447260273973	97.8331481481482
72	28	97.7334027777778	97.7855357142857
71	29	97.7266901408451	97.8046551724138
70	30	97.7190714285714	97.7623333333334
69	31	97.6939130434783	97.7537096774193
68	32	97.6963970588235	97.76375
67	33	97.6667164179104	97.7628787878788
66	34	97.6640909090909	97.7594117647059
65	35	97.631	97.7614285714286
64	36	97.6446875	97.7069444444445
63	37	97.6188888888889	97.7118918918919
62	38	97.6332258064516	97.7169736842105
61	39	97.618606557377	97.6885897435898
60	40	97.60475	97.67275
59	41	97.5867796610169	97.6624390243902
58	42	97.5733620689655	97.6454761904762
57	43	97.559298245614	97.6481395348837
56	44	97.5584821428571	97.6338636363637
55	45	97.5607272727273	97.6357777777777
54	46	97.5276851851852	97.5839130434782
53	47	97.5309433962264	97.6224468085106
52	48	97.5133653846154	97.5961458333333
51	49	97.5137254901961	97.5860204081633
50	50	97.4829	97.5689
49	51	97.4825510204082	97.5551960784314
48	52	97.4854166666667	97.5355769230769
47	53	97.4821276595744	97.5506603773585
46	54	97.4442391304347	97.5199074074074
45	55	97.4134444444444	97.5253636363636
44	56	97.4485227272727	97.5184821428572
43	57	97.386976744186	97.4985087719298
42	58	97.4160714285714	97.4887068965517
41	59	97.42	97.4886440677966
40	60	97.364	97.4623333333333
39	61	97.3983333333333	97.4389344262295
38	62	97.3701315789474	97.4316129032258
37	63	97.3428378378378	97.4569841269842
36	64	97.34	97.42296875
35	65	97.3235714285714	97.416
34	66	97.3342647058823	97.4217424242424
33	67	97.3557575757576	97.395895522388
32	68	97.2859375	97.4071323529412
31	69	97.3154838709677	97.3497101449275
30	70	97.2623333333333	97.3652142857143
29	71	97.2741379310344	97.3460563380282
28	72	97.2360714285714	97.3304861111111
27	73	97.2853703703704	97.3342465753424
26	74	97.2150000000001	97.3433783783784
25	75	97.2066	97.3167333333333
24	76	97.1970833333333	97.2923684210526
23	77	97.2245652173913	97.2807792207793
22	78	97.170909090909	97.2650641025641
21	79	97.2090476190477	97.2684810126583
20	80	97.19425	97.261125
19	81	97.1702631578948	97.2356172839506
18	82	97.1413888888889	97.2118902439025
17	83	97.1141176470588	97.2140963855422
16	84	97.1521875	97.2300595238095
15	85	97.0946666666667	97.2025882352942
14	86	97.1382142857143	97.1994186046512
13	87	97.1196153846154	97.2012068965517
12	88	97.0470833333334	97.1700568181818
11	89	97.1531818181818	97.1830337078652
10	90	97.052	97.1586666666667
9	91	97.111111111111	97.1358791208791
8	92	97.02125	97.1317934782609
7	93	97.0707142857143	97.1463440860216
6	94	97.0475	97.1194680851064
5	95	96.9790000000001	97.0885263157895
4	96	96.98125	97.0846875
3	97	97.02	97.0605154639175
2	98	96.845	97.0588775510204
1	99	97.05	97.0429292929293
0	100	0	97.06145
