num_of_TFT_with_trembling_hand	num_of_shame_driven_hiding	average_fitness_of_TFT_with_trembling_hand	average_fitness_of_shame_driven_hiding
100	0	98.0245	0
99	1	98.010303030303	99.075
98	2	98.027193877551	99.02
97	3	97.9973711340206	99.0016666666666
96	4	98.0161979166667	99.06375
95	5	98.0014210526316	99.044
94	6	98.0165425531915	99.0174999999999
93	7	98.0189247311828	99.075
92	8	98.0094021739131	99.064375
91	9	98.0082417582417	99.0405555555556
90	10	98.0006666666667	99.0285
89	11	98.0234269662922	99.0545454545454
88	12	98.0048863636363	99.0529166666667
87	13	98.0110344827586	99.0403846153846
86	14	98.0229069767441	99.0482142857143
85	15	98.0160588235294	99.053
84	16	98.0175	99.0503125
83	17	98.004156626506	99.0602941176471
82	18	98.0176219512195	99.0452777777778
81	19	98.0241358024691	99.0407894736842
80	20	97.9909374999999	99.0315
79	21	98.0163924050633	99.0342857142857
78	22	98.0105769230769	99.0413636363636
77	23	98.0150649350649	99.0408695652174
76	24	97.9992105263158	99.05
75	25	98.0109333333333	99.0528
74	26	97.9902702702702	99.0375
73	27	98.0010958904109	99.042037037037
72	28	97.9736111111111	99.0553571428571
71	29	98.0119014084507	99.0532758620689
70	30	98.0003571428572	99.038
69	31	98.0113768115942	99.0383870967742
68	32	97.9879411764706	99.04625
67	33	97.9932089552239	99.0368181818182
66	34	97.9875	99.0283823529412
65	35	97.9937692307692	99.0335714285714
64	36	97.997578125	99.0290277777778
63	37	97.980873015873	99.0393243243244
62	38	97.9988709677419	99.0257894736842
61	39	97.9736885245902	99.0430769230769
60	40	97.9889166666666	99.0388749999999
59	41	97.9977966101695	99.0365853658537
58	42	97.9938793103448	99.0375
57	43	97.9774561403508	99.0224418604651
56	44	97.9938392857143	99.0271590909091
55	45	97.9947272727272	99.0268888888889
54	46	97.9962962962963	99.0308695652174
53	47	98.0083962264151	99.0323404255319
52	48	97.98875	99.0280208333333
51	49	97.9702941176471	99.0230612244898
50	50	97.9958	99.0352
49	51	97.9631632653061	99.0202941176471
48	52	97.99125	99.0223076923077
47	53	97.9851063829788	99.028679245283
46	54	98.0036956521739	99.012037037037
45	55	97.9996666666667	99.0267272727273
44	56	97.9867045454546	99.0265178571429
43	57	97.9723255813953	99.0294736842105
42	58	97.9707142857143	99.0240517241379
41	59	97.995	99.0172881355932
40	60	97.962125	99.0235833333333
39	61	97.9787179487179	99.0225409836066
38	62	97.9851315789474	99.0204032258065
37	63	97.9537837837838	99.0246825396826
36	64	97.9706944444444	99.014609375
35	65	97.972	99.0219230769231
34	66	97.9708823529412	99.0240151515152
33	67	97.96	99.0175373134328
32	68	97.98296875	99.014044117647
31	69	97.9596774193548	99.0175362318841
30	70	97.9836666666667	99.0199285714285
29	71	97.9496551724138	99.0172535211267
28	72	97.9748214285715	99.0127083333333
27	73	97.9737037037037	99.0076712328767
26	74	97.9594230769231	99.0126351351351
25	75	97.9714	99.0140666666667
24	76	97.966875	99.0169736842105
23	77	97.9726086956522	99.015064935065
22	78	97.96	99.0096153846154
21	79	97.9619047619047	99.0124683544304
20	80	97.9515	99.0119375
19	81	97.9715789473685	99.0121604938272
18	82	97.9944444444445	99.0111585365854
17	83	97.9452941176471	99.0106024096385
16	84	97.9446875	99.0091666666667
15	85	97.9640000000001	99.011
14	86	97.9589285714286	99.0030813953488
13	87	97.951923076923	99.0075862068966
12	88	97.9370833333334	99.0064204545455
11	89	97.9268181818181	99.0049438202247
10	90	97.9465	99.0054444444444
9	91	97.9338888888889	99.0056593406593
8	92	97.938125	99.0053260869564
7	93	98.0028571428571	99.0041397849463
6	94	97.9366666666667	99.0003191489362
5	95	97.962	99.002
4	96	97.89125	99.0028645833333
3	97	97.9616666666667	99.0000515463917
2	98	97.965	99.0015306122449
1	99	97.98	98.9990404040404
0	100	0	99
