num_of_TFT_with_trembling_hand	num_of_Pavlov	average_fitness_of_TFT_with_trembling_hand	average_fitness_of_Pavlov
100	0	98.0309	0
99	1	98.0184343434343	97.065
98	2	98.0106632653061	96.95
97	3	98.0029896907217	97.0866666666667
96	4	97.9822395833333	97.33375
95	5	97.9761052631579	97.46
94	6	97.9701595744681	97.4016666666667
93	7	97.9615053763441	97.6757142857143
92	8	97.9591847826087	97.043125
91	9	97.9598901098901	97.1866666666667
90	10	97.9288888888889	97.3515
89	11	97.914213483146	97.2440909090909
88	12	97.908409090909	97.48875
87	13	97.9219540229885	97.7596153846153
86	14	97.8965697674419	97.3482142857143
85	15	97.8864705882353	97.3156666666667
84	16	97.876130952381	97.100625
83	17	97.8684939759037	97.2858823529412
82	18	97.8656097560976	97.3094444444445
81	19	97.863950617284	97.5918421052632
80	20	97.84675	97.41675
79	21	97.8569620253165	97.1095238095238
78	22	97.8395512820513	97.4643181818182
77	23	97.8303246753247	97.3195652173913
76	24	97.7943421052632	97.4302083333333
75	25	97.8108666666666	97.4646
74	26	97.8087837837838	97.3530769230769
73	27	97.7704794520548	97.4561111111111
72	28	97.7820138888889	97.4119642857143
71	29	97.8046478873239	97.3556896551724
70	30	97.7378571428572	97.4796666666667
69	31	97.7497101449275	97.2235483870968
68	32	97.7149264705883	97.36703125
67	33	97.7172388059702	97.249393939394
66	34	97.733106060606	97.4025
65	35	97.6940769230769	97.5181428571429
64	36	97.698125	97.3763888888888
63	37	97.7063492063492	97.5005405405405
62	38	97.6999193548387	97.3394736842105
61	39	97.6760655737705	97.3342307692308
60	40	97.6780833333333	97.434
59	41	97.6506779661018	97.5032926829268
58	42	97.6364655172414	97.3204761904762
57	43	97.6360526315789	97.5445348837209
56	44	97.6250892857143	97.4609090909091
55	45	97.6197272727273	97.4374444444444
54	46	97.579537037037	97.334347826087
53	47	97.6220754716982	97.4067021276596
52	48	97.5809615384616	97.4484375
51	49	97.6044117647059	97.6248979591836
50	50	97.5837000000001	97.3837
49	51	97.564693877551	97.4008823529412
48	52	97.5739583333333	97.5457692307692
47	53	97.5382978723404	97.3866037735849
46	54	97.5401086956522	97.5056481481482
45	55	97.5437777777778	97.3580909090909
44	56	97.5342045454546	97.4405357142857
43	57	97.5134883720931	97.2929824561404
42	58	97.5189285714286	97.4469827586206
41	59	97.5071951219512	97.458813559322
40	60	97.48625	97.4826666666667
39	61	97.4787179487179	97.4131147540983
38	62	97.4467105263158	97.2796774193549
37	63	97.4758108108108	97.4846031746032
36	64	97.4481944444445	97.47921875
35	65	97.437	97.5490769230769
34	66	97.4480882352941	97.2304545454546
33	67	97.4331818181819	97.6387313432836
32	68	97.423125	97.4345588235294
31	69	97.4296774193548	97.528768115942
30	70	97.4435	97.5078571428571
29	71	97.3522413793104	97.4849295774648
28	72	97.3416071428572	97.3729861111111
27	73	97.4248148148148	97.4724657534247
26	74	97.3894230769231	97.4235810810811
25	75	97.3636	97.3942666666666
24	76	97.32625	97.3196052631578
23	77	97.3521739130435	97.6044805194805
22	78	97.3431818181818	97.4207051282052
21	79	97.3411904761904	97.4096202531646
20	80	97.322	97.490375
19	81	97.3302631578947	97.473024691358
18	82	97.275	97.3374390243902
17	83	97.3161764705883	97.5189759036144
16	84	97.2221875	97.4029166666666
15	85	97.2376666666667	97.4784117647059
14	86	97.2435714285714	97.4682558139535
13	87	97.2388461538462	97.418448275862
12	88	97.20625	97.5429545454545
11	89	97.1759090909091	97.4823033707865
10	90	97.2165	97.4428333333333
9	91	97.2377777777778	97.4557142857143
8	92	97.284375	97.4945652173913
7	93	97.1978571428572	97.4017741935483
6	94	97.1925	97.4595744680851
5	95	97.12	97.4243157894737
4	96	97.16875	97.47390625
3	97	97.1083333333333	97.4287628865979
2	98	97.1	97.4145408163265
1	99	97.125	97.3783838383839
0	100	0	97.4928
