num_of_tit_for_tat	num_of_Pavlov	average_fitness_of_tit_for_tat	average_fitness_of_Pavlov
100	0	100	0
99	1	99.9735858585858	100.58
98	2	99.9495408163265	101.1425
97	3	99.9244329896908	100.783333333333
96	4	99.8960416666667	100.95875
95	5	99.8712105263158	100.88
94	6	99.8532978723404	100.8575
93	7	99.8206451612903	100.636428571429
92	8	99.8091847826087	100.85
91	9	99.7825274725275	100.681111111111
90	10	99.7471666666667	100.4455
89	11	99.7228651685393	100.861363636364
88	12	99.7001136363636	100.53125
87	13	99.6737931034483	100.566538461538
86	14	99.6394767441861	100.400714285714
85	15	99.6070588235295	100.680666666667
84	16	99.5924404761905	100.3425
83	17	99.5607831325301	100.205588235294
82	18	99.5475609756098	100.361388888889
81	19	99.5133333333333	100.264473684211
80	20	99.4925	100.132
79	21	99.477088607595	100.125238095238
78	22	99.4248076923077	100.338409090909
77	23	99.3954545454545	100.047826086957
76	24	99.3969736842106	100.24125
75	25	99.335	100.123
74	26	99.3441216216216	99.8430769230769
73	27	99.2952739726028	100.04037037037
72	28	99.2740972222222	99.9358928571429
71	29	99.2315492957746	99.7268965517242
70	30	99.2590714285714	99.7513333333333
69	31	99.2090579710146	99.8482258064516
68	32	99.1847794117647	99.92234375
67	33	99.1522388059701	99.8934848484849
66	34	99.1130303030302	99.7442647058823
65	35	99.1097692307692	99.7642857142857
64	36	99.078359375	99.6223611111111
63	37	99.0654761904762	99.4932432432433
62	38	99.0143548387097	99.5511842105263
61	39	99.0068852459016	99.5201282051281
60	40	98.981	99.499375
59	41	98.9336440677966	99.42
58	42	98.9087931034483	99.5928571428571
57	43	98.9029824561404	99.3963953488372
56	44	98.881875	99.3020454545455
55	45	98.8578181818181	99.2177777777777
54	46	98.8141666666667	99.3785869565218
53	47	98.7997169811321	99.3560638297872
52	48	98.7625	99.2759375
51	49	98.7496078431373	99.1619387755102
50	50	98.7131	99.123
49	51	98.6775510204081	99.1535294117647
48	52	98.6830208333333	99.0847115384615
47	53	98.651170212766	98.9974528301887
46	54	98.6201086956522	99.0850925925925
45	55	98.5606666666667	98.9063636363636
44	56	98.5863636363637	98.9691071428571
43	57	98.5344186046512	98.9077192982457
42	58	98.5208333333333	98.7963793103448
41	59	98.4740243902439	98.8327966101695
40	60	98.45025	98.7764166666667
39	61	98.4596153846154	98.7515573770492
38	62	98.3890789473684	98.8095161290323
37	63	98.3922972972973	98.6735714285713
36	64	98.3681944444444	98.661953125
35	65	98.3197142857143	98.7383846153846
34	66	98.3020588235294	98.64
33	67	98.285606060606	98.5767164179105
32	68	98.266875	98.6173529411764
31	69	98.2183870967742	98.5995652173913
30	70	98.1825	98.4567142857143
29	71	98.1758620689655	98.4110563380282
28	72	98.1732142857143	98.4564583333333
27	73	98.1411111111111	98.3786301369863
26	74	98.0921153846154	98.2535810810811
25	75	98.0853999999999	98.4218
24	76	98.064375	98.3482236842106
23	77	98.0434782608696	98.2124025974026
22	78	97.9970454545454	98.1067948717949
21	79	97.9997619047619	98.291582278481
20	80	97.94	97.9834999999999
19	81	97.9431578947369	98.1258024691358
18	82	97.8963888888889	98.0196341463415
17	83	97.8841176470588	97.9887349397591
16	84	97.8690625	97.9989285714286
15	85	97.809	97.8296470588236
14	86	97.7985714285714	97.8522674418605
13	87	97.7792307692308	97.9369540229885
12	88	97.7304166666667	97.8860227272727
11	89	97.7272727272727	97.8676966292135
10	90	97.734	97.7742777777778
9	91	97.6894444444445	97.715
8	92	97.665625	97.7077717391304
7	93	97.655	97.6749462365591
6	94	97.5641666666667	97.6825531914893
5	95	97.579	97.6201578947368
4	96	97.5325	97.5021354166666
3	97	97.4883333333333	97.5757216494845
2	98	97.505	97.5007142857143
1	99	97.39	97.4383838383838
0	100	0	97.4515
