num_of_tit_for_tat	num_of_guilt_driven_amending	average_fitness_of_tit_for_tat	average_fitness_of_guilt_driven_amending
100	0	100	0
99	1	99.9871212121212	99.945
98	2	99.9704591836734	99.8475
97	3	99.9538144329897	99.7783333333333
96	4	99.94328125	99.8075
95	5	99.9307894736841	99.809
94	6	99.9129787234042	99.775
93	7	99.9010752688172	99.7985714285714
92	8	99.8867934782609	99.708125
91	9	99.8733516483517	99.7377777777777
90	10	99.855	99.753
89	11	99.8383707865168	99.7513636363636
88	12	99.8277840909091	99.7225000000001
87	13	99.8062068965517	99.6880769230769
86	14	99.7975	99.6725
85	15	99.7854705882353	99.6533333333333
84	16	99.7659523809524	99.629375
83	17	99.7534337349397	99.6444117647059
82	18	99.7412804878049	99.625
81	19	99.7279629629629	99.5978947368421
80	20	99.7113750000001	99.59
79	21	99.6987341772151	99.5980952380953
78	22	99.6824358974359	99.5109090909091
77	23	99.6687012987013	99.564347826087
76	24	99.6577631578947	99.50875
75	25	99.6455333333334	99.5354
74	26	99.6262162162162	99.5042307692308
73	27	99.617397260274	99.4825925925926
72	28	99.5936111111111	99.4408928571429
71	29	99.5829577464788	99.4255172413793
70	30	99.5651428571428	99.4533333333333
69	31	99.5578985507246	99.4356451612903
68	32	99.5366176470588	99.39640625
67	33	99.514776119403	99.4393939393939
66	34	99.5043939393939	99.3945588235294
65	35	99.4908461538461	99.3577142857143
64	36	99.48375	99.3773611111111
63	37	99.4701587301587	99.3374324324324
62	38	99.4465322580645	99.3261842105263
61	39	99.4373770491804	99.3078205128205
60	40	99.4289166666667	99.313125
59	41	99.4086440677967	99.2667073170732
58	42	99.4053448275862	99.2730952380953
57	43	99.3815789473684	99.2490697674419
56	44	99.3731249999999	99.2434090909091
55	45	99.3606363636363	99.2341111111111
54	46	99.3349074074074	99.2157608695652
53	47	99.3267924528301	99.1840425531915
52	48	99.3189423076923	99.1880208333333
51	49	99.2933333333333	99.1769387755102
50	50	99.2734	99.1726
49	51	99.2628571428572	99.1369607843138
48	52	99.2492708333333	99.1092307692308
47	53	99.2386170212766	99.122358490566
46	54	99.2343478260869	99.1038888888889
45	55	99.2052222222222	99.0987272727273
44	56	99.1851136363637	99.0779464285715
43	57	99.1798837209302	99.0589473684211
42	58	99.1771428571429	99.0460344827586
41	59	99.1443902439024	99.0440677966102
40	60	99.13775	99.0263333333333
39	61	99.1171794871795	99.002868852459
38	62	99.1202631578947	99.0008870967742
37	63	99.0975675675676	98.9779365079365
36	64	99.0668055555556	98.985859375
35	65	99.0381428571429	98.9470000000001
34	66	99.0558823529412	98.9385606060606
33	67	99.0390909090909	98.9371641791045
32	68	99.010625	98.9108088235294
31	69	99.0206451612903	98.8958695652174
30	70	99.0006666666667	98.8867857142857
29	71	98.9737931034483	98.8717605633803
28	72	98.9692857142857	98.8392361111111
27	73	98.9646296296297	98.8293150684932
26	74	98.9276923076923	98.8068918918919
25	75	98.9346	98.7882
24	76	98.9214583333333	98.7857894736842
23	77	98.8732608695652	98.7794805194805
22	78	98.8763636363636	98.7496153846154
21	79	98.8685714285714	98.7403164556962
20	80	98.841	98.7160625
19	81	98.816052631579	98.7258024691359
18	82	98.8122222222221	98.7092073170732
17	83	98.8182352941176	98.6986144578313
16	84	98.79625	98.6897619047619
15	85	98.7873333333333	98.6676470588235
14	86	98.7332142857143	98.6442441860465
13	87	98.7484615384615	98.6516091954023
12	88	98.7091666666666	98.6253409090909
11	89	98.7395454545455	98.611404494382
10	90	98.7025	98.5835
9	91	98.6844444444445	98.5827472527473
8	92	98.70625	98.555652173913
7	93	98.7035714285714	98.5467204301076
6	94	98.64	98.5395212765957
5	95	98.644	98.5281578947368
4	96	98.6575	98.5058333333334
3	97	98.5766666666667	98.4835051546391
2	98	98.61	98.4796428571429
1	99	98.61	98.474494949495
0	100	0	98.4525499999999
