num_of_tit_for_tat	num_of_shame_driven_denying	average_fitness_of_tit_for_tat	average_fitness_of_shame_driven_denying
100	0	100	0
99	1	99.9677272727273	100.015
98	2	99.9383163265306	99.9925
97	3	99.9046391752577	99.9316666666666
96	4	99.8813020833333	99.95875
95	5	99.8409473684211	99.814
94	6	99.8139893617022	99.8525
93	7	99.7929032258065	99.8521428571428
92	8	99.7595652173913	99.78375
91	9	99.7454945054945	99.7372222222222
90	10	99.6926666666667	99.716
89	11	99.6679775280898	99.7304545454545
88	12	99.6269886363636	99.7079166666666
87	13	99.6116091954023	99.7146153846154
86	14	99.5732558139535	99.6467857142857
85	15	99.5405294117647	99.5893333333333
84	16	99.5247619047619	99.5359375
83	17	99.4877710843374	99.5467647058823
82	18	99.4659146341463	99.4769444444445
81	19	99.4155555555555	99.4828947368421
80	20	99.4063125	99.44425
79	21	99.3477215189874	99.3614285714285
78	22	99.3445512820513	99.3045454545454
77	23	99.297922077922	99.3452173913044
76	24	99.2689473684211	99.36125
75	25	99.2527333333333	99.2546
74	26	99.2087162162162	99.2794230769231
73	27	99.1736301369862	99.2025925925926
72	28	99.1590972222222	99.1673214285714
71	29	99.1218309859155	99.1677586206897
70	30	99.0860714285714	99.145
69	31	99.0581884057971	99.1259677419355
68	32	99.05125	99.05203125
67	33	99.010671641791	99.0101515151515
66	34	98.9721969696969	98.9983823529411
65	35	98.9271538461539	98.9317142857143
64	36	98.930625	98.9295833333333
63	37	98.8840476190476	98.9009459459459
62	38	98.8502419354839	98.8755263157895
61	39	98.8304918032787	98.8603846153846
60	40	98.7800833333333	98.788375
59	41	98.783220338983	98.8121951219512
58	42	98.7418965517241	98.7878571428571
57	43	98.694298245614	98.7269767441861
56	44	98.7009821428571	98.7334090909091
55	45	98.6085454545454	98.6581111111111
54	46	98.5899074074074	98.6494565217392
53	47	98.5896226415094	98.6240425531914
52	48	98.5549038461538	98.6215625
51	49	98.5037254901961	98.5731632653061
50	50	98.4897	98.5329
49	51	98.430306122449	98.5260784313726
48	52	98.408125	98.4357692307692
47	53	98.3805319148936	98.449716981132
46	54	98.3723913043478	98.4256481481481
45	55	98.3136666666667	98.364909090909
44	56	98.3181818181818	98.3492857142857
43	57	98.2483720930232	98.3370175438597
42	58	98.2151190476191	98.276724137931
41	59	98.2126829268293	98.2720338983051
40	60	98.204	98.2293333333334
39	61	98.1476923076923	98.1823770491803
38	62	98.1732894736842	98.2006451612903
37	63	98.1177027027027	98.1619047619047
36	64	98.05	98.13515625
35	65	98.0131428571428	98.1056923076923
34	66	98.0050000000001	98.0520454545455
33	67	97.9492424242424	98.0447761194029
32	68	97.99375	97.9675
31	69	97.9124193548387	97.9489130434783
30	70	97.8683333333334	97.9366428571429
29	71	97.8586206896551	97.9122535211267
28	72	97.7998214285714	97.8596527777778
27	73	97.8061111111111	97.8392465753425
26	74	97.7796153846153	97.8301351351352
25	75	97.7038	97.7857333333334
24	76	97.6620833333334	97.7569078947368
23	77	97.6404347826087	97.7340909090909
22	78	97.6406818181818	97.6905128205128
21	79	97.6161904761905	97.6864556962025
20	80	97.58275	97.637375
19	81	97.5660526315789	97.611049382716
18	82	97.5180555555555	97.5782926829268
17	83	97.4973529411764	97.5355421686747
16	84	97.4675	97.5217857142857
15	85	97.41	97.5073529411765
14	86	97.3935714285714	97.4579069767441
13	87	97.3342307692308	97.4466091954023
12	88	97.3525	97.42125
11	89	97.3331818181818	97.3774157303371
10	90	97.315	97.3605
9	91	97.24	97.3282417582417
8	92	97.245625	97.2834782608696
7	93	97.1285714285714	97.2482795698925
6	94	97.1716666666667	97.2344680851064
5	95	97.102	97.2010526315789
4	96	97.10125	97.1453125
3	97	97.04	97.140206185567
2	98	97.0375	97.1072448979592
1	99	97.145	97.0947474747475
0	100	0	97.0449
