num_of_tit_for_tat	num_of_shame_driven_hiding	average_fitness_of_tit_for_tat	average_fitness_of_shame_driven_hiding
100	0	100	0
99	1	99.9810101010101	101
98	2	99.9572448979591	100.975
97	3	99.9392783505155	100.956666666667
96	4	99.9184375	100.9375
95	5	99.8955789473683	100.9
94	6	99.8753191489361	100.891666666667
93	7	99.8536559139785	100.88
92	8	99.8378260869565	100.8625
91	9	99.820989010989	100.84
90	10	99.8	100.799
89	11	99.7796629213483	100.795454545455
88	12	99.7547727272727	100.800833333333
87	13	99.7428735632183	100.766153846154
86	14	99.7189534883721	100.734285714286
85	15	99.7071764705883	100.700666666667
84	16	99.6847619047619	100.701875
83	17	99.6581927710844	100.689411764706
82	18	99.6493902439025	100.643333333333
81	19	99.6243209876543	100.636315789474
80	20	99.59575	100.6205
79	21	99.5741772151899	100.586666666667
78	22	99.5552564102564	100.583181818182
77	23	99.5327272727273	100.571739130435
76	24	99.5156578947368	100.523333333333
75	25	99.5038666666667	100.5256
74	26	99.4760810810811	100.498846153846
73	27	99.4613698630137	100.465185185185
72	28	99.4425	100.440357142857
71	29	99.4201408450705	100.435517241379
70	30	99.402	100.417
69	31	99.3743478260869	100.407741935484
68	32	99.3579411764706	100.3915625
67	33	99.3353731343284	100.346060606061
66	34	99.3181818181818	100.354117647059
65	35	99.3	100.314285714286
64	36	99.27875	100.285277777778
63	37	99.2598412698413	100.271621621622
62	38	99.2535483870968	100.238421052632
61	39	99.2295081967213	100.249743589744
60	40	99.2068333333334	100.219
59	41	99.1706779661017	100.19756097561
58	42	99.1589655172414	100.197857142857
57	43	99.1345614035088	100.143720930233
56	44	99.1130357142857	100.128409090909
55	45	99.0896363636364	100.116
54	46	99.0781481481481	100.104130434783
53	47	99.0477358490566	100.081489361702
52	48	99.034423076923	100.055833333333
51	49	99.0152941176471	100.039183673469
50	50	98.9896	100.0294
49	51	98.9783673469387	99.9970588235294
48	52	98.959375	99.9542307692307
47	53	98.9272340425532	99.938679245283
46	54	98.9084782608695	99.9372222222222
45	55	98.8902222222222	99.92
44	56	98.8822727272728	99.8807142857143
43	57	98.843488372093	99.8808771929824
42	58	98.8209523809523	99.8637931034483
41	59	98.8124390243903	99.8313559322034
40	60	98.794	99.8063333333334
39	61	98.7664102564103	99.790655737705
38	62	98.7402631578947	99.775
37	63	98.7227027027027	99.7522222222222
36	64	98.7158333333334	99.725625
35	65	98.6771428571428	99.7158461538462
34	66	98.6823529411765	99.6934848484849
33	67	98.6424242424243	99.6738805970149
32	68	98.638125	99.6422058823529
31	69	98.5993548387097	99.6271014492754
30	70	98.5923333333334	99.594
29	71	98.56	99.5901408450704
28	72	98.5267857142857	99.5748611111111
27	73	98.5422222222222	99.5367123287671
26	74	98.4984615384615	99.5285135135136
25	75	98.4768	99.5041333333334
24	76	98.4866666666667	99.4868421052632
23	77	98.4526086956522	99.4681818181818
22	78	98.4054545454545	99.4452564102564
21	79	98.4014285714286	99.4296202531645
20	80	98.394	99.39625
19	81	98.3457894736842	99.3823456790123
18	82	98.3216666666667	99.3676829268292
17	83	98.3229411764705	99.3416867469879
16	84	98.295625	99.3192857142857
15	85	98.2733333333333	99.2984705882353
14	86	98.2621428571429	99.2938372093023
13	87	98.2307692307692	99.2567816091954
12	88	98.2	99.2452272727273
11	89	98.2072727272727	99.2283146067416
10	90	98.1820000000001	99.206
9	91	98.1644444444445	99.1828571428572
8	92	98.14625	99.1681521739131
7	93	98.13	99.14
6	94	98.115	99.1202127659574
5	95	98.066	99.0998947368421
4	96	98.06	99.0807291666666
3	97	98.0666666666666	99.0630927835051
2	98	98.035	99.0404081632654
1	99	98	99.020505050505
0	100	0	99
