num_of_generous_TFT	num_of_guilt_driven_amending	average_fitness_of_generous_TFT	average_fitness_of_guilt_driven_amending
100	0	50	0
99	1	49.7434090909091	61.0575
98	2	49.5144642857143	61.42125
97	3	49.2537113402062	61.1608333333333
96	4	49.0011197916667	60.8
95	5	48.7746578947368	60.7545
94	6	48.5230053191489	60.2995833333333
93	7	48.2774731182796	60.2153571428571
92	8	48.0316032608696	59.92125
91	9	47.800989010989	59.6705555555556
90	10	47.51625	59.4025
89	11	47.3078370786517	59.0047727272728
88	12	47.0301988636364	58.986875
87	13	46.7922988505747	58.6963461538462
86	14	46.5430813953488	58.2919642857143
85	15	46.3438235294118	58.2598333333333
84	16	46.100744047619	57.7646875
83	17	45.7743975903615	57.7302941176471
82	18	45.5782926829268	57.3579166666667
81	19	45.3258950617284	57.288552631579
80	20	45.06840625	56.83775
79	21	44.8392721518988	56.7957142857143
78	22	44.5645512820513	56.5059090909091
77	23	44.3740584415584	56.2639130434782
76	24	44.1096381578947	56.1877083333333
75	25	43.8758	55.7546
74	26	43.6222297297297	55.37875
73	27	43.3657191780822	55.1591666666667
72	28	43.0776041666667	55.0633035714285
71	29	42.8494718309859	54.861724137931
70	30	42.6185357142857	54.54275
69	31	42.393768115942	54.3052419354838
68	32	42.1124264705882	54.107265625
67	33	41.9088805970149	53.7855303030303
66	34	41.5832575757576	53.6442647058823
65	35	41.4080384615385	53.2763571428571
64	36	41.1272265625	53.0603472222222
63	37	40.9046031746032	52.8989189189189
62	38	40.6842338709677	52.6809210526316
61	39	40.425737704918	52.3660897435897
60	40	40.24275	52.07625
59	41	39.9590677966102	51.8896341463415
58	42	39.6304310344828	51.6029761904762
57	43	39.4480263157895	51.4256395348838
56	44	39.1987053571429	51.0959090909091
55	45	38.9126818181818	50.8351666666667
54	46	38.6752314814815	50.655
53	47	38.4756132075472	50.448829787234
52	48	38.1896153846154	50.1391666666666
51	49	37.9675	49.9603571428571
50	50	37.6943	49.64995
49	51	37.4593367346939	49.4284803921569
48	52	37.1791145833333	49.2167307692308
47	53	36.9937234042553	49.0008962264151
46	54	36.6709239130435	48.7150925925926
45	55	36.5047222222222	48.4934090909091
44	56	36.2652272727273	48.2679910714286
43	57	35.9206976744186	48.0622807017544
42	58	35.771369047619	47.7278879310345
41	59	35.5343292682927	47.5242796610169
40	60	35.2373125	47.23725
39	61	34.9351282051282	47.1368032786885
38	62	34.7971052631579	46.7645161290322
37	63	34.4766216216216	46.5610714285715
36	64	34.3	46.31296875
35	65	34.0573571428571	46.0292307692308
34	66	33.7248529411765	45.857803030303
33	67	33.4880303030303	45.5970895522388
32	68	33.29609375	45.3918014705882
31	69	33.000564516129	45.1197463768116
30	70	32.7796666666667	44.9093571428571
29	71	32.5010344827586	44.6201408450704
28	72	32.3200892857143	44.4053472222222
27	73	32.0985185185185	44.1371917808219
26	74	31.7385576923077	43.9120608108108
25	75	31.5539	43.6204333333333
24	76	31.2522916666667	43.4199342105263
23	77	31.0620652173913	43.1474675324675
22	78	30.7454545454545	42.9574358974359
21	79	30.600119047619	42.7200632911392
20	80	30.27725	42.4561875
19	81	30.108552631579	42.1936419753086
18	82	29.7730555555556	41.9885365853659
17	83	29.5727941176471	41.6915963855422
16	84	29.3121875	41.4572619047619
15	85	29.095	41.2519117647059
14	86	28.7044642857143	41.068226744186
13	87	28.5178846153846	40.7680747126437
12	88	28.245625	40.5644886363636
11	89	28.0552272727273	40.2577247191011
10	90	27.881	40.0134444444444
9	91	27.7244444444445	39.7777472527472
8	92	27.3865625	39.5553260869565
7	93	27.23	39.2578494623656
6	94	26.9833333333333	39.0785638297872
5	95	26.617	38.8401052631579
4	96	26.375	38.6115104166667
3	97	26.27	38.3282731958763
2	98	25.805	38.0941581632653
1	99	25.46	37.8240909090909
0	100	0	37.690475
