num_of_generous_TFT	num_of_TFT_with_trembling_hand	average_fitness_of_generous_TFT	average_fitness_of_TFT_with_trembling_hand
100	0	50	0
99	1	49.6857575757576	65.9
98	2	49.3498469387755	65.3275
97	3	49.0388402061856	65.5216666666666
96	4	48.7094791666667	64.535
95	5	48.3910263157895	64.5445
94	6	48.0457446808511	64.245
93	7	47.7599731182796	63.8653571428572
92	8	47.4302445652174	63.5146875
91	9	47.1300549450549	63.1508333333333
90	10	46.7974166666666	62.72925
89	11	46.4652528089888	62.4897727272727
88	12	46.1426704545454	62.1666666666667
87	13	45.8199712643678	61.9157692307692
86	14	45.5125872093023	61.5148214285714
85	15	45.2008235294118	61.2918333333333
84	16	44.8484821428571	60.9653125
83	17	44.5761144578313	60.5702941176471
82	18	44.2486890243902	60.2638888888889
81	19	43.9448148148148	60.0632894736842
80	20	43.6015	59.6375
79	21	43.2693987341772	59.3632142857143
78	22	42.9579166666667	59.0740909090909
77	23	42.5940584415584	58.8775
76	24	42.3108881578948	58.5238541666667
75	25	41.9910333333333	58.1079
74	26	41.6734459459459	57.8102884615385
73	27	41.4193493150685	57.5778703703704
72	28	41.0332638888889	57.0798214285714
71	29	40.7578521126761	56.8148275862069
70	30	40.4068928571429	56.5569166666667
69	31	40.056847826087	56.2720967741935
68	32	39.7377205882353	55.970703125
67	33	39.4211567164179	55.6924242424242
66	34	39.1853409090909	55.299705882353
65	35	38.7667307692308	54.9128571428571
64	36	38.493828125	54.7354861111111
63	37	38.1432936507937	54.3648648648648
62	38	37.9103629032258	54.0350657894737
61	39	37.5113114754098	53.7779487179487
60	40	37.236625	53.471
59	41	36.9162711864407	53.1091463414634
58	42	36.5432327586207	52.8414285714285
57	43	36.2543859649123	52.435988372093
56	44	35.8827678571429	52.2553409090909
55	45	35.6421818181818	51.8803333333333
54	46	35.3243518518518	51.5791847826087
53	47	34.955	51.2435638297872
52	48	34.6730769230769	50.93515625
51	49	34.2685294117647	50.6409693877551
50	50	34.0219	50.2541
49	51	33.6935714285714	50.0409803921569
48	52	33.30359375	49.6526442307692
47	53	33.0693617021276	49.452641509434
46	54	32.788097826087	49.114212962963
45	55	32.4165555555556	48.8445454545454
44	56	32.076875	48.5333482142857
43	57	31.7763372093023	48.0756140350877
42	58	31.4511904761905	47.8743965517241
41	59	31.074512195122	47.5767372881356
40	60	30.795375	47.1856666666666
39	61	30.5358333333333	46.9236065573771
38	62	30.1654605263158	46.6494758064516
37	63	29.8651351351351	46.2519841269841
36	64	29.56375	45.9878515625
35	65	29.2215714285714	45.6055
34	66	28.9123529411765	45.3580303030303
33	67	28.5062878787879	45.099552238806
32	68	28.218359375	44.6969485294118
31	69	27.9245161290322	44.3754710144928
30	70	27.543	44.08625
29	71	27.3218103448276	43.7514084507042
28	72	26.9775	43.5102083333333
27	73	26.6389814814815	43.2223287671233
26	74	26.3172115384615	42.8848986486486
25	75	25.9596	42.5980666666667
24	76	25.6454166666667	42.1976315789474
23	77	25.5332608695652	41.833051948052
22	78	25.0595454545455	41.623108974359
21	79	24.8195238095238	41.3042088607595
20	80	24.371125	41.037
19	81	24.2352631578947	40.6785185185185
18	82	23.6898611111111	40.3165243902439
17	83	23.4133823529412	40.0594879518072
16	84	23.1565625	39.7711607142857
15	85	22.8241666666667	39.4025588235294
14	86	22.4316071428571	39.1969186046512
13	87	22.2051923076923	38.8026149425287
12	88	21.8252083333333	38.4308522727273
11	89	21.5522727272727	38.159606741573
10	90	21.084	37.8977222222222
9	91	20.6686111111111	37.5848626373626
8	92	20.5328125	37.2305434782609
7	93	20.3996428571429	36.9597849462366
6	94	19.8916666666667	36.6185372340426
5	95	19.4495	36.2687631578947
4	96	19.255625	36.0575260416667
3	97	19.0691666666667	35.6657474226804
2	98	18.32	35.3707142857143
1	99	18.3025	35.0900252525252
0	100	0	34.746875
