num_of_generous_TFT	num_of_shame_driven_hiding	average_fitness_of_generous_TFT	average_fitness_of_shame_driven_hiding
100	0	50	0
99	1	49.669696969697	80
98	2	49.3227551020408	79.615
97	3	49.0090721649484	79.21
96	4	48.6739583333333	78.9375
95	5	48.309052631579	78.6
94	6	47.9762765957447	78.245
93	7	47.6336559139785	77.8785714285714
92	8	47.2884782608696	77.5
91	9	46.965054945055	77.17
90	10	46.6305555555555	76.793
89	11	46.2721348314607	76.4
88	12	45.9314772727273	76.055
87	13	45.5958620689655	75.68
86	14	45.2525581395349	75.3592857142857
85	15	44.8784705882353	75.0706666666667
84	16	44.5380952380952	74.616875
83	17	44.2380722891567	74.2147058823529
82	18	43.8767073170732	73.8433333333333
81	19	43.4985185185185	73.6673684210526
80	20	43.127125	73.101
79	21	42.7878481012658	72.8385714285715
78	22	42.4197435897436	72.4122727272727
77	23	42.0558441558442	72.0330434782609
76	24	41.6902631578947	71.73375
75	25	41.3409333333333	71.3276
74	26	40.9943243243243	71.0196153846154
73	27	40.5546575342466	70.5337037037036
72	28	40.2536111111111	70.1667857142857
71	29	39.8812676056338	69.7231034482759
70	30	39.5774285714286	69.4373333333333
69	31	39.1039130434782	69.0625806451613
68	32	38.7814705882353	68.7028125
67	33	38.4432835820895	68.2506060606061
66	34	38.0622727272727	67.8608823529412
65	35	37.7227692307692	67.5968571428571
64	36	37.2659375	67.1133333333333
63	37	36.9171428571429	66.6813513513514
62	38	36.5438709677419	66.3886842105263
61	39	36.1527868852459	66.0117948717949
60	40	35.7913333333333	65.6155
59	41	35.4120338983051	65.2585365853659
58	42	35.0506896551724	64.8547619047619
57	43	34.6471929824561	64.3902325581395
56	44	34.1928571428571	64.0925
55	45	33.8552727272727	63.6551111111111
54	46	33.572962962963	63.2360869565217
53	47	33.0760377358491	62.8851063829787
52	48	32.7355769230769	62.4985416666667
51	49	32.2596078431373	62.0785714285714
50	50	31.8958	61.6888
49	51	31.5444897959184	61.2623529411765
48	52	31.0789583333333	60.9209615384616
47	53	30.6951063829787	60.427358490566
46	54	30.2778260869565	60.0277777777778
45	55	29.8564444444444	59.636
44	56	29.5252272727273	59.2366071428571
43	57	29.0920930232558	58.8678947368421
42	58	28.7080952380952	58.4636206896552
41	59	28.2582926829268	58.0515254237288
40	60	27.831	57.6418333333334
39	61	27.5120512820513	57.1890163934426
38	62	27.0189473684211	56.8174193548387
37	63	26.6224324324324	56.3369841269841
36	64	26.1638888888889	55.97609375
35	65	25.7388571428571	55.6115384615385
34	66	25.3541176470588	55.1756060606061
33	67	24.8712121212121	54.6985074626866
32	68	24.446875	54.3158823529412
31	69	24.0409677419355	53.8953623188406
30	70	23.6446666666667	53.4328571428571
29	71	23.1134482758621	53.0825352112676
28	72	22.8028571428571	52.5986111111111
27	73	22.2262962962963	52.1828767123287
26	74	21.9915384615384	51.6708108108108
25	75	21.3992	51.2946666666667
24	76	20.9308333333333	50.8597368421053
23	77	20.5639130434783	50.4723376623376
22	78	20.1090909090909	50.0298717948718
21	79	19.7328571428571	49.5807594936709
20	80	19.1845	49.113
19	81	18.7605263157895	48.7283950617284
18	82	18.2077777777778	48.235243902439
17	83	17.8064705882353	47.8266265060241
16	84	17.326875	47.3271428571429
15	85	16.8606666666667	46.9223529411765
14	86	16.3228571428571	46.4952325581395
13	87	15.9076923076923	46.0179310344828
12	88	15.4533333333333	45.5617045454545
11	89	15.02	45.1004494382022
10	90	14.495	44.6793333333333
9	91	13.9833333333333	44.2527472527472
8	92	13.6075	43.7329347826087
7	93	12.9942857142857	43.2712903225806
6	94	12.4666666666667	42.7827659574468
5	95	12.072	42.3430526315789
4	96	11.5675	41.9102083333333
3	97	11.0333333333333	41.4143298969072
2	98	10.5	40.9445918367347
1	99	10	40.4693939393939
0	100	0	40
