num_of_generous_TFT	num_of_Pavlov	average_fitness_of_generous_TFT	average_fitness_of_Pavlov
100	0	50	0
99	1	49.5999747474748	83.495
98	2	49.1958928571429	81.9975
97	3	48.7851288659794	82.3308333333333
96	4	48.4251302083333	82.06375
95	5	47.9978421052632	81.5865
94	6	47.6435106382979	80.9741666666667
93	7	47.2361021505376	80.89
92	8	46.8486413043478	80.1565625
91	9	46.4442032967033	80.3652777777777
90	10	46.0490277777778	79.9655
89	11	45.6425280898876	79.6136363636363
88	12	45.2723295454546	79.026875
87	13	44.8314367816092	78.9303846153846
86	14	44.466511627907	78.7092857142857
85	15	44.0728235294118	77.977
84	16	43.6897916666667	77.73171875
83	17	43.282921686747	77.5979411764706
82	18	42.8728963414634	77.4963888888889
81	19	42.5482407407407	76.8755263157895
80	20	42.07221875	76.41825
79	21	41.6739873417721	76.2914285714286
78	22	41.3051923076923	76.1576136363637
77	23	40.8978246753247	75.4889130434783
76	24	40.4776315789473	75.2686458333333
75	25	40.2026333333333	74.9856
74	26	39.7678716216216	74.5305769230769
73	27	39.3441095890411	74.2918518518518
72	28	38.9494097222222	73.9534821428571
71	29	38.5302112676057	73.3825862068966
70	30	38.1603928571429	73.3668333333333
69	31	37.6743115942029	73.1498387096774
68	32	37.3804044117647	72.6165625
67	33	37.0283582089552	72.3680303030303
66	34	36.5114772727273	71.8272794117647
65	35	36.1576153846154	71.8547142857143
64	36	35.7835546875	71.2293055555556
63	37	35.3824206349206	71.0722297297297
62	38	35.0186693548387	70.7884868421053
61	39	34.5798360655738	70.3450641025641
60	40	34.1565416666667	70.2624375
59	41	33.733813559322	69.7364024390244
58	42	33.327025862069	69.1925595238095
57	43	32.8705701754386	69.2384302325582
56	44	32.6753571428572	68.8927840909091
55	45	32.2408181818182	68.3172222222222
54	46	31.8055092592593	68.0966847826087
53	47	31.3943396226415	67.9327659574468
52	48	31.0113461538462	67.3866666666667
51	49	30.7132352941176	67.0486224489796
50	50	30.18385	66.8294
49	51	29.7952040816327	66.570931372549
48	52	29.3203645833333	66.2397115384616
47	53	29.0287234042553	65.7952830188679
46	54	28.5820652173913	65.532037037037
45	55	28.2611666666667	65.0525909090909
44	56	27.8753977272727	64.9175446428571
43	57	27.3266279069768	64.4813157894737
42	58	27.0741071428571	64.1033620689655
41	59	26.7911585365854	63.7935593220339
40	60	26.14125	63.596875
39	61	25.8879487179487	63.1802868852459
38	62	25.4925	63.0741935483871
37	63	25.0181756756757	62.6779761904762
36	64	24.6456944444444	62.2664453125
35	65	24.2492142857143	61.9289615384616
34	66	23.8621323529412	61.6485984848485
33	67	23.5389393939394	61.2992164179104
32	68	23.1325	61.0042279411765
31	69	22.8212903225807	60.7404347826087
30	70	22.2890833333333	60.3248571428571
29	71	21.9376724137931	59.986338028169
28	72	21.4958928571429	59.6563194444444
27	73	21.100462962963	59.2185273972603
26	74	20.7575	58.9144932432432
25	75	20.4737	58.5754333333333
24	76	19.8070833333333	58.2486513157895
23	77	19.3963043478261	57.9837987012987
22	78	19.1398863636364	57.9302564102564
21	79	18.6916666666667	57.3444936708861
20	80	18.334375	57.068125
19	81	18.0142105263158	56.5994444444444
18	82	17.5969444444444	56.3909756097561
17	83	17.2470588235294	55.9694277108434
16	84	16.85609375	55.6802083333333
15	85	16.521	55.4098823529412
14	86	15.9117857142857	55.1021511627907
13	87	15.4401923076923	54.7425
12	88	15.251875	54.4129545454545
11	89	14.7779545454545	54.2100280898876
10	90	14.493	53.9182777777778
9	91	13.8091666666667	53.4909065934066
8	92	13.5903125	53.0415760869565
7	93	13.1603571428571	52.8616666666667
6	94	13.0208333333333	52.5279255319149
5	95	12.5175	52.1293684210526
4	96	12.06875	51.81046875
3	97	11.835	51.4112371134021
2	98	10.97125	51.1606887755102
1	99	10.345	50.9613888888889
0	100	0	50.485775
