num_of_generous_TFT	num_of_TFT_with_trembling_hand	average_fitness_of_generous_TFT	average_fitness_of_TFT_with_trembling_hand
100	0	150	0
99	1	149.979545454546	150.32
98	2	149.958698979592	150.215
97	3	149.93837628866	150.205833333333
96	4	149.912161458333	150.158125
95	5	149.896657894737	150.094
94	6	149.874494680851	150.1225
93	7	149.852715053763	150.031785714286
92	8	149.833831521739	150.0296875
91	9	149.815302197802	149.969722222222
90	10	149.795027777778	149.98
89	11	149.772612359551	149.935
88	12	149.740198863636	149.868958333333
87	13	149.72974137931	149.824423076923
86	14	149.705581395349	149.837857142857
85	15	149.685735294118	149.789833333333
84	16	149.65931547619	149.7425
83	17	149.641355421687	149.7275
82	18	149.630884146342	149.697361111111
81	19	149.597530864198	149.676184210526
80	20	149.5754375	149.627
79	21	149.572721518987	149.551071428571
78	22	149.542564102564	149.573522727273
77	23	149.521071428571	149.543804347826
76	24	149.495230263158	149.479895833333
75	25	149.481666666667	149.5013
74	26	149.448986486486	149.419615384615
73	27	149.445616438356	149.375092592593
72	28	149.407847222222	149.388303571429
71	29	149.373767605634	149.336896551724
70	30	149.370928571429	149.260833333333
69	31	149.35018115942	149.257177419355
68	32	149.319375	149.225625
67	33	149.303880597015	149.222424242424
66	34	149.293143939394	149.173382352941
65	35	149.258038461538	149.120857142857
64	36	149.245625	149.120486111111
63	37	149.222896825397	149.100878378378
62	38	149.20810483871	149.028092105263
61	39	149.198278688525	149.023974358974
60	40	149.177166666667	148.9574375
59	41	149.140762711864	148.941524390244
58	42	149.107155172414	148.911130952381
57	43	149.10899122807	148.8625
56	44	149.082321428571	148.859204545455
55	45	149.081272727273	148.790166666667
54	46	149.041435185185	148.790597826087
53	47	149.02641509434	148.738617021277
52	48	148.986778846154	148.713177083333
51	49	148.973480392157	148.662142857143
50	50	148.9648	148.6486
49	51	148.95112244898	148.620490196078
48	52	148.923489583333	148.58125
47	53	148.893085106383	148.566981132075
46	54	148.877826086957	148.527222222222
45	55	148.8705	148.522863636364
44	56	148.842386363636	148.4525
43	57	148.819709302326	148.45798245614
42	58	148.800952380952	148.343318965517
41	59	148.776219512195	148.350042372881
40	60	148.758125	148.327666666667
39	61	148.740320512821	148.272581967213
38	62	148.728947368421	148.262822580645
37	63	148.686756756757	148.246587301587
36	64	148.647361111111	148.20671875
35	65	148.658785714286	148.202769230769
34	66	148.624926470588	148.142424242424
33	67	148.611212121212	148.11171641791
32	68	148.590546875	148.069080882353
31	69	148.544919354839	148.045543478261
30	70	148.549833333333	147.999821428571
29	71	148.518620689655	147.973802816901
28	72	148.506607142857	147.963229166667
27	73	148.479166666667	147.913082191781
26	74	148.454230769231	147.879695945946
25	75	148.4292	147.8556
24	76	148.425104166667	147.815361842105
23	77	148.400869565217	147.797792207792
22	78	148.371818181818	147.735897435897
21	79	148.362261904762	147.723544303797
20	80	148.33725	147.69934375
19	81	148.316052631579	147.647469135802
18	82	148.283888888889	147.60743902439
17	83	148.280882352941	147.577891566265
16	84	148.2365625	147.557559523809
15	85	148.223	147.5365
14	86	148.184464285714	147.499738372093
13	87	148.206153846154	147.456350574713
12	88	148.15875	147.436676136364
11	89	148.150909090909	147.38904494382
10	90	148.15	147.365333333333
9	91	148.143055555556	147.325741758242
8	92	148.0971875	147.288097826087
7	93	148.043571428571	147.263575268817
6	94	148.05125	147.209973404255
5	95	148.0275	147.195210526316
4	96	148.016875	147.167057291667
3	97	147.964166666667	147.12543814433
2	98	148	147.088698979592
1	99	147.9175	147.052398989899
0	100	0	147.025975
