num_of_generous_TFT	num_of_always_cooperate	average_fitness_of_generous_TFT	average_fitness_of_always_cooperate
100	0	150	0
99	1	150	150
98	2	150	150
97	3	150	150
96	4	150	150
95	5	150	150
94	6	150	150
93	7	150	150
92	8	150	150
91	9	150	150
90	10	150	150
89	11	150	150
88	12	150	150
87	13	150	150
86	14	150	150
85	15	150	150
84	16	150	150
83	17	150	150
82	18	150	150
81	19	150	150
80	20	150	150
79	21	150	150
78	22	150	150
77	23	150	150
76	24	150	150
75	25	150	150
74	26	150	150
73	27	150	150
72	28	150	150
71	29	150	150
70	30	150	150
69	31	150	150
68	32	150	150
67	33	150	150
66	34	150	150
65	35	150	150
64	36	150	150
63	37	150	150
62	38	150	150
61	39	150	150
60	40	150	150
59	41	150	150
58	42	150	150
57	43	150	150
56	44	150	150
55	45	150	150
54	46	150	150
53	47	150	150
52	48	150	150
51	49	150	150
50	50	150	150
49	51	150	150
48	52	150	150
47	53	150	150
46	54	150	150
45	55	150	150
44	56	150	150
43	57	150	150
42	58	150	150
41	59	150	150
40	60	150	150
39	61	150	150
38	62	150	150
37	63	150	150
36	64	150	150
35	65	150	150
34	66	150	150
33	67	150	150
32	68	150	150
31	69	150	150
30	70	150	150
29	71	150	150
28	72	150	150
27	73	150	150
26	74	150	150
25	75	150	150
24	76	150	150
23	77	150	150
22	78	150	150
21	79	150	150
20	80	150	150
19	81	150	150
18	82	150	150
17	83	150	150
16	84	150	150
15	85	150	150
14	86	150	150
13	87	150	150
12	88	150	150
11	89	150	150
10	90	150	150
9	91	150	150
8	92	150	150
7	93	150	150
6	94	150	150
5	95	150	150
4	96	150	150
3	97	150	150
2	98	150	150
1	99	150	150
0	100	0	150
