num_of_generous_TFT	num_of_always_defect	average_fitness_of_generous_TFT	average_fitness_of_always_defect
100	0	150	0
99	1	148.060883838384	171.08
98	2	146.092653061225	170.04
97	3	144.127860824742	168.316666666667
96	4	142.194166666667	166.225
95	5	140.258894736842	164.564
94	6	138.319095744681	162.298333333333
93	7	136.342553763441	161.117142857143
92	8	134.391385869565	159.0625
91	9	132.474807692308	157.562222222222
90	10	130.537416666667	156.231
89	11	128.474550561798	154.192727272727
88	12	126.500539772727	152.473333333333
87	13	124.636609195402	150.650769230769
86	14	122.751046511628	149.108571428571
85	15	120.718205882353	147.252
84	16	118.828363095238	145.40375
83	17	116.905843373494	144.097647058824
82	18	115.05487804878	141.839444444444
81	19	112.929475308642	140.427894736842
80	20	111.108125	138.509
79	21	109.043132911392	136.740952380952
78	22	107.10766025641	134.930909090909
77	23	105.264837662338	133.379565217391
76	24	103.280888157895	131.98625
75	25	101.332	130.0524
74	26	99.3851013513514	128.293076923077
73	27	97.3843493150685	126.462962962963
72	28	95.4597916666666	124.787857142857
71	29	93.3815845070422	122.999655172414
70	30	91.6343928571428	121.157333333333
69	31	89.6473913043478	119.403870967742
68	32	87.6732720588236	117.836875
67	33	85.6502611940299	116.071818181818
66	34	83.9246969696969	114.379411764706
65	35	81.8291153846154	112.449714285714
64	36	79.8044140625	110.778055555556
63	37	77.8419444444444	109.02
62	38	75.9369758064516	107.493157894737
61	39	74.0666803278689	105.745128205128
60	40	72.0747083333333	103.984
59	41	70.3511440677966	102.189024390244
58	42	68.4223706896552	100.395714285714
57	43	66.11	98.7734883720931
56	44	64.4346428571428	97.0211363636364
55	45	62.2601363636364	95.1931111111111
54	46	60.32375	93.4986956521739
53	47	58.5365566037736	91.8308510638298
52	48	56.3379326923077	90.038125
51	49	54.5375490196079	88.3359183673469
50	50	52.58665	86.6412
49	51	50.7558163265306	84.8076470588235
48	52	48.7090104166667	83.2034615384616
47	53	46.8759574468085	81.4716981132075
46	54	44.9895108695652	79.5996296296297
45	55	42.8213888888889	77.9023636363636
44	56	40.8835227272727	76.1842857142857
43	57	38.9772674418605	74.5187719298245
42	58	36.9241666666667	72.905
41	59	35.1446341463415	71.0318644067796
40	60	33.1315625	69.3821666666667
39	61	31.0437179487179	67.4993442622951
38	62	29.0940789473684	65.8120967741935
37	63	27.1093918918919	64.1115873015873
36	64	25.2420138888889	62.33515625
35	65	23.225	60.5713846153846
34	66	21.4557352941176	58.8471212121212
33	67	19.5184090909091	57.0559701492537
32	68	17.39234375	55.6207352941177
31	69	15.6720967741935	53.7672463768116
30	70	13.729	51.9651428571428
29	71	11.7012931034483	50.2225352112676
28	72	9.61366071428571	48.5352777777778
27	73	7.74037037037037	46.6775342465753
26	74	5.93961538461539	44.9889189189189
25	75	4.0843	43.2953333333333
24	76	1.77614583333333	41.7177631578947
23	77	-0.0585869565217391	39.7614285714286
22	78	-1.92693181818182	38.0665384615384
21	79	-3.76047619047619	36.4678481012658
20	80	-6.009875	34.647375
19	81	-7.82078947368421	32.9093827160494
18	82	-9.89027777777778	31.1137804878049
17	83	-11.7644117647059	29.481686746988
16	84	-13.7921875	27.7504761904762
15	85	-15.6751666666667	25.9376470588235
14	86	-17.6971428571429	24.288023255814
13	87	-19.4225	22.492183908046
12	88	-21.385	20.7501136363636
11	89	-23.2234090909091	19.0592134831461
10	90	-25.259	17.3067777777778
9	91	-27.2355555555556	15.4994505494505
8	92	-29.35625	13.8480434782609
7	93	-31.4339285714286	12.1167741935484
6	94	-33.0725	10.3802127659574
5	95	-35.122	8.63578947368421
4	96	-37.018125	6.9634375
3	97	-38.915	5.18329896907217
2	98	-41.015	3.48775510204082
1	99	-42.9675	1.74494949494949
0	100	0	0
