num_of_generous_TFT	num_of_shame_driven_denying	average_fitness_of_generous_TFT	average_fitness_of_shame_driven_denying
100	0	150	0
99	1	149.959898989899	150.38
98	2	149.927857142857	150.375
97	3	149.879149484536	150.401666666667
96	4	149.849609375	150.31375
95	5	149.813184210526	150.373
94	6	149.762473404255	150.215
93	7	149.73061827957	150.223214285714
92	8	149.684864130435	150.1271875
91	9	149.648159340659	150.109444444444
90	10	149.603305555556	150.02025
89	11	149.570168539326	149.977272727273
88	12	149.539147727273	149.997708333333
87	13	149.509971264368	149.896538461538
86	14	149.465726744186	149.871964285714
85	15	149.414470588235	149.7535
84	16	149.384642857143	149.73953125
83	17	149.335602409639	149.739264705882
82	18	149.30756097561	149.737361111111
81	19	149.26012345679	149.620921052632
80	20	149.22503125	149.492875
79	21	149.177626582279	149.508571428571
78	22	149.145192307692	149.430568181818
77	23	149.089318181818	149.416304347826
76	24	149.057269736842	149.395729166667
75	25	148.998133333333	149.3121
74	26	148.97902027027	149.234903846154
73	27	148.948801369863	149.184074074074
72	28	148.866423611111	149.125089285714
71	29	148.871408450704	149.083793103448
70	30	148.836571428571	149.055583333333
69	31	148.790036231884	149.024677419355
68	32	148.753051470588	148.988515625
67	33	148.733395522388	148.863787878788
66	34	148.653333333333	148.855073529412
65	35	148.624	148.773928571429
64	36	148.5466796875	148.740486111111
63	37	148.570158730159	148.705810810811
62	38	148.508669354839	148.635921052632
61	39	148.516270491803	148.609807692308
60	40	148.441625	148.548125
59	41	148.394745762712	148.473353658537
58	42	148.363534482759	148.445416666667
57	43	148.320350877193	148.433662790698
56	44	148.295714285714	148.329488636364
55	45	148.225727272727	148.303888888889
54	46	148.179814814815	148.244293478261
53	47	148.150801886792	148.185531914894
52	48	148.107355769231	148.187864583333
51	49	148.055	148.133724489796
50	50	148.00525	148.0204
49	51	148.011989795918	148.005098039216
48	52	147.949947916667	147.943701923077
47	53	147.962553191489	147.881603773585
46	54	147.893695652174	147.915092592593
45	55	147.880777777778	147.768363636364
44	56	147.765454545455	147.748705357143
43	57	147.778895348837	147.719824561403
42	58	147.741130952381	147.677198275862
41	59	147.704268292683	147.60686440678
40	60	147.664625	147.5635
39	61	147.576602564103	147.496475409836
38	62	147.598486842105	147.460483870968
37	63	147.605	147.367023809524
36	64	147.494305555556	147.3637109375
35	65	147.459285714286	147.302230769231
34	66	147.411691176471	147.229848484848
33	67	147.375151515152	147.231380597015
32	68	147.361640625	147.158455882353
31	69	147.293548387097	147.149202898551
30	70	147.256166666667	147.020178571429
29	71	147.306379310345	147.014718309859
28	72	147.195714285714	146.965625
27	73	147.117407407407	146.915308219178
26	74	147.023173076923	146.899628378378
25	75	147.0563	146.780433333333
24	76	147.015208333333	146.773815789474
23	77	146.9675	146.71538961039
22	78	146.930568181818	146.648878205128
21	79	146.904047619048	146.62996835443
20	80	146.863625	146.5606875
19	81	146.806184210526	146.529722222222
18	82	146.737638888889	146.495091463415
17	83	146.792647058824	146.439307228916
16	84	146.77515625	146.354077380952
15	85	146.639666666667	146.317764705882
14	86	146.700535714286	146.245174418605
13	87	146.596538461538	146.215114942529
12	88	146.635	146.177698863636
11	89	146.649318181818	146.113314606742
10	90	146.4725	146.043888888889
9	91	146.472777777778	145.994120879121
8	92	146.39	145.965326086957
7	93	146.4475	145.927446236559
6	94	146.19625	145.841515957447
5	95	146.323	145.820736842105
4	96	146.244375	145.76546875
3	97	146.294166666667	145.710695876289
2	98	146.385	145.667015306122
1	99	146.4025	145.604318181818
0	100	0	145.56475
