num_of_generous_TFT	num_of_always_trembling	average_fitness_of_generous_TFT	average_fitness_of_always_trembling
100	0	150	0
99	1	149.024873737374	161.9025
98	2	148.038112244898	160.565
97	3	147.071829896907	159.7875
96	4	146.138151041667	158.7625
95	5	145.085684210526	157.9065
94	6	144.195505319149	157.03875
93	7	143.131639784946	156.132142857143
92	8	142.158885869565	155.5096875
91	9	141.194532967033	154.738333333333
90	10	140.205	153.51675
89	11	139.232640449438	152.559318181818
88	12	138.334772727273	152.131666666667
87	13	137.358706896552	151.010576923077
86	14	136.327936046512	149.917857142857
85	15	135.360676470588	149.406166666667
84	16	134.392083333333	148.3915625
83	17	133.326385542169	147.471617647059
82	18	132.516524390244	146.589166666667
81	19	131.512191358025	145.881578947368
80	20	130.50371875	144.9225
79	21	129.493227848101	144.062738095238
78	22	128.515192307692	143.210113636364
77	23	127.55512987013	142.280434782609
76	24	126.613355263158	141.581041666667
75	25	125.6134	140.5554
74	26	124.652871621622	139.644230769231
73	27	123.683287671233	138.583333333333
72	28	122.672256944444	137.966696428571
71	29	121.739295774648	137.0425
70	30	120.762035714286	136.1815
69	31	119.705	135.215725806452
68	32	118.790514705882	134.622890625
67	33	117.786940298507	133.538106060606
66	34	116.809924242424	132.579338235294
65	35	115.859307692308	131.825571428571
64	36	114.81796875	131.012569444444
63	37	113.862658730159	130.151148648649
62	38	112.897943548387	129.194473684211
61	39	112.141270491803	128.1425
60	40	110.946708333333	127.408875
59	41	110.082415254237	126.53493902439
58	42	109.057887931035	125.541488095238
57	43	108.054736842105	124.676744186047
56	44	107.077991071429	124.065454545455
55	45	106.046045454545	123.131722222222
54	46	105.003842592593	122.129836956522
53	47	104.151603773585	121.369680851064
52	48	103.284567307692	120.354583333333
51	49	102.235049019608	119.457193877551
50	50	101.1869	118.7381
49	51	100.174642857143	117.616911764706
48	52	99.2241666666667	117.014423076923
47	53	98.2843085106383	116.157688679245
46	54	97.1644565217391	115.276759259259
45	55	96.4051111111111	114.244363636364
44	56	95.244659090909	113.390982142857
43	57	94.3408720930233	112.607192982456
42	58	93.3277380952381	111.724137931034
41	59	92.4211585365854	110.636398305085
40	60	91.342125	109.97675
39	61	90.3176923076923	109.083114754098
38	62	89.4092105263158	108.186129032258
37	63	88.5008783783783	107.220952380952
36	64	87.7265972222222	106.5026171875
35	65	86.5441428571429	105.537692307692
34	66	85.6303676470588	104.787424242424
33	67	84.5593181818182	103.858059701493
32	68	83.56046875	102.950514705882
31	69	82.7088709677419	102.13634057971
30	70	81.7013333333334	101.222642857143
29	71	80.7645689655173	100.421126760563
28	72	79.7033035714286	99.4886805555555
27	73	78.6582407407407	98.6959589041096
26	74	77.8177884615385	97.731722972973
25	75	76.9907	96.7575333333333
24	76	75.875	95.926447368421
23	77	74.875	94.9923051948052
22	78	73.9067045454545	94.2700641025641
21	79	72.8828571428571	93.2841139240506
20	80	72.0765	92.43675
19	81	71.0348684210526	91.6498765432099
18	82	69.9136111111111	90.5607621951219
17	83	69.0466176470588	89.8110542168675
16	84	67.82125	88.8924107142857
15	85	66.9623333333333	88.1204705882353
14	86	66.1021428571429	87.2015697674419
13	87	64.7476923076923	86.434367816092
12	88	64.0697916666667	85.4419034090909
11	89	63.0595454545455	84.6633426966292
10	90	62.5435	83.7253055555556
9	91	61.3058333333333	82.8946428571429
8	92	60.2209375	81.8953532608696
7	93	59.2921428571428	80.8744892473118
6	94	58.4470833333333	80.1925531914894
5	95	57.2435	79.4476578947368
4	96	56.59125	78.46796875
3	97	55.605	77.7504896907216
2	98	53.8675	76.6975765306123
1	99	53.6375	75.8832070707071
0	100	0	74.947375
