num_of_always_trembling	num_of_Pavlov	average_fitness_of_always_trembling	average_fitness_of_Pavlov
20	0	74.98675	0
19	1	75.3973684210526	75.9525
18	2	75.8595833333333	75.12
17	3	75.7897058823529	76.52
16	4	75.9996875	75.86125
15	5	76.1425	76.641
14	6	76.76625	77.0191666666666
13	7	77.3615384615385	77.0667857142857
12	8	77.3433333333333	77.2625
11	9	77.6072727272727	77.3783333333333
10	10	77.93675	78.04125
9	11	78.5488888888889	78.2968181818182
8	12	78.4271875	78.8858333333334
7	13	79.1503571428571	79.0892307692308
6	14	79.00375	79.3910714285714
5	15	79.6085	79.746
4	16	79.698125	80.09171875
3	17	79.9016666666667	80.3330882352941
2	18	79.855	81.0401388888889
1	19	80.8	81.2790789473684
0	20	0	81.489125
