num_of_always_cooperate	num_of_shame_driven_denying	average_fitness_of_always_cooperate	average_fitness_of_shame_driven_denying
20	0	150	0
19	1	142.932105263158	183.5575
18	2	135.972777777778	174.905
17	3	128.824117647059	167.403333333333
16	4	121.656875	159.585
15	5	114.607333333333	152.38
14	6	107.595714285714	144.18875
13	7	100.733076923077	136.793928571429
12	8	93.795	128.356875
11	9	87.2554545454545	120.226111111111
10	10	79.513	112.559
9	11	71.1888888888889	104.949318181818
8	12	64.6975	97.1247916666667
7	13	58.9714285714286	89.4536538461539
6	14	51.0433333333334	81.5119642857143
5	15	43.69	73.3895
4	16	36.3775	65.7975
3	17	30.1633333333333	57.9547058823529
2	18	24.47	50.0858333333333
1	19	15.05	42.0926315789474
0	20	0	34.193
