num_of_always_trembling	num_of_TFT_with_trembling_hand	average_fitness_of_always_trembling	average_fitness_of_TFT_with_trembling_hand
20	0	75.014625	0
19	1	74.8282894736842	75.745
18	2	74.39	76.2275
17	3	74.4873529411765	76.1191666666667
16	4	74.36890625	76.30125
15	5	73.9131666666667	76.245
14	6	73.8251785714286	76.23375
13	7	73.5851923076923	76.3
12	8	73.536875	76.3003125
11	9	72.9254545454546	76.2325
10	10	73.10975	76.77875
9	11	73.0188888888889	76.3288636363636
8	12	72.8165625	76.6727083333333
7	13	73.0792857142857	76.8659615384615
6	14	72.14375	76.7803571428571
5	15	71.6295	77.0528333333334
4	16	71.79125	76.86640625
3	17	71.8216666666667	76.9575
2	18	71.70625	76.9745833333334
1	19	70.99	77.0407894736842
0	20	0	77.143
