num_of_always_defect	num_of_shame_driven_hiding	average_fitness_of_always_defect	average_fitness_of_shame_driven_hiding
20	0	0	0
19	1	1	-4.75
18	2	2	-2.735
17	3	2.99941176470588	-0.49
16	4	3.999375	1.290625
15	5	4.998	3.312
14	6	5.99857142857143	5.47166666666666
13	7	6.99846153846154	7.50214285714286
12	8	8	9.775625
11	9	9	11.8872222222222
10	10	10	14.0755
9	11	11	16.3040909090909
8	12	11.99625	18.5689583333333
7	13	12.9971428571429	20.8236538461538
6	14	13.9966666666667	22.6267857142857
5	15	15	24.5388333333333
4	16	16	26.735
3	17	17	28.9454411764706
2	18	18	31.2469444444444
1	19	18.99	33.3934210526316
0	20	0	35.383125
