num_of_always_cooperate	num_of_guilt_driven_amending	average_fitness_of_always_cooperate	average_fitness_of_guilt_driven_amending
20	0	150	0
19	1	148.181578947368	158.5125
18	2	146.462222222222	155.86
17	3	144.612941176471	153.329166666667
16	4	142.925625	150.784375
15	5	141.034	148.331
14	6	139.365714285714	145.7575
13	7	137.561538461539	143.192857142857
12	8	135.829166666667	140.48375
11	9	133.903636363636	138.016388888889
10	10	132.064	135.53225
9	11	130.385555555555	132.778636363636
8	12	128.63375	130.270208333333
7	13	126.725714285714	127.704615384615
6	14	124.855	125.196785714286
5	15	123.374	122.655666666667
4	16	121.4725	120.0221875
3	17	119.683333333333	117.527794117647
2	18	117.835	114.830555555556
1	19	115.81	112.313684210526
0	20	0	109.85075
