num_of_always_trembling	num_of_shame_driven_hiding	average_fitness_of_always_trembling	average_fitness_of_shame_driven_hiding
20	0	75.206375	0
19	1	74.8378947368421	77.425
18	2	74.6033333333333	77.665
17	3	74.3163235294118	78.2391666666666
16	4	74.22078125	79.145625
15	5	73.8653333333334	80.1155
14	6	73.2817857142857	80.6641666666667
13	7	73.1682692307692	81.5760714285714
12	8	72.9797916666667	82.18625
11	9	72.6784090909091	82.7977777777778
10	10	72.273	82.5065
9	11	72.0072222222222	82.8925
8	12	71.33375	81.9210416666667
7	13	70.8525	80.3465384615385
6	14	70.50875	78.1901785714286
5	15	69.9765	74.9768333333333
4	16	69.480625	69.925625
3	17	68.73	64.1401470588235
2	18	67.97625	56.4647222222222
1	19	67.1375	46.8888157894737
0	20	0	35.054375
