num_of_always_defect	num_of_Pavlov	average_fitness_of_always_defect	average_fitness_of_Pavlov
20	0	0	0
19	1	5.47684210526316	-24.9
18	2	10.8288888888889	-19.56625
17	3	16.4182352941176	-13.865
16	4	21.77875	-8.701875
15	5	27.3446666666667	-2.485
14	6	32.6378571428571	2.92708333333333
13	7	38.0153846153846	8.54285714285714
12	8	43.4925	13.97875
11	9	49.3354545454545	19.4377777777778
10	10	54.577	25.2125
9	11	60.0888888888889	30.8713636363636
8	12	65.2925	36.4720833333333
7	13	70.8442857142857	42.3811538461539
6	14	76.6333333333333	47.6417857142857
5	15	81.636	53.4701666666666
4	16	87.6025	59.29890625
3	17	92.7466666666667	64.8175
2	18	97.4	70.1231944444445
1	19	103.86	75.9409210526316
0	20	0	81.88125
