num_of_always_defect	num_of_TFT_with_trembling_hand	average_fitness_of_always_defect	average_fitness_of_TFT_with_trembling_hand
20	0	0	0
19	1	1	-4.7475
18	2	1.99944444444444	-0.36375
17	3	2.99941176470588	3.7625
16	4	3.998125	8.123125
15	5	4.99866666666667	12.4945
14	6	6	16.7291666666667
13	7	6.99923076923077	21.1610714285714
12	8	7.99833333333333	25.25375
11	9	8.99818181818182	29.7113888888889
10	10	9.998	33.993
9	11	10.9988888888889	38.1977272727273
8	12	11.9975	42.7589583333333
7	13	13	46.9838461538461
6	14	13.9966666666667	51.5133928571429
5	15	14.998	55.8221666666667
4	16	15.9975	59.725625
3	17	16.9933333333333	64.1560294117647
2	18	17.995	68.5661111111112
1	19	19	72.9038157894737
0	20	0	77.0885
