num_of_always_cooperate	num_of_Pavlov	average_fitness_of_always_cooperate	average_fitness_of_Pavlov
20	0	150	0
19	1	145.394736842105	174.24
18	2	140.961666666667	170.19625
17	3	136.342941176471	164.376666666667
16	4	131.9425	160.513125
15	5	127.502666666667	154.9485
14	6	122.698571428571	150.23875
13	7	118.005384615385	145.230357142857
12	8	113.9375	140.0346875
11	9	109.295454545455	135.7075
10	10	104.883	130.56425
9	11	99.8411111111111	125.965
8	12	95.23625	121.189375
7	13	91.2585714285715	116.280769230769
6	14	85.925	111.088214285714
5	15	81.244	106.241166666667
4	16	77.14	101.30484375
3	17	71.33	96.1914705882353
2	18	68.685	91.3673611111111
1	19	61.83	86.5017105263158
0	20	0	81.672625
