num_of_always_defect	num_of_shame_driven_denying	average_fitness_of_always_defect	average_fitness_of_shame_driven_denying
20	0	0	0
19	1	0.999473684210526	-4.75
18	2	2	-2.53875
17	3	3	-0.7
16	4	3.999375	1.4275
15	5	4.99933333333333	3.5445
14	6	6	5.51166666666667
13	7	7	7.44214285714286
12	8	7.99916666666667	9.5540625
11	9	8.99636363636364	11.8538888888889
10	10	9.999	13.94325
9	11	11	15.8475
8	12	11.99875	17.7689583333333
7	13	13	19.6898076923077
6	14	13.9983333333333	21.9578571428571
5	15	14.996	23.7653333333333
4	16	15.9925	26.07640625
3	17	16.9966666666667	28.2491176470588
2	18	17.99	30.0051388888889
1	19	19	32.1105263157895
0	20	0	34.239625
