num_of_always_cooperate	num_of_TFT_with_trembling_hand	average_fitness_of_always_cooperate	average_fitness_of_TFT_with_trembling_hand
20	0	150	0
19	1	147.861052631579	160
18	2	145.737222222222	155.8
17	3	143.700588235294	151.2575
16	4	141.518125	146.645
15	5	139.356	142.297
14	6	137.357857142857	138.00375
13	7	135.355384615385	133.8975
12	8	132.9975	129.5965625
11	9	130.970909090909	125.016666666667
10	10	129.003	120.73975
9	11	126.711111111111	116.191136363636
8	12	124.6875	112.2325
7	13	122.778571428571	107.647307692308
6	14	120.546666666667	103.316785714286
5	15	118.438	99.0161666666667
4	16	116.1425	94.4603125
3	17	114.3	90.2704411764706
2	18	111.995	86.0055555555556
1	19	110	81.6711842105263
0	20	0	77.3225
