num_of_always_trembling	num_of_guilt_driven_amending	average_fitness_of_always_trembling	average_fitness_of_guilt_driven_amending
20	0	74.956125	0
19	1	74.805	75.1175
18	2	75.0826388888889	76.9375
17	3	75.1214705882353	78.4858333333333
16	4	75.71578125	80.015
15	5	75.4331666666667	81.6235
14	6	75.8201785714286	83.9333333333333
13	7	75.795	85.9289285714286
12	8	75.7227083333333	87.5059375
11	9	75.89	89.2352777777778
10	10	75.7635	91.17425
9	11	75.7063888888889	93.1831818181818
8	12	76.6628125	94.8416666666667
7	13	76.2071428571429	96.8617307692308
6	14	76.26625	98.8310714285714
5	15	76.575	100.4315
4	16	76.934375	102.39640625
3	17	76.7291666666666	104.146029411765
2	18	77.145	106.082916666667
1	19	76.4975	108.020657894737
0	20	0	109.844375
