num_of_shame_driven_denying	num_of_guilt_driven_amending	average_fitness_of_shame_driven_denying	average_fitness_of_guilt_driven_amending
20	0	34.3575	0
19	1	36.1322368421053	49.59
18	2	37.7895833333333	54.03
17	3	39.7102941176471	56.1758333333333
16	4	41.1853125	59.80375
15	5	43.6613333333333	63.396
14	6	45.0851785714286	66.1025
13	7	46.6444230769231	69.3132142857143
12	8	48.43125	72.121875
11	9	50.1990909090909	75.4316666666667
10	10	52.28975	78.821
9	11	54.0547222222222	81.7977272727273
8	12	55.93875	84.7383333333334
7	13	57.5721428571428	88.2659615384615
6	14	59.3941666666667	91.1298214285714
5	15	60.966	94.2501666666667
4	16	62.789375	97.27828125
3	17	64.6025	100.395147058824
2	18	66.32625	103.586805555556
1	19	68.115	106.782236842105
0	20	0	109.724125
