num_of_shame_driven_hiding	num_of_guilt_driven_amending	average_fitness_of_shame_driven_hiding	average_fitness_of_guilt_driven_amending
20	0	35.20525	0
19	1	38.2294736842105	66.1625
18	2	40.9297222222222	100.9425
17	3	43.4951470588235	101.583333333333
16	4	46.6290625	102.203125
15	5	48.854	102.757
14	6	51.9178571428571	103.290416666667
13	7	54.8103846153846	103.946428571429
12	8	57.7139583333333	104.5253125
11	9	59.4536363636364	105.106388888889
10	10	63.5385	105.52875
9	11	66.6669444444444	106.043863636364
8	12	69.2359375	106.573125
7	13	71.4853571428572	107.044807692308
6	14	75.1983333333333	107.503392857143
5	15	77.4855	107.9075
4	16	80.276875	108.32609375
3	17	84.0941666666666	108.794117647059
2	18	85.2275	108.948611111111
1	19	87.445	109.519342105263
0	20	0	109.923375
