num_of_shame_driven_hiding	num_of_shame_driven_denying	average_fitness_of_shame_driven_hiding	average_fitness_of_shame_driven_denying
20	0	35.57725	0
19	1	35.4452631578947	35.2275
18	2	35.2656944444444	35.61
17	3	35.3235294117647	35.1058333333333
16	4	35.4109375	35.9675
15	5	35.2528333333333	34.906
14	6	35.4605357142857	35.22375
13	7	35.2607692307692	35.2832142857143
12	8	35.25625	34.7303125
11	9	35.2136363636364	35.1475
10	10	35.50225	34.8805
9	11	35.7488888888889	34.7134090909091
8	12	35.450625	34.9333333333333
7	13	35.2360714285714	34.6625
6	14	34.7429166666667	34.2880357142857
5	15	35.4155	34.5241666666667
4	16	35.23625	34.34125
3	17	35.6075	34.6169117647059
2	18	35.84375	34.2877777777778
1	19	34.87	34.6443421052632
0	20	0	34.250875
