num_of_TFT_with_trembling_hand	num_of_guilt_driven_amending	average_fitness_of_TFT_with_trembling_hand	average_fitness_of_guilt_driven_amending
20	0	77.149375	0
19	1	77.8905263157895	84.4675
18	2	78.7270833333333	85.58
17	3	79.4735294117647	86.4841666666667
16	4	80.5025	88.284375
15	5	81.366	88.894
14	6	82.2039285714286	90.6866666666667
13	7	82.8367307692307	92.1682142857143
12	8	83.56375	93.540625
11	9	84.3029545454545	94.895
10	10	85.277	95.97075
9	11	85.8180555555555	97.3956818181818
8	12	86.7853125	99.0262500000001
7	13	87.4942857142857	100.317884615385
6	14	88.3466666666667	101.689821428571
5	15	89.0725	103.0645
4	16	90.24625	104.35703125
3	17	90.9866666666667	105.820588235294
2	18	91.50125	107.157777777778
1	19	92.5225	108.384342105263
0	20	0	109.79625
