num_of_TFT_with_trembling_hand	num_of_shame_driven_denying	average_fitness_of_TFT_with_trembling_hand	average_fitness_of_shame_driven_denying
20	0	77.142	0
19	1	75.9165789473684	58.6675
18	2	74.5994444444444	57.805
17	3	73.1994117647059	55.8675
16	4	71.905	54.444375
15	5	70.9291666666667	53.4305
14	6	69.4628571428571	52.4333333333333
13	7	68.2023076923077	50.5232142857143
12	8	66.8825	49.743125
11	9	65.5625	48.1911111111111
10	10	64.3855	47.13
9	11	63.0177777777778	45.5606818181818
8	12	61.2240625	44.3958333333333
7	13	60.6539285714286	43.0755769230769
6	14	59.1370833333333	42.0144642857143
5	15	57.7275	40.7093333333333
4	16	56.320625	39.14375
3	17	55.5741666666667	38.4264705882353
2	18	53.9575	36.7420833333333
1	19	52.725	35.4947368421052
0	20	0	34.243125
