num_of_TFT_with_trembling_hand	num_of_shame_driven_hiding	average_fitness_of_TFT_with_trembling_hand	average_fitness_of_shame_driven_hiding
20	0	77.199875	0
19	1	77.2121052631579	81.0825
18	2	76.7958333333333	80.76875
17	3	76.7598529411765	80.7516666666667
16	4	76.6440625	80.31
15	5	76.6096666666667	80.029
14	6	76.4644642857142	79.75375
13	7	76.2471153846154	79.6092857142857
12	8	76.2720833333333	79.3421875
11	9	75.9893181818182	79.3563888888889
10	10	75.9625	79.3545000000001
9	11	76.1047222222222	78.7429545454546
8	12	75.726875	78.845
7	13	75.4475	78.5382692307692
6	14	75.5395833333333	78.3796428571429
5	15	75.054	77.1966666666667
4	16	74.986875	75.7965625
3	17	74.8916666666666	72.6032352941177
2	18	74.90625	68.2383333333333
1	19	75.025	57.1125
0	20	0	35.28475
