num_of_TFT_with_trembling_hand	num_of_Pavlov	average_fitness_of_TFT_with_trembling_hand	average_fitness_of_Pavlov
20	0	77.078125	0
19	1	77.5168421052631	71.405
18	2	78.16875	72.39375
17	3	78.2994117647059	73.05
16	4	78.8365625	72.943125
15	5	79.2215	73.45
14	6	79.4655357142857	74.3458333333334
13	7	80.2303846153846	75.0478571428572
12	8	80.4279166666667	75.376875
11	9	80.8861363636364	76.2591666666666
10	10	81.3605	76.8885
9	11	82.0475	77.1386363636364
8	12	82.121875	77.6039583333333
7	13	82.9846428571428	77.855
6	14	83.0579166666667	78.9158928571428
5	15	83.6955	79.372
4	16	83.689375	79.999375
3	17	84.4491666666666	80.0436764705882
2	18	84.59875	80.67875
1	19	85.5075	80.7776315789474
0	20	0	81.621625
