num_of_tit_for_tat	num_of_guilt_driven_amending	average_fitness_of_tit_for_tat	average_fitness_of_guilt_driven_amending
20	0	150	0
19	1	148.609605263158	127.7525
18	2	147.222083333333	127.0425
17	3	145.858235294118	125.8125
16	4	144.45640625	124.860625
15	5	143.190166666667	124.078
14	6	141.763214285714	122.927916666667
13	7	140.327884615385	122.020714285714
12	8	138.920208333333	121.2125
11	9	137.470909090909	120.233055555556
10	10	136.222	119.1695
9	11	134.848611111111	118.328181818182
8	12	133.568125	117.448333333333
7	13	131.946071428571	116.3625
6	14	130.704583333333	115.441785714286
5	15	129.2625	114.453333333333
4	16	127.805625	113.60125
3	17	126.470833333333	112.624264705882
2	18	125.1975	111.670972222222
1	19	123.7725	110.736315789474
0	20	0	109.835875
