num_of_tit_for_tat	num_of_shame_driven_hiding	average_fitness_of_tit_for_tat	average_fitness_of_shame_driven_hiding
20	0	150	0
19	1	149.111578947368	73.7575
18	2	148.214444444444	72.5475
17	3	147.283529411765	70.375
16	4	146.37125	68.154375
15	5	145.396	67.5275
14	6	144.454285714286	64.2925
13	7	143.432307692308	62.005
12	8	142.426666666667	60.1828125
11	9	141.374545454545	58.1711111111111
10	10	140.338	55.9005
9	11	139.297777777778	53.7486363636364
8	12	138.23625	52.0039583333334
7	13	137.152857142857	49.5901923076923
6	14	136.111666666667	47.7716071428571
5	15	135.042	45.7873333333333
4	16	134.015	43.8590625
3	17	133	41.9194117647059
2	18	132	39.8584722222222
1	19	50.27	37.2481578947368
0	20	0	35.567875
