num_of_tit_for_tat	num_of_TFT_with_trembling_hand	average_fitness_of_tit_for_tat	average_fitness_of_TFT_with_trembling_hand
20	0	150	0
19	1	146.728947368421	101.4225
18	2	143.515277777778	99.5475
17	3	140.3225	98.2141666666667
16	4	136.99375	97.24375
15	5	133.745	95.8535
14	6	130.297142857143	94.2016666666667
13	7	127.4025	93.3735714285714
12	8	124.157916666667	92.000625
11	9	120.876818181818	90.7180555555556
10	10	117.73575	89.3835
9	11	114.810833333333	88.2620454545455
8	12	111.0675	87.1454166666667
7	13	108.2025	85.7588461538462
6	14	104.902083333333	84.5101785714286
5	15	101.615	83.3436666666666
4	16	98.615625	81.8621875
3	17	95.3616666666667	80.9182352941177
2	18	91.84375	79.79125
1	19	88.63	78.3343421052631
0	20	0	77.223375
