num_of_tit_for_tat	num_of_Pavlov	average_fitness_of_tit_for_tat	average_fitness_of_Pavlov
20	0	150	0
19	1	146.704605263158	85.815
18	2	143.291666666667	84.9375
17	3	140.037941176471	85.2775
16	4	136.50109375	84.955
15	5	133.378666666667	84.475
14	6	129.864107142857	84.3983333333333
13	7	126.306153846154	84.4946428571429
12	8	123.368125	84.3634375
11	9	120.075681818182	83.7588888888889
10	10	115.8905	83.7225
9	11	113.054444444444	83.4343181818182
8	12	109.698125	83.380625
7	13	106.422857142857	83.3282692307692
6	14	102.820416666667	83.2775
5	15	99.585	82.838
4	16	96.498125	82.5715625
3	17	92.7116666666666	82.1883823529412
2	18	89.575	82.1558333333334
1	19	87.3925	81.9644736842105
0	20	0	81.856125
