num_of_tit_for_tat	num_of_shame_driven_denying	average_fitness_of_tit_for_tat	average_fitness_of_shame_driven_denying
20	0	150	0
19	1	144.539605263158	66.745
18	2	139.045138888889	64.47875
17	3	133.674558823529	62.4908333333333
16	4	128.0646875	60.790625
15	5	122.3625	60.224
14	6	116.602678571429	57.6795833333333
13	7	111.266153846154	56.8639285714286
12	8	106.036458333333	54.5634375
11	9	100.367727272727	53.0380555555555
10	10	94.961	50.974
9	11	89.4916666666667	49.4654545454545
8	12	83.4265625	48.0047916666667
7	13	78.4296428571429	46.0894230769231
6	14	72.9179166666667	44.1676785714286
5	15	67.6015	42.745
4	16	62.65625	41.02890625
3	17	57.3625	39.6026470588235
2	18	50.8675	37.6402777777778
1	19	46.28	35.8642105263158
0	20	0	34.0925
