num_of_generous_TFT	num_of_shame_driven_hiding	average_fitness_of_generous_TFT	average_fitness_of_shame_driven_hiding
50	0	150	0
49	1	149.444897959184	160
48	2	148.878333333333	159.35
47	3	148.267872340426	158.79
46	4	147.716086956522	158.26
45	5	147.125111111111	157.576
44	6	146.550681818182	157.035
43	7	145.977674418605	156.392857142857
42	8	145.347380952381	155.76125
41	9	144.737804878049	155.138888888889
40	10	144.1215	154.568
39	11	143.484358974359	154.002727272727
38	12	142.959736842105	153.437708333333
37	13	142.303243243243	152.780192307692
36	14	141.64	152.146964285714
35	15	141.022285714286	151.405
34	16	140.378823529412	150.78328125
33	17	139.688181818182	150.111029411765
32	18	139.0184375	149.525
31	19	138.318709677419	148.702894736842
30	20	137.660333333333	147.8915
29	21	136.951724137931	147.056785714286
28	22	136.233571428571	146.340681818182
27	23	135.545185185185	145.42402173913
26	24	134.769230769231	144.390104166667
25	25	134.1472	143.4525
24	26	133.430833333333	142.284807692308
23	27	132.577391304348	141.060925925926
22	28	131.950454545455	139.933482142857
21	29	131.04619047619	138.557155172414
20	30	130.266	137.242583333333
19	31	129.402105263158	136.023629032258
18	32	128.635555555556	134.41140625
17	33	127.711764705882	132.872651515152
16	34	126.803125	131.149485294118
15	35	126.102666666667	129.542714285714
14	36	125.115	127.672638888889
13	37	124.269230769231	125.754527027027
12	38	123.324166666667	123.766184210526
11	39	122.372727272727	121.602243589744
10	40	121.184	119.570625
9	41	120.121111111111	117.080548780488
8	42	119.20875	114.92244047619
7	43	118.154285714286	112.11
6	44	116.9	109.5425
5	45	115.748	106.654611111111
4	46	114.355	104.145054347826
3	47	113.233333333333	101.193617021277
2	48	111.645	98.0031770833333
1	49	110	94.5455612244898
0	50	0	91.1552
