num_of_generous_TFT	num_of_TFT_with_trembling_hand	average_fitness_of_generous_TFT	average_fitness_of_TFT_with_trembling_hand
50	0	150	0
49	1	149.152295918367	153.7975
48	2	148.29203125	152.1575
47	3	147.442021276596	151.220833333333
46	4	146.626630434783	149.74375
45	5	145.790388888889	148.696
44	6	144.919602272727	147.555416666667
43	7	144.092441860465	146.213928571429
42	8	143.188988095238	145.15875
41	9	142.391402439024	143.821944444444
40	10	141.5243125	142.5615
39	11	140.692115384615	141.182954545454
38	12	139.771710526316	139.981875
37	13	138.977905405405	138.876730769231
36	14	138.212361111111	137.631428571429
35	15	137.259928571429	136.532833333333
34	16	136.448602941176	135.27515625
33	17	135.666515151515	134.065735294118
32	18	134.793671875	132.500694444444
31	19	133.922177419355	131.508026315789
30	20	133.006666666667	130.27225
29	21	132.231293103448	129.126666666667
28	22	131.371875	127.989545454545
27	23	130.521574074074	126.551847826087
26	24	129.609038461538	125.310104166667
25	25	128.7654	124.1911
24	26	128.078229166667	122.832692307692
23	27	127.16902173913	121.756851851852
22	28	126.462954545455	120.481428571429
21	29	125.342023809524	119.267155172414
20	30	124.54325	118.108
19	31	123.745	116.827258064516
18	32	122.662222222222	115.73046875
17	33	121.997205882353	114.376439393939
16	34	121.30125	113.067573529412
15	35	120.320166666667	111.946285714286
14	36	119.490714285714	110.629166666667
13	37	118.640384615385	109.52527027027
12	38	117.728125	108.242105263158
11	39	116.872954545454	107.00391025641
10	40	116.1055	105.884125
9	41	115.3075	104.624756097561
8	42	114.4196875	103.332261904762
7	43	113.503928571429	102.097209302326
6	44	112.800833333333	101.004659090909
5	45	111.6535	99.6262777777777
4	46	110.968125	98.4121739130435
3	47	110.335	97.1699468085106
2	48	109.38375	96.0241666666666
1	49	108.3625	94.7402551020408
0	50	0	93.5360999999999
