num_of_generous_TFT	num_of_Pavlov	average_fitness_of_generous_TFT	average_fitness_of_Pavlov
50	0	150	0
49	1	148.716734693878	158.865
48	2	147.4309375	157.715
47	3	146.073138297872	155.946666666667
46	4	144.736684782609	154.4225
45	5	143.426222222222	153.516
44	6	142.194431818182	151.937916666667
43	7	140.816860465116	150.71
42	8	139.545416666667	148.855
41	9	138.197743902439	147.835277777778
40	10	136.8961875	146.14925
39	11	135.301153846154	144.865227272727
38	12	134.163552631579	143.52125
37	13	132.988378378378	142.119230769231
36	14	131.44375	140.768392857143
35	15	130.289571428571	139.221333333333
34	16	128.953235294118	137.7184375
33	17	127.490681818182	136.501470588235
32	18	126.272890625	135.01
31	19	124.985161290323	133.798552631579
30	20	123.695583333333	132.058875
29	21	122.430517241379	130.545476190476
28	22	120.780625	129.225227272727
27	23	119.634259259259	128.056739130435
26	24	118.370192307692	126.442708333333
25	25	117.0307	125.1191
24	26	115.993958333333	123.776057692308
23	27	114.531413043478	122.369907407407
22	28	113.273977272727	121.020892857143
21	29	111.813214285714	119.477586206897
20	30	110.264125	118.096166666667
19	31	109.272236842105	116.700967741936
18	32	108.013333333333	115.384453125
17	33	106.657794117647	113.887348484848
16	34	105.30015625	112.588455882353
15	35	104.322833333333	110.964642857143
14	36	102.863928571429	109.545277777778
13	37	101.295192307692	108.336824324324
12	38	99.608125	106.948947368421
11	39	98.5525	105.415256410256
10	40	97.4345	104.02475
9	41	96.2022222222222	102.3625
8	42	94.5659375	101.16630952381
7	43	93.3460714285714	99.8656976744186
6	44	92.3379166666667	98.2810795454545
5	45	91.148	97.0396666666667
4	46	88.889375	95.473695652174
3	47	87.605	94.0459574468085
2	48	87.8025	92.6264583333333
1	49	84.7825	91.2329591836735
0	50	0	89.79455
