num_of_generous_TFT	num_of_guilt_driven_amending	average_fitness_of_generous_TFT	average_fitness_of_guilt_driven_amending
50	0	150	0
49	1	149.316734693878	153.0275
48	2	148.636354166667	152.52
47	3	147.928989361702	151.1225
46	4	147.284673913043	150.358125
45	5	146.589388888889	149.422
44	6	145.902784090909	148.724583333333
43	7	145.219069767442	147.6525
42	8	144.521607142857	146.9521875
41	9	143.851951219512	146.053611111111
40	10	143.167625	145.19475
39	11	142.481987179487	144.311363636364
38	12	141.873815789474	143.366458333333
37	13	141.157364864865	142.771730769231
36	14	140.491944444445	141.761785714286
35	15	139.812142857143	140.847666666667
34	16	139.0725	140.1059375
33	17	138.390984848485	139.145588235294
32	18	137.765234375	138.317916666667
31	19	137.043306451613	137.614078947368
30	20	136.422833333333	136.605625
29	21	135.770431034483	135.751547619048
28	22	135.051696428571	134.923409090909
27	23	134.381574074074	134.115108695652
26	24	133.724711538462	133.275
25	25	133.0407	132.4403
24	26	132.2871875	131.59125
23	27	131.64652173913	130.637592592593
22	28	130.825227272727	129.881160714286
21	29	130.3325	128.987586206897
20	30	129.522375	128.178333333333
19	31	128.923421052632	127.310322580645
18	32	128.198611111111	126.31671875
17	33	127.619117647059	125.576287878788
16	34	126.83421875	124.668455882353
15	35	126.190666666667	123.948928571429
14	36	125.464464285714	123.007430555556
13	37	124.996923076923	122.141621621622
12	38	124.26375	121.311578947368
11	39	123.317954545455	120.423205128205
10	40	122.829	119.5625
9	41	122.086944444444	118.659512195122
8	42	121.35375	117.92
7	43	120.798928571429	117.060348837209
6	44	120.04875	116.208295454545
5	45	119.342	115.262166666667
4	46	118.635625	114.480760869565
3	47	118.0525	113.665106382979
2	48	117.4325	112.789479166667
1	49	117.0225	111.884081632653
0	50	0	111.08805
