num_of_generous_TFT	num_of_shame_driven_denying	average_fitness_of_generous_TFT	average_fitness_of_shame_driven_denying
20	0	100	0
19	1	94.5052631578947	108.14
18	2	89.0855555555555	103.7775
17	3	83.5714705882353	99.7433333333333
16	4	78.16125	94.7625
15	5	72.561	90.368
14	6	66.7185714285714	85.7008333333333
13	7	61.9684615384615	81.6192857142857
12	8	55.8266666666667	76.69375
11	9	50.1754545454545	72.6866666666667
10	10	45.285	67.7945
9	11	39.4161111111111	63.1195454545455
8	12	33.508125	58.8979166666667
7	13	28.56	54.45
6	14	22.5875	50.2460714285714
5	15	17.723	45.47
4	16	12	40.8175
3	17	7.35333333333333	36.1123529411765
2	18	0.95	31.8413888888889
1	19	-2.685	27.523947368421
0	20	0	22.96125
