num_of_generous_TFT	num_of_TFT_with_trembling_hand	average_fitness_of_generous_TFT	average_fitness_of_TFT_with_trembling_hand
20	0	100	0
19	1	97.7536842105263	108.25
18	2	95.5986111111111	105.4375
17	3	93.3752941176471	102.623333333333
16	4	91.1603125	99.37625
15	5	89.005	96.156
14	6	86.8157142857143	92.8858333333334
13	7	84.9011538461538	90.3221428571429
12	8	82.5129166666667	87.071875
11	9	80.1459090909091	84.4066666666666
10	10	78.0315	81.135
9	11	75.8138888888889	78.2272727272727
8	12	73.901875	75.2816666666666
7	13	71.5428571428572	72.1192307692308
6	14	69.4816666666667	69.3596428571429
5	15	66.935	66.3876666666667
4	16	64.98875	63.3696875
3	17	62.86	60.3617647058823
2	18	60.6525	57.4488888888889
1	19	58.53	54.4144736842105
0	20	0	51.44675
