num_of_generous_TFT	num_of_guilt_driven_amending	average_fitness_of_generous_TFT	average_fitness_of_guilt_driven_amending
20	0	100	0
19	1	98.5360526315789	105.81
18	2	97.0475	104.0975
17	3	95.5126470588235	102.166666666667
16	4	94.0278125	100.62125
15	5	92.545	99.05
14	6	91.0110714285714	97.1925
13	7	89.5380769230769	95.6628571428571
12	8	88.0433333333333	93.9275
11	9	86.57	92.2677777777778
10	10	84.914	90.513
9	11	83.6711111111111	88.7995454545455
8	12	82.124375	86.8675
7	13	80.7092857142857	85.1773076923077
6	14	78.9558333333333	83.4417857142857
5	15	77.662	81.8096666666666
4	16	76.0125	80.1771875
3	17	74.575	78.3379411764706
2	18	73	76.6311111111111
1	19	71.67	74.9131578947369
0	20	0	73.302
