num_of_generous_TFT	num_of_Pavlov	average_fitness_of_generous_TFT	average_fitness_of_Pavlov
20	0	100	0
19	1	96.6481578947369	122.17
18	2	93.3411111111111	117.295
17	3	89.6723529411765	113.708333333333
16	4	86.4934375	110.4425
15	5	82.981	107.473
14	6	79.9257142857142	103.528333333333
13	7	76.2384615384615	100.49
12	8	73.0145833333334	96.8825
11	9	69.4009090909091	93.4894444444445
10	10	66.352	90.2545
9	11	62.8266666666667	86.9331818181818
8	12	59.134375	83.9516666666667
7	13	55.8664285714286	79.8703846153846
6	14	53.0691666666667	76.7071428571428
5	15	48.971	73.616
4	16	46.07125	69.7759375
3	17	43.115	66.479705882353
2	18	38.53	62.7863888888889
1	19	36.125	59.3121052631579
0	20	0	55.9185
