num_of_always_trembling	num_of_shame_driven_hiding	average_fitness_of_always_trembling	average_fitness_of_shame_driven_hiding
20	0	50.04175	0
19	1	50.2386842105263	47.245
18	2	50.2147222222223	49.12
17	3	50.66	50.8116666666667
16	4	51.6453125	52.71125
15	5	51.5366666666667	54.746
14	6	51.8585714285714	56.2158333333333
13	7	52.1073076923077	58.5078571428572
12	8	52.19625	60.12375
11	9	52.4090909090909	62.3566666666667
10	10	53.272	64.522
9	11	52.9811111111111	66.6554545454545
8	12	53.23625	69.03375
7	13	53.6164285714286	71.0761538461538
6	14	53.4433333333333	73.7410714285714
5	15	54.614	76.432
4	16	54.55125	78.8003125
3	17	54.7266666666667	82.0123529411765
2	18	54.6275	85.3830555555555
1	19	55.235	88.4155263157894
0	20	0	89.591
