num_of_always_cooperate	num_of_shame_driven_denying	average_fitness_of_always_cooperate	average_fitness_of_shame_driven_denying
20	0	100	0
19	1	97.2468421052632	126.905
18	2	94.2733333333333	122.245
17	3	91.3676470588235	119.68
16	4	88.893125	115.9475
15	5	85.7426666666667	112.321
14	6	82.9857142857143	108.611666666667
13	7	80.5938461538462	105.512142857143
12	8	77.6458333333333	101.983125
11	9	75.3809090909091	98.2911111111111
10	10	72.352	94.5135
9	11	69.4755555555555	91.1486363636364
8	12	66.17625	87.9554166666667
7	13	63.9814285714286	84.2053846153846
6	14	60.265	81.1217857142857
5	15	57.57	77.0846666666666
4	16	55.175	74.0475
3	17	53.23	70.0897058823529
2	18	49.87	66.7105555555555
1	19	48.97	63.2192105263158
0	20	0	59.673
