num_of_always_cooperate	num_of_guilt_driven_amending	average_fitness_of_always_cooperate	average_fitness_of_guilt_driven_amending
20	0	100	0
19	1	99.4831578947368	104.785
18	2	98.9627777777777	104.065
17	3	98.4705882352941	103.5
16	4	97.99	102.59
15	5	97.4953333333334	102.072
14	6	96.9221428571429	101.288333333333
13	7	96.4592307692308	100.663571428571
12	8	96.0816666666667	99.915
11	9	95.52	99.1733333333333
10	10	94.8990000000001	98.3895000000001
9	11	94.48	97.7072727272727
8	12	93.88625	97.0508333333334
7	13	93.4385714285714	96.4146153846154
6	14	92.975	95.6385714285714
5	15	92.39	94.8596666666667
4	16	91.94	94.2125
3	17	91.3866666666667	93.525294117647
2	18	90.905	92.8908333333333
1	19	90.52	92.0913157894737
0	20	0	91.38075
