num_of_always_cooperate	num_of_TFT_with_trembling_hand	average_fitness_of_always_cooperate	average_fitness_of_TFT_with_trembling_hand
20	0	100	0
19	1	99.4600000000001	105
18	2	98.9111111111112	103.375
17	3	98.4405882352941	101.888333333333
16	4	97.915625	100.675
15	5	97.3226666666666	98.995
14	6	96.8828571428572	97.7533333333333
13	7	96.353076923077	96.45
12	8	95.8083333333333	94.83
11	9	95.2863636363636	93.5777777777778
10	10	94.7039999999999	91.8635000000001
9	11	94.2088888888889	90.4336363636363
8	12	93.6725	89.1358333333333
7	13	93.2385714285714	87.8061538461538
6	14	92.62	86.1275
5	15	92.03	84.6696666666667
4	16	91.6675	83.1921875
3	17	91.0966666666667	81.7602941176471
2	18	90.47	80.2522222222222
1	19	90	78.661052631579
0	20	0	77.4785
