num_of_always_trembling	num_of_TFT_with_trembling_hand	average_fitness_of_always_trembling	average_fitness_of_TFT_with_trembling_hand
20	0	49.6535	0
19	1	50.1834210526316	46.435
18	2	50.78	48.3275
17	3	51.1011764705882	49.64
16	4	51.2384375	51.99375
15	5	51.75	52.854
14	6	51.7696428571429	54.6591666666667
13	7	52.3457692307692	56.2885714285715
12	8	52.71	58.12125
11	9	52.9945454545454	59.6883333333333
10	10	53.071	60.9885
9	11	53.8055555555556	62.9318181818182
8	12	53.844375	64.48875
7	13	54.6085714285714	66.0442307692308
6	14	54.5658333333333	67.6217857142857
5	15	54.671	69.3006666666667
4	16	55.32875	70.79125
3	17	55.495	72.4820588235294
2	18	56.2475	74.2147222222222
1	19	55.74	75.7707894736842
0	20	0	77.398
