num_of_always_trembling	num_of_Pavlov	average_fitness_of_always_trembling	average_fitness_of_Pavlov
20	0	50.1155	0
19	1	50.338947368421	49.275
18	2	51.0277777777778	50.89
17	3	51.815294117647	50.6866666666667
16	4	52.025625	51.94625
15	5	52.18	52.542
14	6	52.6178571428572	52.8416666666666
13	7	53.0626923076923	53.0714285714286
12	8	53.6266666666667	53.72
11	9	53.8554545454545	54.3161111111111
10	10	54.7965	54.869
9	11	55.4083333333333	55.3127272727273
8	12	55.4	56.0308333333333
7	13	56.2935714285715	56.4326923076923
6	14	56.08	57.1217857142857
5	15	56.566	57.8826666666667
4	16	57.68375	58.4015625
3	17	57.5333333333333	58.9088235294118
2	18	57.8025	59.9536111111111
1	19	60.63	61.0528947368421
0	20	0	61.732
