num_of_always_defect	num_of_shame_driven_denying	average_fitness_of_always_defect	average_fitness_of_shame_driven_denying
20	0	0	0
19	1	1	-9.5
18	2	1.99944444444444	-5.8675
17	3	3	-2.17666666666667
16	4	4	1.095
15	5	5	5.101
14	6	5.99928571428571	9.20833333333334
13	7	7	12.1957142857143
12	8	8	15.785625
11	9	9	19.64
10	10	9.999	23.0785
9	11	11	27.06
8	12	12	30.8354166666667
7	13	12.9985714285714	34.2961538461538
6	14	13.9983333333333	37.8871428571428
5	15	14.998	41.4823333333333
4	16	16	45.4475
3	17	17	48.7817647058824
2	18	17.995	52.3519444444444
1	19	19	55.9589473684211
0	20	0	59.6185
