num_of_always_defect	num_of_Pavlov	average_fitness_of_always_defect	average_fitness_of_Pavlov
20	0	0	0
19	1	5.47210526315789	-49.965
18	2	11.0966666666667	-44.2125
17	3	16.4988235294118	-38.5333333333333
16	4	22.0725	-32.8475
15	5	27.5393333333333	-26.875
14	6	33.1085714285714	-21.1566666666667
13	7	38.6623076923077	-15.3257142857143
12	8	43.8991666666667	-9.331875
11	9	49.5372727272727	-3.54555555555555
10	10	54.937	2.272
9	11	60.5444444444444	7.83954545454546
8	12	65.98	13.7558333333333
7	13	71.3628571428572	19.5419230769231
6	14	76.8933333333334	25.5678571428571
5	15	82.608	31.3976666666667
4	16	87.8575	37.273125
3	17	93.2433333333333	43.5285294117647
2	18	98.855	49.3733333333334
1	19	104.55	55.5921052631579
0	20	0	61.87
