num_of_always_defect	num_of_TFT_with_trembling_hand	average_fitness_of_always_defect	average_fitness_of_TFT_with_trembling_hand
20	0	0	0
19	1	1	-9.5
18	2	2	-4.8275
17	3	3	-0.298333333333333
16	4	4	4.21875
15	5	5	8.8
14	6	6	13.3291666666667
13	7	6.99923076923077	17.9114285714286
12	8	8	22.5325
11	9	9	27.1361111111111
10	10	10	31.7895
9	11	10.9988888888889	36.2986363636364
8	12	11.99875	40.67375
7	13	13	45.3838461538462
6	14	14	49.9028571428571
5	15	15	54.5613333333333
4	16	16	59.048125
3	17	17	63.505
2	18	18	68.4152777777778
1	19	19	72.8363157894737
0	20	0	77.44575
