num_of_always_defect	num_of_shame_driven_hiding	average_fitness_of_always_defect	average_fitness_of_shame_driven_hiding
20	0	0	0
19	1	1	-9.5
18	2	2	-5.795
17	3	3	-2.205
16	4	3.999375	1.92625
15	5	5	5.607
14	6	6	9.92416666666667
13	7	7	13.5592857142857
12	8	8	18.151875
11	9	9	22.0338888888889
10	10	9.998	26.564
9	11	11	31.31
8	12	12	36.14375
7	13	13	41.4892307692308
6	14	14	46.3660714285715
5	15	15	51.869
4	16	15.9975	57.9228125
3	17	17	64.7685294117647
2	18	18	71.9925
1	19	19	80.3081578947369
0	20	0	89.713
