num_of_always_cooperate	num_of_shame_driven_hiding	average_fitness_of_always_cooperate	average_fitness_of_shame_driven_hiding
20	0	100	0
19	1	99.5763157894737	105
18	2	99.1822222222222	104.615
17	3	98.7129411764706	104.123333333333
16	4	98.2475	103.795
15	5	97.7913333333333	103.356
14	6	97.3635714285714	102.91
13	7	96.9315384615384	102.412857142857
12	8	96.3941666666667	101.9425
11	9	95.8690909090909	101.486666666667
10	10	95.4490000000001	101.011
9	11	94.9333333333333	100.543636363636
8	12	94.45875	100.075833333333
7	13	93.8171428571429	99.4973076923077
6	14	93.305	98.965
5	15	92.6060000000001	98.347
4	16	92.0425	97.6753125
3	17	91.3933333333333	96.7520588235294
2	18	90.73	95.2286111111111
1	19	90	93.0136842105263
0	20	0	89.81625
