num_of_always_cooperate	num_of_Pavlov	average_fitness_of_always_cooperate	average_fitness_of_Pavlov
20	0	100	0
19	1	97.6094736842105	147.22
18	2	95.4333333333333	140.91
17	3	93.1529411764706	136.548333333333
16	4	90.256875	131.40625
15	5	88.006	126.696
14	6	86.0642857142857	123.013333333333
13	7	83.6369230769231	118.731428571429
12	8	81.175	115.025
11	9	78.4909090909091	110.554444444444
10	10	76.3	106.21
9	11	73.6333333333334	102.006363636364
8	12	71.36125	97.7370833333334
7	13	69.0514285714286	93.2134615384615
6	14	65.99	88.8453571428572
5	15	64.716	84.3
4	16	62.265	79.790625
3	17	58.9933333333333	75.5179411764706
2	18	56	70.9247222222222
1	19	55.93	66.3465789473684
0	20	0	61.7075
