num_of_guilt_driven_amending	num_of_Pavlov	average_fitness_of_guilt_driven_amending	average_fitness_of_Pavlov
20	0	91.38125	0
19	1	90.2089473684211	59.665
18	2	89.0916666666666	59.7375
17	3	88.0858823529412	60.0333333333333
16	4	86.823125	60.2325
15	5	85.9353333333333	60.422
14	6	84.6010714285715	60.8691666666667
13	7	83.5196153846153	61.2178571428572
12	8	82.3133333333333	60.975625
11	9	81.2563636363636	61.3622222222222
10	10	80.197	60.9815
9	11	78.9144444444444	61.555
8	12	78.0175	61.33
7	13	77.0585714285714	61.8396153846154
6	14	75.6675	61.7460714285714
5	15	74.061	61.5573333333333
4	16	73.24	61.8346875
3	17	72.59	61.8570588235294
2	18	71.515	62.0508333333334
1	19	69.68	61.8589473684211
0	20	0	61.96775
