num_of_shame_driven_denying	num_of_Pavlov	average_fitness_of_shame_driven_denying	average_fitness_of_Pavlov
20	0	59.77625	0
19	1	61.1986842105263	48.195
18	2	62.2688888888889	49.03
17	3	63.2888235294118	49.8016666666667
16	4	65.2315625	50.575
15	5	66.378	51.122
14	6	68.01	52.155
13	7	69.19	53.4514285714286
12	8	70.39	53.33
11	9	71.9845454545455	53.935
10	10	73.4455	55.1355
9	11	74.4944444444445	55.92
8	12	76.12125	56.7866666666667
7	13	77.3371428571429	57.1073076923077
6	14	78.6516666666667	58.2328571428571
5	15	79.994	58.5066666666667
4	16	81.66375	59.284375
3	17	82.4666666666666	60.0467647058824
2	18	83.79	60.6377777777778
1	19	85.995	61.6339473684211
0	20	0	61.832
