num_of_shame_driven_hiding	num_of_guilt_driven_amending	average_fitness_of_shame_driven_hiding	average_fitness_of_guilt_driven_amending
20	0	89.68375	0
19	1	92.2371052631579	86.845
18	2	94.0186111111111	86.9475
17	3	95.1920588235294	87.1566666666666
16	4	95.80125	87.555
15	5	96.3426666666666	87.769
14	6	96.8117857142857	88.1208333333333
13	7	97.0711538461538	88.4564285714285
12	8	97.3445833333333	88.688125
11	9	97.5586363636364	88.9361111111111
10	10	97.756	89.165
9	11	97.9638888888889	89.4690909090909
8	12	98.228125	89.6304166666667
7	13	98.3707142857143	89.9115384615385
6	14	98.6208333333334	90.1307142857143
5	15	98.738	90.327
4	16	99.03125	90.6153125
3	17	99.155	90.8191176470588
2	18	99.315	90.9830555555556
1	19	99.525	91.1615789473685
0	20	0	91.366
