num_of_shame_driven_hiding	num_of_Pavlov	average_fitness_of_shame_driven_hiding	average_fitness_of_Pavlov
20	0	89.69575	0
19	1	90.2121052631579	57.015
18	2	89.9055555555556	57.42
17	3	89.374705882353	58.07
16	4	88.2996875	57.88875
15	5	87.742	58.472
14	6	87.0089285714286	58.685
13	7	86.3907692307692	59.425
12	8	85.7654166666666	59.76125
11	9	85.0663636363636	60.0861111111111
10	10	84.5495	59.8965
9	11	84.2444444444444	60.2559090909091
8	12	83.960625	60.5670833333333
7	13	83.1228571428571	60.8784615384615
6	14	83.2133333333334	61.1535714285714
5	15	82.636	61.4366666666667
4	16	82.74875	61.4496875
3	17	81.6133333333333	61.5570588235294
2	18	81.4675	61.7061111111111
1	19	81.31	61.7444736842105
0	20	0	61.7545
