num_of_shame_driven_denying	num_of_guilt_driven_amending	average_fitness_of_shame_driven_denying	average_fitness_of_guilt_driven_amending
20	0	59.34275	0
19	1	60.746052631579	68.78
18	2	62.0597222222222	70.0775
17	3	62.685	70.5033333333333
16	4	64.069375	72.2725
15	5	64.69	72.857
14	6	65.7207142857143	74.2141666666667
13	7	66.7880769230769	75.5171428571429
12	8	67.6870833333333	77.184375
11	9	69.2868181818182	78.2461111111111
10	10	69.4895	79.4735
9	11	70.6555555555556	80.5022727272727
8	12	71.91125	81.77375
7	13	73.1807142857143	82.66
6	14	73.5908333333334	84.1792857142857
5	15	74.82	85.4666666666667
4	16	75.5575	86.489375
3	17	76.6833333333333	87.8429411764706
2	18	77.635	88.8469444444444
1	19	78.955	90.2063157894737
0	20	0	91.41725
