num_of_TFT_with_trembling_hand	num_of_guilt_driven_amending	average_fitness_of_TFT_with_trembling_hand	average_fitness_of_guilt_driven_amending
20	0	77.33875	0
19	1	77.8513157894737	81.545
18	2	78.4091666666666	81.5775
17	3	78.6670588235294	82.155
16	4	79.3653125	82.8125
15	5	79.6936666666667	83.166
14	6	80.1789285714285	83.7775
13	7	80.6361538461538	84.45
12	8	80.99	84.754375
11	9	81.3972727272727	85.5511111111111
10	10	82.1385	85.98
9	11	82.57	86.5445454545455
8	12	82.8375	87.1329166666667
7	13	83.1785714285714	87.6561538461539
6	14	83.7441666666667	88.1032142857143
5	15	84.285	88.69
4	16	84.76375	89.23
3	17	85.0683333333333	89.8655882352941
2	18	85.5525	90.3275
1	19	86.375	90.85
0	20	0	91.385
