num_of_TFT_with_trembling_hand	num_of_Pavlov	average_fitness_of_TFT_with_trembling_hand	average_fitness_of_Pavlov
20	0	77.515	0
19	1	77.2339473684211	57.57
18	2	76.9572222222222	58.13
17	3	76.8758823529412	59.025
16	4	76.5465625	59.19
15	5	76.5153333333333	58.886
14	6	76.2564285714286	59.8883333333334
13	7	76.1611538461538	60.0971428571429
12	8	75.7820833333334	59.874375
11	9	75.7272727272727	60.3
10	10	75.1705	60.816
9	11	75.05	60.68
8	12	74.934375	60.78625
7	13	74.6585714285714	61.0511538461538
6	14	74.3633333333333	61.4267857142857
5	15	74.231	61.452
4	16	73.94875	61.458125
3	17	73.8716666666667	61.7114705882353
2	18	74.2325	61.9816666666667
1	19	73.375	61.7886842105263
0	20	0	61.84875
