num_of_TFT_with_trembling_hand	num_of_shame_driven_hiding	average_fitness_of_TFT_with_trembling_hand	average_fitness_of_shame_driven_hiding
20	0	77.39125	0
19	1	77.3294736842105	83.91
18	2	77.4252777777778	84.6
17	3	77.7597058823529	84.1266666666667
16	4	77.6246875	84.88125
15	5	77.719	84.932
14	6	77.76	84.8825
13	7	77.7430769230769	85.2435714285714
12	8	77.9495833333334	85.660625
11	9	77.8022727272728	86.03
10	10	78.0585	86.3505
9	11	77.985	86.8804545454545
8	12	78.22625	87.1279166666667
7	13	78.26	87.4703846153846
6	14	78.4058333333333	88.0307142857143
5	15	78.357	88.5613333333333
4	16	78.61875	89.00375
3	17	78.9833333333333	89.5244117647059
2	18	78.9475	89.8161111111112
1	19	79.375	90.3068421052632
0	20	0	89.934
