num_of_tit_for_tat	num_of_TFT_with_trembling_hand	average_fitness_of_tit_for_tat	average_fitness_of_TFT_with_trembling_hand
20	0	100	0
19	1	99.1278947368421	89.6
18	2	98.2880555555555	88.9725
17	3	97.3452941176471	88.2783333333333
16	4	96.6671875	87.73375
15	5	95.5006666666667	86.862
14	6	94.6221428571428	86.4516666666667
13	7	93.9319230769231	85.6485714285715
12	8	92.8829166666667	85.14625
11	9	91.8627272727273	84.3461111111111
10	10	91.322	83.7365
9	11	90.4688888888889	83.1609090909091
8	12	89.680625	82.55625
7	13	88.5950000000001	81.9730769230769
6	14	87.7925	81.2464285714286
5	15	87.084	80.6136666666667
4	16	86.1625	79.9484375
3	17	84.6883333333333	79.2917647058823
2	18	84.24	78.7447222222222
1	19	83.375	78.0265789473684
0	20	0	77.3155
