num_of_tit_for_tat	num_of_Pavlov	average_fitness_of_tit_for_tat	average_fitness_of_Pavlov
20	0	100	0
19	1	98.8460526315789	63.52
18	2	97.8697222222222	63.245
17	3	96.8070588235294	63.0016666666667
16	4	95.64	63.315
15	5	94.6046666666667	63.543
14	6	93.3978571428572	62.9941666666667
13	7	92.4742307692308	63.2542857142857
12	8	91.25	63.706875
11	9	90.1672727272727	63.46
10	10	88.995	63.112
9	11	88.0944444444444	63.1777272727273
8	12	86.7025	63.2070833333333
7	13	85.75	62.9607692307692
6	14	84.8433333333333	62.9785714285714
5	15	83.645	62.5036666666667
4	16	82.3325	62.2784375
3	17	81.5733333333333	62.2532352941176
2	18	80.2675	62.1805555555555
1	19	78.805	62.3284210526316
0	20	0	61.8245
