num_of_tit_for_tat	num_of_shame_driven_denying	average_fitness_of_tit_for_tat	average_fitness_of_shame_driven_denying
20	0	100	0
19	1	98.3636842105263	81.55
18	2	96.8052777777778	80.52
17	3	95.2497058823529	78.9666666666667
16	4	93.5796875	78.46125
15	5	91.8893333333334	76.831
14	6	90.34	75.5991666666666
13	7	88.885	74.4921428571429
12	8	87.2254166666667	73.208125
11	9	85.8231818181818	72.1316666666666
10	10	83.8985	70.9185
9	11	82.3677777777778	70.0595454545455
8	12	80.90875	68.83875
7	13	79.305	67.4288461538461
6	14	77.8116666666667	66.4489285714286
5	15	76.034	65.778
4	16	74.94125	64.1825
3	17	72.5633333333333	62.8244117647059
2	18	71.0325	62.2569444444444
1	19	69.55	61.2707894736842
0	20	0	59.46825
