num_of_always_defect	num_of_guilt_driven_amending	average_fitness_of_always_defect	average_fitness_of_guilt_driven_amending
100	0	0	0
99	1	0.86040404040404	-42.325
98	2	1.69520408163265	-40.9875
97	3	2.55896907216495	-39.595
96	4	3.4165625	-38.37625
95	5	4.27947368421053	-36.753
94	6	5.1118085106383	-35.4258333333333
93	7	5.9641935483871	-34.1485714285714
92	8	6.82586956521739	-32.819375
91	9	7.68978021978022	-31.3161111111111
90	10	8.55233333333333	-29.8455
89	11	9.41191011235955	-28.7622727272727
88	12	10.2628409090909	-27.3208333333333
87	13	11.0975862068966	-25.9130769230769
86	14	11.9594186046512	-24.5192857142857
85	15	12.8208235294118	-23.281
84	16	13.6822619047619	-21.9190625
83	17	14.5067469879518	-20.5341176470588
82	18	15.3819512195122	-19.0858333333333
81	19	16.2006172839506	-17.7415789473684
80	20	17.07575	-16.321
79	21	17.9513924050633	-15.0078571428571
78	22	18.7742307692308	-13.7204545454545
77	23	19.6577922077922	-12.4102173913043
76	24	20.4972368421053	-10.9583333333333
75	25	21.3756	-9.4146
74	26	22.1901351351351	-8.29923076923077
73	27	23.0317808219178	-6.81203703703704
72	28	23.9320833333333	-5.53071428571429
71	29	24.8080281690141	-4.0201724137931
70	30	25.6125714285714	-2.83683333333333
69	31	26.5060869565218	-1.50709677419355
68	32	27.3286764705882	-0.08484375
67	33	28.1768656716418	1.32393939393939
66	34	29.0681818181818	2.55911764705882
65	35	29.9296923076923	4.04671428571429
64	36	30.784375	5.35611111111111
63	37	31.5815873015873	6.86716216216216
62	38	32.4787096774193	8.19934210526316
61	39	33.3175409836065	9.54179487179487
60	40	34.1803333333333	10.759875
59	41	35.0623728813559	12.2207317073171
58	42	35.8643103448276	13.6109523809524
57	43	36.7259649122807	14.8529069767442
56	44	37.61375	16.3345454545455
55	45	38.4643636363636	17.6763333333333
54	46	39.3109259259259	19.0697826086957
53	47	40.1843396226415	20.4793617021277
52	48	41.0442307692308	21.7522916666667
51	49	41.853137254902	23.1009183673469
50	50	42.7446	24.3921
49	51	43.5530612244898	25.8538235294118
48	52	44.339375	27.1835576923077
47	53	45.3402127659575	28.5616981132075
46	54	46.1484782608696	29.9506481481481
45	55	47.0048888888889	31.3112727272727
44	56	47.8709090909091	32.6302678571429
43	57	48.7327906976744	34.0509649122807
42	58	49.5695238095238	35.3962931034483
41	59	50.4231707317073	36.7371186440678
40	60	51.2735	38.1761666666667
39	61	52.1120512820513	39.4654098360656
38	62	53.0276315789474	40.8232258064516
37	63	53.9081081081081	42.2164285714286
36	64	54.6686111111111	43.521953125
35	65	55.6528571428571	44.9162307692308
34	66	56.4152941176471	46.3074242424242
33	67	57.2936363636363	47.6444029850746
32	68	58.1153125	49.0525735294118
31	69	58.9425806451613	50.3410144927537
30	70	59.885	51.7053571428571
29	71	60.6551724137931	53.150985915493
28	72	61.5789285714286	54.4309027777778
27	73	62.3466666666667	55.8888356164384
26	74	63.2546153846154	57.1672297297297
25	75	64.106	58.5858666666667
24	76	65.0220833333333	59.9455263157895
23	77	65.8782608695652	61.312987012987
22	78	66.6113636363636	62.5772435897436
21	79	67.5938095238095	63.9896202531646
20	80	68.312	65.4023125
19	81	69.2989473684211	66.7098148148148
18	82	70.0288888888889	68.1073170731707
17	83	70.895294117647	69.4657228915662
16	84	71.78	70.8325595238095
15	85	72.612	72.2017647058824
14	86	73.5328571428571	73.6182558139535
13	87	74.2915384615385	74.9422413793103
12	88	75.3125	76.3222727272727
11	89	75.9890909090909	77.6993820224719
10	90	77.017	79.0237222222222
9	91	77.8033333333333	80.375934065934
8	92	78.7425	81.7640217391304
7	93	79.5771428571428	83.0595698924731
6	94	80.1616666666667	84.4624468085106
5	95	81.122	85.8505789473684
4	96	82.435	87.2223958333333
3	97	82.9366666666667	88.6126288659794
2	98	84.005	89.9244897959184
1	99	84.53	91.2533838383839
0	100	0	92.6562500000001
