num_of_always_defect	num_of_shame_driven_denying	average_fitness_of_always_defect	average_fitness_of_shame_driven_denying
100	0	0	0
99	1	0.854949494949494	-42.3
98	2	1.70928571428571	-40.9875
97	3	2.56226804123711	-39.7216666666667
96	4	3.4209375	-38.38875
95	5	4.27084210526316	-37.213
94	6	5.12702127659575	-35.8125
93	7	5.98645161290323	-34.4021428571429
92	8	6.83782608695652	-33.228125
91	9	7.69692307692307	-31.8683333333333
90	10	8.564	-30.496
89	11	9.39516853932584	-29.2681818181818
88	12	10.2615909090909	-28.0933333333333
87	13	11.125632183908	-26.6538461538462
86	14	11.9648837209302	-25.3067857142857
85	15	12.8234117647059	-24.1166666666667
84	16	13.6796428571429	-22.955625
83	17	14.5366265060241	-21.5920588235294
82	18	15.3791463414634	-19.9922222222222
81	19	16.2328395061728	-18.9707894736842
80	20	17.074375	-17.65875
79	21	17.9610126582278	-16.2207142857143
78	22	18.8032051282051	-15.1622727272727
77	23	19.662987012987	-13.6713043478261
76	24	20.4986842105263	-12.343125
75	25	21.3885333333333	-11.0016
74	26	22.2091891891892	-9.87288461538462
73	27	23.0639726027397	-8.44333333333333
72	28	23.9475	-7.14214285714285
71	29	24.7683098591549	-5.87844827586207
70	30	25.6361428571429	-4.67316666666667
69	31	26.4968115942029	-3.23241935483871
68	32	27.3273529411765	-1.949375
67	33	28.2156716417911	-0.830909090909091
66	34	29.0863636363636	0.476323529411765
65	35	29.9118461538462	1.87957142857143
64	36	30.8121875	3.24555555555556
63	37	31.5957142857143	4.49945945945946
62	38	32.4977419354839	5.92368421052632
61	39	33.3519672131148	7.05153846153846
60	40	34.1898333333333	8.52175
59	41	35.0294915254237	9.67768292682927
58	42	35.8729310344828	10.9764285714286
57	43	36.7636842105263	12.2325581395349
56	44	37.6071428571429	13.6626136363636
55	45	38.4078181818182	14.97
54	46	39.3424074074074	16.1385869565217
53	47	40.1633962264151	17.4554255319149
52	48	41.0376923076923	18.7840625
51	49	41.85	20.0330612244898
50	50	42.719	21.3884
49	51	43.5734693877551	22.7662745098039
48	52	44.408125	24.0914423076923
47	53	45.2661702127659	25.2719811320755
46	54	46.1254347826087	26.6717592592593
45	55	47.0037777777778	27.9542727272727
44	56	47.8409090909091	29.1759821428572
43	57	48.7297674418604	30.5445614035088
42	58	49.5809523809524	31.7968103448276
41	59	50.3968292682927	33.031779661017
40	60	51.28375	34.3825
39	61	52.1107692307692	35.6981147540984
38	62	52.9786842105263	37.0110483870968
37	63	53.8310810810811	38.4057936507936
36	64	54.6888888888889	39.603671875
35	65	55.5802857142857	40.9185384615385
34	66	56.4061764705882	42.1982575757576
33	67	57.2612121212121	43.5684328358209
32	68	58.1325	44.8879411764706
31	69	59.0264516129032	46.0566666666667
30	70	59.755	47.4212142857143
29	71	60.7372413793104	48.7691549295774
28	72	61.5939285714286	50
27	73	62.4118518518519	51.3883561643836
26	74	63.3038461538462	52.5986486486486
25	75	64.1412	53.9709333333333
24	76	64.945	55.2986184210527
23	77	65.8582608695652	56.5751298701298
22	78	66.7259090909091	57.8297435897436
21	79	67.4509523809523	59.1179746835443
20	80	68.415	60.4338125
19	81	69.2168421052632	61.7590740740741
18	82	70.0711111111111	63.0095731707317
17	83	70.8494117647059	64.3499397590361
16	84	71.77625	65.6802380952381
15	85	72.6066666666666	67.0104117647059
14	86	73.465	68.2295348837209
13	87	74.2623076923077	69.5244827586207
12	88	75.2866666666667	70.8038636363636
11	89	75.9818181818182	72.1682584269663
10	90	76.856	73.3955555555556
9	91	77.6744444444444	74.81
8	92	78.54125	76.0235326086956
7	93	79.6114285714286	77.3231720430107
6	94	80.2766666666667	78.6222340425532
5	95	81.298	79.9855263157895
4	96	82.2275	81.2681770833333
3	97	82.9233333333333	82.5824226804124
2	98	83.545	83.871887755102
1	99	84.41	85.1224242424243
0	100	0	86.41215
