num_of_always_cooperate	num_of_TFT_with_trembling_hand	average_fitness_of_always_cooperate	average_fitness_of_TFT_with_trembling_hand
100	0	100	0
99	1	99.9057575757575	105
98	2	99.7939795918367	104.82
97	3	99.6942268041238	104.705
96	4	99.6046875	104.62375
95	5	99.4904210526316	104.437
94	6	99.3943617021276	104.283333333333
93	7	99.2859139784945	104.16
92	8	99.1856521739131	103.944375
91	9	99.0910989010989	103.868333333333
90	10	98.9835555555555	103.7155
89	11	98.8966292134832	103.657272727273
88	12	98.7898863636364	103.424166666667
87	13	98.6697701149425	103.349615384615
86	14	98.6058139534884	103.158928571429
85	15	98.479294117647	102.972333333333
84	16	98.38	102.840625
83	17	98.2844578313253	102.703529411765
82	18	98.210487804878	102.576666666667
81	19	98.0801234567901	102.420789473684
80	20	97.986875	102.29825
79	21	97.8910126582279	102.139523809524
78	22	97.7780769230769	101.960227272727
77	23	97.6731168831169	101.826086956522
76	24	97.5481578947368	101.623333333333
75	25	97.504	101.517
74	26	97.3645945945946	101.384230769231
73	27	97.2906849315069	101.292407407407
72	28	97.1777777777778	101.100178571429
71	29	97.0487323943662	100.969137931034
70	30	96.9595714285714	100.839333333333
69	31	96.8659420289855	100.64064516129
68	32	96.7776470588235	100.58765625
67	33	96.6574626865672	100.414242424242
66	34	96.5606060606061	100.226911764706
65	35	96.4490769230769	100.08
64	36	96.381875	99.9340277777778
63	37	96.3087301587302	99.787972972973
62	38	96.1795161290323	99.6550000000001
61	39	96.0626229508197	99.5370512820513
60	40	95.9556666666667	99.38475
59	41	95.8488135593221	99.2362195121951
58	42	95.751724137931	99.035
57	43	95.6805263157895	98.9652325581395
56	44	95.5289285714286	98.7772727272728
55	45	95.4434545454546	98.6277777777778
54	46	95.3233333333333	98.5365217391304
53	47	95.2420754716981	98.3884042553191
52	48	95.1511538461539	98.2594791666667
51	49	95.0986274509804	98.090306122449
50	50	94.967	97.9581
49	51	94.84	97.7698039215686
48	52	94.748125	97.6841346153846
47	53	94.6446808510639	97.5132075471698
46	54	94.5352173913043	97.3628703703703
45	55	94.4924444444444	97.1942727272727
44	56	94.3193181818182	97.0934821428571
43	57	94.2495348837209	96.9192105263158
42	58	94.1461904761905	96.7952586206897
41	59	94.0456097560975	96.638813559322
40	60	93.9325	96.52225
39	61	93.7915384615385	96.3929508196721
38	62	93.7102631578947	96.2396774193548
37	63	93.6381081081081	96.0285714285714
36	64	93.51	95.9090625
35	65	93.4865714285714	95.7865384615385
34	66	93.3564705882353	95.6038636363636
33	67	93.1930303030303	95.5294776119403
32	68	93.1428125	95.34625
31	69	93.0296774193548	95.243115942029
30	70	92.9103333333333	95.0502857142857
29	71	92.8024137931035	94.927323943662
28	72	92.7221428571428	94.7648611111111
27	73	92.6725925925925	94.6055479452055
26	74	92.5142307692308	94.4768918918919
25	75	92.396	94.328
24	76	92.3266666666667	94.1605263157895
23	77	92.2369565217391	94.0666883116883
22	78	92.1268181818182	93.9239102564103
21	79	92.0090476190477	93.7674050632911
20	80	91.891	93.563
19	81	91.8273684210526	93.4557407407408
18	82	91.7288888888889	93.2870731707317
17	83	91.6370588235294	93.1712048192771
16	84	91.5525	93.0586904761905
15	85	91.46	92.848
14	86	91.3135714285714	92.6945930232558
13	87	91.2384615384615	92.5994252873563
12	88	91.1091666666667	92.425625
11	89	90.9836363636364	92.341011235955
10	90	90.904	92.1712777777778
9	91	90.83	92.0026923076923
8	92	90.67	91.8508695652174
7	93	90.6042857142857	91.7310752688172
6	94	90.5166666666666	91.6423404255319
5	95	90.426	91.4466315789473
4	96	90.2525	91.25609375
3	97	90.2266666666667	91.1859278350516
2	98	90.095	90.9838775510204
1	99	90	90.8620202020202
0	100	0	90.77275
