num_of_always_trembling	num_of_Pavlov	average_fitness_of_always_trembling	average_fitness_of_Pavlov
100	0	49.9098	0
99	1	50.4804545454545	50.295
98	2	50.7577551020408	49.7875
97	3	51.1403608247423	50.3416666666667
96	4	51.526875	50.36875
95	5	51.9285789473684	51.311
94	6	52.3371808510638	51.455
93	7	52.7212365591398	52.1928571428571
92	8	52.9870652173913	52.495
91	9	53.4327472527472	53.1411111111111
90	10	53.9118888888889	52.778
89	11	54.2097752808989	53.5977272727273
88	12	54.6651136363636	54.0120833333333
87	13	55.0919540229885	54.5038461538462
86	14	55.3955813953489	54.9742857142857
85	15	55.8558235294118	55.2176666666667
84	16	56.1952976190476	55.61
83	17	56.5798795180723	56.3802941176471
82	18	57.0926829268293	56.2391666666667
81	19	57.446049382716	56.8936842105263
80	20	57.9570625	57.0305
79	21	58.2527848101266	58.0604761904762
78	22	58.6102564102564	58.2202272727273
77	23	58.9963636363636	58.4032608695652
76	24	59.2084868421053	58.9204166666667
75	25	59.6282666666667	59.1862000000001
74	26	59.9716891891892	59.4517307692308
73	27	60.5641095890411	60.0955555555556
72	28	61.0140972222222	60.3558928571429
71	29	61.48	60.5741379310345
70	30	61.6121428571428	61.4665
69	31	62.168115942029	61.5333870967742
68	32	62.5923529411765	61.94640625
67	33	62.9130597014925	62.2592424242424
66	34	63.4405303030303	62.9529411764706
65	35	63.6895384615384	63.2642857142857
64	36	64.054296875	63.5595833333333
63	37	64.3420634920635	63.7417567567568
62	38	65.0451612903226	64.3075
61	39	65.1672950819672	64.7021794871795
60	40	65.5355	65.073875
59	41	65.9913559322033	65.5301219512195
58	42	66.5455172413793	65.9563095238095
57	43	66.7113157894737	66.1687209302326
56	44	67.2377678571429	66.7078409090909
55	45	67.4751818181818	67.0805555555555
54	46	68.0293518518518	67.3040217391304
53	47	68.4260377358491	67.9731914893617
52	48	68.7692307692308	68.5139583333333
51	49	69.0730392156863	68.6920408163265
50	50	69.4687	69.1523
49	51	69.8486734693877	69.4179411764706
48	52	70.3692708333333	69.8378846153846
47	53	70.9870212765958	70.3573584905661
46	54	71.0955434782608	70.6397222222222
45	55	71.6106666666667	71.1958181818182
44	56	71.8682954545455	71.5201785714286
43	57	72.4106976744186	71.8028070175438
42	58	72.805119047619	72.1858620689655
41	59	73.0632926829268	72.6363559322034
40	60	73.4135	73.1634166666667
39	61	73.8226923076923	73.4069672131148
38	62	74.2917105263158	73.8695967741935
37	63	74.6733783783784	74.4002380952381
36	64	74.8106944444445	74.751953125
35	65	75.5784285714285	75.0739230769231
34	66	75.9560294117647	75.4359090909091
33	67	76.2739393939394	75.7914179104477
32	68	76.62515625	76.2753676470588
31	69	77.1038709677419	76.6088405797101
30	70	77.3101666666667	77.0522142857143
29	71	77.8194827586206	77.4692957746479
28	72	78.1201785714285	77.8746527777777
27	73	78.5662962962963	78.3630136986302
26	74	78.7996153846154	78.8874324324324
25	75	79.3806	79.1561333333333
24	76	79.816875	79.5653947368421
23	77	80.1680434782609	79.9107142857143
22	78	80.5195454545454	80.2961538461538
21	79	80.6497619047619	80.7496835443038
20	80	81.17025	81.1308125
19	81	81.5678947368421	81.5835802469136
18	82	82.0591666666667	81.9600609756097
17	83	82.4432352941176	82.3403614457831
16	84	82.8603125	82.8848214285714
15	85	83.126	83.2808823529412
14	86	83.5592857142857	83.5899418604652
13	87	83.8257692307692	84.0200574712644
12	88	84.3070833333333	84.4385795454546
11	89	84.5304545454545	85.0342696629213
10	90	85.4425	85.3093888888889
9	91	85.5777777777778	85.803956043956
8	92	86.035	86.0810326086956
7	93	86.4578571428571	86.7122043010752
6	94	86.9091666666667	86.9312765957447
5	95	87.261	87.4618947368422
4	96	87.3175	87.9063541666667
3	97	88.31	88.3010824742268
2	98	88.48	88.9394897959184
1	99	88.64	89.2961111111111
0	100	0	89.71045
