num_of_always_trembling	num_of_guilt_driven_amending	average_fitness_of_always_trembling	average_fitness_of_guilt_driven_amending
100	0	50.0435	0
99	1	50.6215151515152	30.255
98	2	50.8051530612245	30.815
97	3	51.1569072164948	32.085
96	4	51.6155729166667	32.61875
95	5	51.8215789473684	33.065
94	6	52.2272340425532	33.8983333333333
93	7	52.7167741935484	34.7357142857143
92	8	53.1261956521739	35.1775
91	9	53.4622527472527	35.7594444444444
90	10	53.7855	36.6115
89	11	54.3121348314607	36.6790909090909
88	12	54.6230681818182	37.86
87	13	54.9885632183908	38.4530769230769
86	14	55.5463953488372	38.9875
85	15	55.7378823529412	39.3916666666666
84	16	56.2502380952381	40.2046875
83	17	56.7040963855422	40.8735294117647
82	18	57.0210975609756	41.0288888888889
81	19	57.4122222222223	41.9905263157895
80	20	57.764	42.55125
79	21	58.3174050632911	43.4369047619048
78	22	58.5201282051282	43.7302272727273
77	23	59.070974025974	44.2432608695652
76	24	59.3461842105264	45.1664583333333
75	25	59.706	45.8154
74	26	60.0716891891892	46.3598076923077
73	27	60.5838356164383	46.9992592592593
72	28	60.8206944444445	47.6453571428571
71	29	61.2919014084507	48.0587931034483
70	30	61.6650714285715	48.8638333333333
69	31	62.1417391304348	49.4004838709677
68	32	62.4418382352941	50.16421875
67	33	62.9198507462687	50.8554545454545
66	34	63.3143939393939	51.3891176470588
65	35	63.5923846153846	52.111
64	36	64.128515625	52.54125
63	37	64.4080952380952	53.1912162162162
62	38	64.7056451612903	53.963552631579
61	39	65.3393442622951	54.5105128205128
60	40	65.5305	55.121375
59	41	65.8599152542373	55.755
58	42	66.3687068965517	56.4647619047619
57	43	66.7478070175438	57.0141860465116
56	44	67.2397321428571	57.7127272727273
55	45	67.5166363636364	58.3438888888889
54	46	67.8718518518519	58.9315217391304
53	47	68.2893396226415	59.501170212766
52	48	68.7254807692308	59.9896875
51	49	69.0860784313725	60.6674489795918
50	50	69.3508	61.3506
49	51	69.8575510204082	61.9895098039216
48	52	70.1898958333333	62.4803846153846
47	53	70.4486170212766	63.2231132075472
46	54	71.0039130434783	63.8758333333333
45	55	71.5114444444445	64.4362727272727
44	56	71.8428409090909	65.1398214285715
43	57	72.2697674418605	65.7812280701755
42	58	72.6029761904762	66.3995689655173
41	59	73.1624390243902	67.101186440678
40	60	73.39825	67.5570833333334
39	61	73.7846153846154	68.2304918032787
38	62	74.1551315789474	68.9469354838709
37	63	74.4904054054054	69.549126984127
36	64	74.9006944444444	70.1015625
35	65	75.261	70.6547692307692
34	66	75.7385294117647	71.3421212121212
33	67	76.0030303030303	72.0409701492537
32	68	76.29171875	72.6811764705882
31	69	76.8743548387097	73.2007246376812
30	70	77.3345	73.8392142857143
29	71	77.4846551724138	74.5138028169014
28	72	77.9689285714286	75.0985416666667
27	73	78.2653703703704	75.81
26	74	78.7282692307692	76.4137162162162
25	75	79.146	77.0091333333334
24	76	79.6689583333333	77.6058552631579
23	77	80.0465217391304	78.2164935064935
22	78	80.4531818181818	78.8557051282051
21	79	80.8609523809524	79.4858860759494
20	80	81.06475	80.1318125
19	81	81.5776315789473	80.8396913580247
18	82	81.6680555555555	81.4060365853658
17	83	82.2585294117647	81.9663253012048
16	84	82.8309375	82.6370833333333
15	85	83.0236666666667	83.3047058823529
14	86	83.3692857142857	83.8997674418605
13	87	84.0146153846154	84.5325287356322
12	88	84.4558333333333	85.1473295454546
11	89	84.7313636363636	85.7865730337078
10	90	85.0865	86.3842777777778
9	91	85.2177777777778	87.0197252747253
8	92	85.84625	87.6215217391304
7	93	86.2614285714286	88.2894086021505
6	94	86.395	88.910585106383
5	95	86.755	89.5164736842105
4	96	87.31125	90.1371354166667
3	97	87.7250000000001	90.7588144329898
2	98	88.025	91.3722448979592
1	99	89.035	92.0275757575757
0	100	0	92.63015
