num_of_always_defect	num_of_Pavlov	average_fitness_of_always_defect	average_fitness_of_Pavlov
100	0	0	0
99	1	1.24606060606061	-49.975
98	2	2.49663265306122	-48.7675
97	3	3.71711340206186	-47.0783333333333
96	4	4.97072916666667	-45.76875
95	5	6.22557894736842	-44.531
94	6	7.43042553191489	-43.0125
93	7	8.67032258064516	-41.7457142857143
92	8	9.93771739130435	-40.296875
91	9	11.2217582417582	-38.9616666666667
90	10	12.4538888888889	-37.6445
89	11	13.6477528089888	-36.1068181818182
88	12	14.9023863636364	-34.7720833333333
87	13	16.1675862068965	-33.2880769230769
86	14	17.3989534883721	-31.8364285714286
85	15	18.6367058823529	-30.4163333333333
84	16	19.8846428571429	-29.10625
83	17	21.1140963855422	-27.7041176470588
82	18	22.3318292682927	-26.2555555555555
81	19	23.5356790123457	-24.9963157894737
80	20	24.8415	-23.4625
79	21	26.0701265822785	-21.9347619047619
78	22	27.4024358974359	-20.6531818181818
77	23	28.5668831168831	-19.2904347826087
76	24	29.7484210526316	-17.77
75	25	31.0436	-16.4688
74	26	32.2439189189189	-15.0355769230769
73	27	33.5853424657534	-13.5788888888889
72	28	34.7536111111111	-12.1471428571429
71	29	36.0264788732394	-10.9839655172414
70	30	37.3037142857143	-9.49083333333333
69	31	38.5127536231884	-7.9741935483871
68	32	39.6705882352941	-6.595625
67	33	41.0058208955224	-5.24045454545455
66	34	42.1583333333333	-3.71794117647059
65	35	43.5104615384615	-2.33028571428571
64	36	44.6796875	-0.973333333333333
63	37	45.8836507936508	0.506351351351351
62	38	47.2116129032258	1.68842105263158
61	39	48.3347540983607	3.16487179487179
60	40	49.8388333333333	4.548625
59	41	50.9866101694915	6.10353658536585
58	42	52.1903448275862	7.39809523809524
57	43	53.4152631578947	8.97906976744186
56	44	54.6821428571428	10.2002272727273
55	45	55.9143636363636	11.5115555555556
54	46	57.2	13.053152173913
53	47	58.3349056603774	14.4641489361702
52	48	59.615	15.6998958333333
51	49	60.9745098039216	17.1987755102041
50	50	62.1422	18.7883
49	51	63.409387755102	20.0171568627451
48	52	64.6222916666667	21.5569230769231
47	53	65.8234042553191	22.7822641509434
46	54	67.1236956521739	24.3593518518519
45	55	68.2962222222222	25.6750909090909
44	56	69.5518181818181	27.0436607142857
43	57	70.8051162790697	28.4648245614035
42	58	71.9735714285714	29.911724137931
41	59	73.3453658536585	31.3858474576271
40	60	74.5205	32.7494166666667
39	61	75.8207692307693	33.9822131147541
38	62	76.9513157894737	35.604435483871
37	63	78.2735135135135	36.9715873015873
36	64	79.5358333333333	38.45234375
35	65	80.8402857142857	39.7978461538462
34	66	82.0188235294118	41.2781818181818
33	67	83.3748484848485	42.620223880597
32	68	84.383125	43.8874264705883
31	69	85.7419354838709	45.3379710144928
30	70	86.999	46.7170714285714
29	71	88.2106896551724	48.2601408450704
28	72	89.5378571428571	49.6238194444445
27	73	90.7422222222222	51.0973287671233
26	74	91.8984615384615	52.4642567567568
25	75	93.0416	53.7938666666667
24	76	94.3358333333333	55.3269078947368
23	77	95.5052173913044	56.7212337662338
22	78	96.9536363636364	58.0948076923077
21	79	98.0304761904762	59.5724050632911
20	80	99.3855	60.9849375
19	81	100.684736842105	62.3469135802469
18	82	101.756111111111	63.7708536585366
17	83	103.244117647059	65.2306626506024
16	84	104.345625	66.6383333333334
15	85	105.498666666667	67.9829411764706
14	86	106.758571428571	69.5031395348837
13	87	107.856923076923	70.8441379310345
12	88	109.383333333333	72.3140340909091
11	89	110.524545454545	73.7050561797753
10	90	111.797	75.1418333333333
9	91	112.941111111111	76.6415934065934
8	92	114.33875	78.0054891304348
7	93	115.514285714286	79.5178494623656
6	94	116.576666666667	80.9343085106384
5	95	118.142	82.3246315789474
4	96	119.3675	83.8830208333333
3	97	120.513333333333	85.189793814433
2	98	121.835	86.7236224489796
1	99	123.43	88.1916666666666
0	100	0	89.6472
