num_of_always_trembling	num_of_TFT_with_trembling_hand	average_fitness_of_always_trembling	average_fitness_of_TFT_with_trembling_hand
100	0	50.00245	0
99	1	50.3343939393939	31.485
98	2	50.6842857142857	31.355
97	3	51.1334020618557	32.585
96	4	51.4997916666667	32.7275
95	5	51.7742105263158	33.54
94	6	52.4159574468085	34.1241666666667
93	7	52.6626344086022	34.8492857142857
92	8	53.1095108695652	35.4375
91	9	53.3877472527472	35.8955555555556
90	10	53.8801666666667	36.0805
89	11	54.1434269662921	37.1122727272727
88	12	54.6181818181818	37.8541666666667
87	13	55.1376436781609	38.3430769230769
86	14	55.3754069767442	38.9482142857143
85	15	55.7881764705882	39.4753333333333
84	16	56.2116071428571	40.1384375
83	17	56.3928313253012	40.7935294117647
82	18	56.8583536585366	41.3161111111111
81	19	57.285987654321	42.1181578947368
80	20	57.6855	42.33725
79	21	57.9926582278481	43.0378571428571
78	22	58.5296794871795	43.8413636363636
77	23	58.6946103896104	44.2473913043478
76	24	59.2678947368421	44.8277083333333
75	25	59.6714666666667	45.5794
74	26	59.7411486486486	46.1271153846154
73	27	60.3129452054795	46.7516666666667
72	28	60.7202777777778	47.2069642857143
71	29	61.1899295774648	47.9586206896552
70	30	61.4477857142857	48.4546666666667
69	31	61.9342753623189	48.9741935483871
68	32	62.1602205882353	49.6828125
67	33	62.7671641791045	50.2130303030303
66	34	62.9397727272727	51.040294117647
65	35	63.403	51.6092857142857
64	36	63.74359375	52.1948611111111
63	37	64.2257936507937	52.8633783783784
62	38	64.5832258064516	53.3597368421053
61	39	64.8702459016393	53.9448717948718
60	40	65.2896666666666	54.703875
59	41	65.8567796610169	55.1859756097561
58	42	66.0590517241379	55.830119047619
57	43	66.4441228070175	56.4804651162791
56	44	66.8385714285715	56.9494318181818
55	45	67.2406363636364	57.5525555555556
54	46	67.6719444444444	58.1404347826087
53	47	68.0808490566038	58.6852127659575
52	48	68.4408653846154	59.431875
51	49	68.6892156862745	59.8934693877551
50	50	69.0951	60.4586
49	51	69.5498979591837	61.2282352941176
48	52	69.9604166666667	61.8573076923077
47	53	70.3110638297873	62.2947169811321
46	54	70.613152173913	62.9777777777778
45	55	70.9868888888889	63.688
44	56	71.4714772727273	64.176875
43	57	71.7509302325581	64.7436842105263
42	58	72.1567857142857	65.4887068965517
41	59	72.5157317073171	66.0284745762712
40	60	73.06275	66.6485
39	61	73.3455128205128	67.2245901639345
38	62	73.8130263157895	67.7800806451613
37	63	74.0524324324324	68.3761904761905
36	64	74.4695833333334	68.9084375
35	65	74.8917142857143	69.6146923076923
34	66	75.3722058823529	70.2438636363636
33	67	75.774696969697	70.8501492537314
32	68	76.12640625	71.4598529411765
31	69	76.3470967741935	72.086231884058
30	70	76.8231666666667	72.6292142857143
29	71	77.1153448275862	73.2384507042253
28	72	77.7275	73.8346527777778
27	73	78.0879629629629	74.4558219178083
26	74	78.2346153846154	75.0014189189189
25	75	78.7136	75.7224
24	76	79.3085416666666	76.2328289473684
23	77	79.4747826086957	76.8055844155844
22	78	79.6625	77.3858974358975
21	79	80.1430952380952	78.0125316455697
20	80	80.46475	78.687375
19	81	80.9539473684211	79.3024691358025
18	82	81.5372222222222	79.8048780487805
17	83	81.969705882353	80.5037951807228
16	84	81.9503125	81.1121428571429
15	85	82.4556666666667	81.6737058823529
14	86	83.0403571428571	82.3089534883721
13	87	83.51	82.8809195402299
12	88	83.6325	83.5009090909091
11	89	84.0345454545455	84.1275280898877
10	90	84.5165	84.7275
9	91	84.8816666666667	85.329010989011
8	92	85.425	85.9522826086957
7	93	85.4842857142857	86.4983333333334
6	94	86.3525	87.0603723404255
5	95	86.557	87.7075789473684
4	96	86.99875	88.35515625
3	97	86.6416666666667	88.8655670103093
2	98	87.77	89.5183673469388
1	99	87.695	90.1435858585859
0	100	0	90.76785
