num_of_always_cooperate	num_of_shame_driven_hiding	average_fitness_of_always_cooperate	average_fitness_of_shame_driven_hiding
100	0	100	0
99	1	99.9046464646465	105
98	2	99.8075510204082	104.91
97	3	99.7115463917526	104.803333333333
96	4	99.6057291666666	104.685
95	5	99.5076842105263	104.604
94	6	99.432659574468	104.48
93	7	99.3245161290321	104.415714285714
92	8	99.2167391304348	104.36875
91	9	99.1237362637363	104.215555555556
90	10	99.0327777777778	104.079
89	11	98.9286516853933	104.073636363636
88	12	98.8478409090909	103.919166666667
87	13	98.736091954023	103.833076923077
86	14	98.6518604651163	103.72
85	15	98.5388235294118	103.654666666667
84	16	98.4379761904762	103.54625
83	17	98.3406024096385	103.447647058824
82	18	98.2464634146341	103.320555555555
81	19	98.1227160493827	103.247368421053
80	20	98.06225	103.16
79	21	97.9486075949367	103.057619047619
78	22	97.8485897435898	102.988636363636
77	23	97.747012987013	102.832173913044
76	24	97.6894736842105	102.783333333333
75	25	97.5493333333333	102.7056
74	26	97.472972972973	102.519230769231
73	27	97.3767123287671	102.423333333333
72	28	97.2440277777778	102.379642857143
71	29	97.1960563380282	102.252068965517
70	30	97.0748571428571	102.138
69	31	96.9750724637681	102.051935483871
68	32	96.8701470588235	101.9640625
67	33	96.7749253731343	101.879090909091
66	34	96.6750000000001	101.751470588235
65	35	96.5747692307693	101.611142857143
64	36	96.44984375	101.526666666667
63	37	96.3726984126984	101.449459459459
62	38	96.2520967741936	101.362631578947
61	39	96.1952459016393	101.251025641026
60	40	96.0616666666666	101.164
59	41	95.9930508474577	101.050975609756
58	42	95.8720689655173	100.979285714286
57	43	95.7422807017544	100.884651162791
56	44	95.6558928571429	100.773863636364
55	45	95.6	100.636888888889
54	46	95.4638888888889	100.538043478261
53	47	95.3858490566037	100.493617021277
52	48	95.2807692307692	100.338541666667
51	49	95.1492156862745	100.274081632653
50	50	95.077	100.1866
49	51	94.9644897959184	100.071764705882
48	52	94.8554166666667	99.959423076923
47	53	94.7653191489362	99.8362264150944
46	54	94.6645652173913	99.7672222222222
45	55	94.5546666666667	99.6678181818181
44	56	94.4447727272727	99.5528571428571
43	57	94.3076744186047	99.4484210526315
42	58	94.2595238095238	99.3410344827587
41	59	94.1831707317073	99.2345762711864
40	60	94.07725	99.1213333333333
39	61	93.9266666666666	99.0573770491803
38	62	93.82	98.9770967741935
37	63	93.7027027027027	98.8506349206349
36	64	93.6397222222222	98.75359375
35	65	93.4988571428572	98.6603076923077
34	66	93.4267647058823	98.5353030303031
33	67	93.290303030303	98.41
32	68	93.254375	98.3477941176471
31	69	93.1374193548387	98.2515942028985
30	70	93.022	98.1105714285714
29	71	92.9441379310345	98.0271830985915
28	72	92.8003571428571	97.9230555555555
27	73	92.7325925925926	97.8016438356164
26	74	92.6157692307692	97.7166216216215
25	75	92.5024	97.5770666666667
24	76	92.3633333333333	97.4953947368421
23	77	92.2708695652174	97.41
22	78	92.2286363636364	97.3065384615385
21	79	92.1061904761905	97.1889873417721
20	80	91.9835000000001	97.075875
19	81	91.8573684210526	96.9788888888889
18	82	91.7844444444444	96.8896341463415
17	83	91.6458823529412	96.7787951807229
16	84	91.61125	96.6778571428571
15	85	91.4653333333334	96.5965882352941
14	86	91.385	96.446511627907
13	87	91.266923076923	96.3742528735633
12	88	91.1575	96.25375
11	89	91.0218181818182	96.1586516853932
10	90	90.959	96.056
9	91	90.8944444444444	95.9554945054945
8	92	90.7125	95.8351086956522
7	93	90.6314285714286	95.7448387096775
6	94	90.525	95.6159574468085
5	95	90.42	95.5235789473684
4	96	90.3525	95.4319791666666
3	97	90.1966666666667	95.3152577319587
2	98	90.135	95.2110204081633
1	99	90	95.1088888888889
0	100	0	95
