num_of_always_trembling	num_of_shame_driven_hiding	average_fitness_of_always_trembling	average_fitness_of_shame_driven_hiding
100	0	49.96815	0
99	1	50.3313636363636	31.455
98	2	50.7961224489796	32.57
97	3	51.1063917525773	32.5466666666667
96	4	51.5430729166666	33.23
95	5	51.9074736842105	34.402
94	6	52.0799468085106	34.4516666666667
93	7	52.5716666666667	35.1571428571429
92	8	53.0554891304348	35.81375
91	9	53.3889010989011	36.0255555555556
90	10	53.7170555555556	37.4415
89	11	54.1756179775281	37.4618181818182
88	12	54.5765340909091	38.0479166666667
87	13	54.8109195402299	38.6561538461538
86	14	55.2113953488372	39.3346428571429
85	15	55.6554117647059	39.8053333333333
84	16	56.0204761904762	40.6746875
83	17	56.2503614457831	40.9326470588235
82	18	56.7405487804878	41.7091666666667
81	19	57.0991358024691	42.4376315789473
80	20	57.4289375	43.0815
79	21	57.7676582278481	43.6885714285714
78	22	58.0908974358974	44.1804545454545
77	23	58.6042857142857	44.9465217391304
76	24	58.9165789473684	45.599375
75	25	59.3901333333333	46.153
74	26	59.6333108108108	46.5696153846154
73	27	60.1019178082192	47.2911111111111
72	28	60.3793055555555	48.0260714285714
71	29	60.8551408450704	48.6929310344827
70	30	61.3407857142858	49.4263333333333
69	31	61.5336956521739	49.716935483871
68	32	61.8826470588236	50.6471875
67	33	62.374552238806	51.1784848484848
66	34	62.5688636363636	51.6835294117647
65	35	63.1313846153846	52.2782857142857
64	36	63.51046875	53.1454166666667
63	37	63.9243650793651	53.6008108108108
62	38	64.248064516129	54.2234210526316
61	39	64.802131147541	55.0167948717949
60	40	64.9495	55.52825
59	41	65.3172881355932	56.2457317073171
58	42	65.8691379310345	56.705
57	43	66.1584210526316	57.2487209302326
56	44	66.5774107142857	58.1525
55	45	66.8914545454546	58.6291111111111
54	46	67.1324074074074	59.3970652173913
53	47	67.6071698113208	60.0678723404256
52	48	68.0143269230769	60.55
51	49	68.2970588235294	61.194693877551
50	50	68.624	61.9581
49	51	68.8801020408163	62.5363725490196
48	52	69.5234375	63.1130769230769
47	53	69.8156382978723	63.8207547169811
46	54	70.1734782608696	64.5292592592593
45	55	70.7376666666667	65.1414545454546
44	56	70.94125	65.7304464285714
43	57	71.3348837209302	66.5572807017544
42	58	71.7311904761905	67.1044827586207
41	59	72.0878048780487	67.7035593220339
40	60	72.51275	68.2983333333333
39	61	72.7998717948718	68.9703278688525
38	62	73.2301315789474	69.6077419354838
37	63	73.6908108108108	70.255
36	64	74.0041666666667	70.9678125
35	65	74.3391428571428	71.5393076923077
34	66	74.7325	72.3514393939394
33	67	75.3039393939394	72.8885820895522
32	68	75.58390625	73.5580147058824
31	69	76.0143548387097	74.2665942028985
30	70	76.306	74.8671428571429
29	71	76.6253448275862	75.4771126760563
28	72	76.9989285714286	76.1197222222222
27	73	77.1548148148148	76.8830136986302
26	74	77.7098076923077	77.4939864864865
25	75	78.1672	78.2216666666666
24	76	78.5933333333333	78.8744736842105
23	77	78.900652173913	79.4842857142857
22	78	79.0740909090909	80.2016025641025
21	79	79.5890476190476	80.7910126582278
20	80	80.18725	81.50075
19	81	80.5352631578947	82.1606790123457
18	82	80.625	82.8600609756098
17	83	81.1832352941177	83.4294578313253
16	84	81.600625	84.16875
15	85	81.9296666666667	84.8948823529412
14	86	82.2653571428571	85.5073255813953
13	87	82.7211538461539	86.2205172413793
12	88	83.0729166666667	86.8585227272727
11	89	83.3518181818182	87.5211797752809
10	90	83.6055	88.2016666666666
9	91	83.9972222222222	88.8304945054945
8	92	84.47	89.5339130434782
7	93	84.9964285714286	90.2169354838709
6	94	85.4183333333333	90.9082978723404
5	95	85.709	91.5833684210526
4	96	86.2375	92.2640104166666
3	97	86.3666666666667	92.9673195876289
2	98	86.6875	93.6304081632653
1	99	87.085	94.3255555555555
0	100	0	95
