num_of_always_trembling	num_of_shame_driven_denying	average_fitness_of_always_trembling	average_fitness_of_shame_driven_denying
100	0	49.8998	0
99	1	50.2929292929293	32.545
98	2	50.8966326530612	33.5425
97	3	50.9010824742268	33.7783333333333
96	4	51.4821354166667	34.06875
95	5	51.8134210526316	34.406
94	6	52.1264893617021	35.2825
93	7	52.4837634408602	35.4914285714286
92	8	52.795	36.164375
91	9	53.0828021978022	36.9222222222222
90	10	53.3651111111111	37.003
89	11	54.0298876404494	38.1068181818182
88	12	54.2010227272727	38.6175
87	13	54.6375287356322	38.8323076923077
86	14	54.9519186046512	39.5810714285714
85	15	55.3575882352941	40.4776666666667
84	16	55.7882738095238	40.6178125
83	17	56.0974698795181	41.3776470588235
82	18	56.3574390243902	41.49
81	19	56.6065432098766	42.4326315789474
80	20	57.12725	42.768
79	21	57.4968987341772	43.2735714285714
78	22	57.7667948717949	43.7836363636364
77	23	58.1094805194805	44.5695652173913
76	24	58.4965789473684	44.7875
75	25	58.8284666666667	45.6522
74	26	59.0812837837838	46.2963461538462
73	27	59.5755479452055	46.5955555555555
72	28	59.9266666666667	47.2642857142857
71	29	60.1495070422535	47.7458620689655
70	30	60.5894285714286	48.3051666666667
69	31	60.9623913043478	48.741935483871
68	32	61.2331617647059	49.3434375
67	33	61.7105223880597	50.1292424242424
66	34	61.9523484848485	50.5254411764706
65	35	62.4103846153846	51.0887142857143
64	36	62.71203125	51.5326388888889
63	37	63.1628571428572	51.9860810810811
62	38	63.3453225806452	52.6976315789474
61	39	63.8481147540984	53.2123076923077
60	40	64.088	53.845625
59	41	64.7391525423729	54.3170731707317
58	42	64.8919827586207	54.8417857142857
57	43	65.1508771929825	55.3608139534884
56	44	65.6540178571429	55.8238636363637
55	45	65.9896363636364	56.5314444444445
54	46	66.3751851851852	57.0780434782609
53	47	66.5768867924529	57.5634042553192
52	48	66.9889423076923	58.1939583333333
51	49	67.3693137254902	58.5857142857143
50	50	67.7686	59.1933
49	51	68.0862244897959	59.7019607843137
48	52	68.3276041666667	60.2074038461538
47	53	68.6731914893617	60.8240566037736
46	54	69.1361956521739	61.4425
45	55	69.4143333333333	62.0408181818182
44	56	69.7204545454545	62.5086607142857
43	57	70.0422093023256	63.0651754385965
42	58	70.4285714285714	63.5890517241379
41	59	70.7509756097561	64.1074576271186
40	60	71.292375	64.679
39	61	71.5917948717949	65.1656557377049
38	62	71.7167105263158	65.7024193548387
37	63	72.3018918918919	66.2192857142857
36	64	72.7859722222222	66.811484375
35	65	73.0908571428571	67.3908461538462
34	66	73.4741176470588	67.8805303030303
33	67	73.5624242424242	68.3788805970149
32	68	73.94125	68.9858823529412
31	69	74.608064516129	69.6488405797102
30	70	74.687	70.0590714285714
29	71	75.0420689655172	70.632323943662
28	72	75.5192857142857	71.1177777777778
27	73	75.6561111111112	71.742602739726
26	74	76.2871153846154	72.3122972972973
25	75	76.4812	72.8088666666667
24	76	76.9314583333334	73.3086842105263
23	77	77.415	73.8528571428571
22	78	77.5531818181818	74.4301923076923
21	79	77.8754761904762	74.993417721519
20	80	78.192	75.501875
19	81	78.6405263157895	76.0523456790123
18	82	79.0411111111111	76.6053048780488
17	83	79.4832352941177	77.1324096385542
16	84	79.826875	77.7279761904762
15	85	79.8586666666667	78.288294117647
14	86	80.3	78.8153488372093
13	87	80.6288461538462	79.3459770114943
12	88	80.8158333333333	79.9297159090909
11	89	81.6054545454545	80.5465730337079
10	90	81.876	81.0165
9	91	82.2688888888889	81.5187362637363
8	92	82.67625	82.0884782608696
7	93	83.1192857142857	82.6402150537634
6	94	83.3858333333333	83.1792553191489
5	95	83.671	83.7512105263158
4	96	84.12375	84.30609375
3	97	84.5416666666667	84.8255670103093
2	98	84.46	85.2985714285714
1	99	85.12	85.8620707070707
0	100	0	86.4682
