num_of_always_cooperate	num_of_Pavlov	average_fitness_of_always_cooperate	average_fitness_of_Pavlov
100	0	100	0
99	1	99.8093939393939	146.48
98	2	99.6302040816327	146.8575
97	3	99.450206185567	147.52
96	4	99.2255208333333	145.6975
95	5	99.0321052631579	145.116
94	6	98.8671276595745	144.264166666667
93	7	98.6759139784947	143.497857142857
92	8	98.473152173913	143.373125
91	9	98.3315384615384	142.259444444444
90	10	98.139	141.453
89	11	97.9107865168539	141.643636363636
88	12	97.7722727272727	140.187916666667
87	13	97.5725287356322	140.154615384615
86	14	97.3370930232558	139.726428571429
85	15	97.2058823529412	138.900666666667
84	16	96.9746428571429	138.0775
83	17	96.7966265060241	137.106470588235
82	18	96.6462195121951	137.168888888889
81	19	96.4538271604938	136.495526315789
80	20	96.201625	135.95475
79	21	96.0196202531645	135.283333333333
78	22	95.9155128205128	134.319090909091
77	23	95.6809090909091	134.128913043478
76	24	95.4684210526316	133.403541666667
75	25	95.2884	133.3804
74	26	95.050945945946	132.48
73	27	94.911095890411	131.698148148148
72	28	94.72375	131.327142857143
71	29	94.483661971831	130.890344827586
70	30	94.3582857142857	130.4075
69	31	94.1547826086957	129.737580645161
68	32	93.9941176470589	129.22453125
67	33	93.8105970149254	128.731515151515
66	34	93.6313636363637	127.871470588235
65	35	93.4436923076923	127.325285714286
64	36	93.21921875	126.59625
63	37	93.0228571428572	126.013648648649
62	38	92.8440322580645	125.66
61	39	92.7522950819672	125.10641025641
60	40	92.3893333333333	124.36275
59	41	92.2669491525424	123.988048780488
58	42	92.1987931034483	123.380952380952
57	43	91.9822807017544	122.762558139535
56	44	91.7160714285714	122.09375
55	45	91.4472727272727	121.745777777778
54	46	91.3625925925926	121.075217391304
53	47	91.2256603773585	120.415531914894
52	48	90.9353846153846	119.949166666667
51	49	90.8192156862745	119.529591836735
50	50	90.6216	118.5908
49	51	90.395306122449	118.092058823529
48	52	90.259375	117.545
47	53	90.0342553191489	116.97641509434
46	54	89.816304347826	116.493796296296
45	55	89.6275555555556	116.037090909091
44	56	89.4263636363637	115.406785714286
43	57	89.3544186046512	114.941754385965
42	58	89.177619047619	114.149568965517
41	59	88.9580487804878	113.53093220339
40	60	88.7605	112.9745
39	61	88.5741025641026	112.424344262295
38	62	88.2344736842106	111.943225806452
37	63	88.1162162162162	111.209920634921
36	64	87.9361111111111	110.6465625
35	65	87.858	110.091846153846
34	66	87.6311764705882	109.532651515151
33	67	87.3118181818182	109.044104477612
32	68	87.2309375	108.455735294118
31	69	87.0370967741935	107.751739130435
30	70	86.8236666666666	107.238071428571
29	71	86.7158620689655	106.567605633803
28	72	86.4332142857143	106.027361111111
27	73	86.2618518518518	105.477808219178
26	74	86.005	104.86527027027
25	75	85.8472	104.4836
24	76	85.8016666666667	103.746381578947
23	77	85.5513043478261	103.257467532468
22	78	85.3540909090909	102.527371794872
21	79	85.1866666666667	102.099493670886
20	80	84.911	101.50625
19	81	84.7973684210527	100.799691358025
18	82	84.6427777777778	100.296463414634
17	83	84.5852941176471	99.7311445783133
16	84	84.154375	99.0618452380952
15	85	83.9993333333334	98.4417058823529
14	86	83.7642857142857	97.9370930232558
13	87	83.7346153846154	97.3020114942528
12	88	83.5258333333333	96.7620454545454
11	89	83.5354545454545	96.1964606741572
10	90	83.033	95.5014444444444
9	91	82.9066666666667	94.9303846153846
8	92	82.715	94.403097826087
7	93	82.2485714285714	93.7610752688172
6	94	82.375	93.2001595744681
5	95	82.136	92.6062105263158
4	96	81.8725	91.9679166666667
3	97	82.09	91.4449484536082
2	98	81.245	90.7931632653062
1	99	80.85	90.2958585858586
0	100	0	89.57545
