num_of_shame_driven_denying	num_of_Pavlov	average_fitness_of_shame_driven_denying	average_fitness_of_Pavlov
100	0	86.43385	0
99	1	86.4536363636364	86.445
98	2	86.5723979591837	85.6875
97	3	86.5890206185567	85.9033333333333
96	4	86.6290104166666	85.45
95	5	86.6801052631579	85.82
94	6	86.7515957446809	86.0183333333333
93	7	86.8179569892474	85.865
92	8	86.8045108695652	86.125
91	9	86.8868681318681	86.0927777777778
90	10	86.9518888888889	86.088
89	11	86.9813483146067	85.8886363636364
88	12	87.051875	85.91625
87	13	87.1172413793104	86.0419230769231
86	14	87.1611627906977	86.0792857142857
85	15	87.2327647058823	86.5303333333333
84	16	87.2452380952381	86.3853125
83	17	87.2897590361446	86.2032352941177
82	18	87.3658536585366	86.4497222222222
81	19	87.4183950617284	86.3668421052631
80	20	87.487625	86.477
79	21	87.4630379746835	86.6814285714286
78	22	87.59	86.5856818181818
77	23	87.5931818181818	86.5569565217391
76	24	87.6915131578947	86.599375
75	25	87.7258666666666	86.7754
74	26	87.8291891891892	86.6515384615385
73	27	87.8467123287672	86.5788888888889
72	28	87.8105555555555	86.83875
71	29	87.8894366197183	86.9312068965517
70	30	87.9665	86.6836666666667
69	31	88.0314492753623	86.9366129032258
68	32	88.1277941176471	86.87203125
67	33	88.1276865671642	86.9816666666667
66	34	88.1668939393939	87.0530882352941
65	35	88.2598461538461	87.0662857142857
64	36	88.2790625	87.3055555555555
63	37	88.4064285714286	87.3127027027027
62	38	88.37	87.0342105263158
61	39	88.4116393442623	87.2365384615385
60	40	88.51775	87.333125
59	41	88.5609322033898	87.3798780487805
58	42	88.638448275862	87.3463095238095
57	43	88.6277192982456	87.2870930232558
56	44	88.7025	87.3777272727273
55	45	88.7355454545455	87.4666666666667
54	46	88.8010185185185	87.4061956521739
53	47	88.837358490566	87.7356382978723
52	48	88.8538461538461	87.5951041666666
51	49	88.933137254902	87.7236734693878
50	50	89.0301	87.6248
49	51	89.0797959183673	87.67
48	52	89.1467708333333	87.8863461538462
47	53	89.1840425531915	87.7333018867924
46	54	89.275	87.7351851851852
45	55	89.2948888888889	87.909
44	56	89.4002272727273	87.8971428571429
43	57	89.3853488372093	88.0524561403509
42	58	89.4353571428572	87.9431896551724
41	59	89.4279268292683	88.0806779661017
40	60	89.539375	88.10075
39	61	89.6420512820513	88.1894262295082
38	62	89.6280263157895	88.1402419354839
37	63	89.6897297297297	88.1451587301587
36	64	89.77625	88.280859375
35	65	89.7892857142857	88.283
34	66	89.9263235294118	88.3548484848485
33	67	89.8690909090909	88.4052985074627
32	68	89.97125	88.4580147058823
31	69	90.0095161290323	88.3736956521739
30	70	90.0031666666667	88.4748571428571
29	71	90.0639655172414	88.4765492957747
28	72	90.1919642857143	88.6157638888889
27	73	90.3055555555556	88.638904109589
26	74	90.1625	88.618445945946
25	75	90.2982	88.6673333333333
24	76	90.3910416666667	88.7497368421053
23	77	90.4593478260869	88.7193506493507
22	78	90.4820454545455	88.8192307692308
21	79	90.4854761904762	88.891075949367
20	80	90.53425	88.874125
19	81	90.643947368421	88.9337654320988
18	82	90.6191666666667	88.9726219512195
17	83	90.7494117647058	89.0317469879518
16	84	90.785625	89.0075
15	85	90.8566666666667	89.1495294117647
14	86	90.8382142857143	89.1398837209302
13	87	91.0088461538462	89.1508620689656
12	88	91.0575	89.2141477272727
11	89	91.0436363636364	89.1808426966292
10	90	91.097	89.2396666666667
9	91	91.1127777777778	89.1868681318681
8	92	91.3025	89.4196739130434
7	93	91.3971428571429	89.292311827957
6	94	91.4075	89.4227127659575
5	95	91.4299999999999	89.4131578947369
4	96	91.5325	89.4716145833333
3	97	91.5983333333334	89.5977835051546
2	98	91.5925	89.4767857142857
1	99	91.815	89.6304040404041
0	100	0	89.65815
