num_of_shame_driven_hiding	num_of_guilt_driven_amending	average_fitness_of_shame_driven_hiding	average_fitness_of_guilt_driven_amending
100	0	95	0
99	1	95.0317171717172	89.57
98	2	95.0596428571428	89.7175
97	3	95.0904639175258	89.6916666666667
96	4	95.125	89.81625
95	5	95.1590526315789	89.743
94	6	95.1891489361702	89.9116666666667
93	7	95.2126344086021	89.7885714285714
92	8	95.2459782608696	89.836875
91	9	95.2703846153846	89.9322222222222
90	10	95.3036666666667	89.958
89	11	95.345393258427	89.9427272727273
88	12	95.3648863636363	90.06125
87	13	95.3948275862069	90.1123076923077
86	14	95.4292441860465	90.0875
85	15	95.4617647058824	90.1303333333333
84	16	95.4917261904762	90.119375
83	17	95.5249397590361	90.1388235294118
82	18	95.5465853658537	90.1680555555556
81	19	95.5888888888889	90.2423684210526
80	20	95.612125	90.31325
79	21	95.6469620253164	90.3266666666667
78	22	95.6641025641025	90.3215909090908
77	23	95.6938311688312	90.4376086956521
76	24	95.7546710526316	90.365625
75	25	95.7531333333333	90.4926
74	26	95.7845270270271	90.4273076923077
73	27	95.8150684931507	90.5353703703704
72	28	95.8570138888889	90.52
71	29	95.8840845070423	90.4943103448276
70	30	95.9172857142857	90.5795
69	31	95.9348550724638	90.6754838709678
68	32	95.972205882353	90.650625
67	33	95.9973880597015	90.7689393939393
66	34	96.0348484848485	90.6595588235294
65	35	96.0708461538462	90.7488571428571
64	36	96.09390625	90.7266666666667
63	37	96.1196825396826	90.8187837837838
62	38	96.1381451612903	90.8211842105263
61	39	96.1795081967213	90.8147435897436
60	40	96.2125833333333	90.8815
59	41	96.2422033898305	90.9085365853659
58	42	96.2424137931035	90.9678571428572
57	43	96.280701754386	90.966511627907
56	44	96.3277678571429	91.0372727272727
55	45	96.3528181818182	91.0414444444444
54	46	96.4056481481481	91.0519565217392
53	47	96.4072641509434	91.1276595744681
52	48	96.4488461538461	91.1736458333333
51	49	96.451862745098	91.1717346938775
50	50	96.4943	91.1705
49	51	96.5114285714286	91.2333333333334
48	52	96.5538541666667	91.2427884615384
47	53	96.5959574468085	91.2792452830189
46	54	96.5958695652173	91.2982407407408
45	55	96.6586666666667	91.3474545454546
44	56	96.6644318181818	91.3241964285715
43	57	96.6767441860465	91.3538596491228
42	58	96.7063095238095	91.3958620689655
41	59	96.7407317073171	91.4673728813559
40	60	96.782	91.4685833333333
39	61	96.7897435897436	91.5609016393443
38	62	96.8432894736842	91.5285483870968
37	63	96.8475675675676	91.5492063492064
36	64	96.8691666666667	91.622890625
35	65	96.9435714285714	91.6353846153846
34	66	96.9641176470588	91.6742424242424
33	67	96.9677272727273	91.7060447761194
32	68	97.01515625	91.7719117647059
31	69	97.0458064516129	91.7578985507247
30	70	97.0475	91.7785714285714
29	71	97.1056896551724	91.8072535211267
28	72	97.1223214285714	91.8202777777778
27	73	97.135	91.8716438356165
26	74	97.1936538461539	91.9005405405405
25	75	97.1802	91.9315333333334
24	76	97.2291666666667	92.010197368421
23	77	97.2967391304348	91.9838961038961
22	78	97.2731818181818	92.0460256410256
21	79	97.3030952380952	92.0201265822785
20	80	97.37175	92.0798125
19	81	97.3439473684211	92.0967283950618
18	82	97.3794444444444	92.1337195121951
17	83	97.4594117647059	92.148313253012
16	84	97.45875	92.1860714285714
15	85	97.49	92.2325882352941
14	86	97.5242857142857	92.2285465116279
13	87	97.5219230769231	92.2568965517241
12	88	97.5204166666667	92.3086363636364
11	89	97.5931818181818	92.3630898876404
10	90	97.59	92.3716111111112
9	91	97.7183333333332	92.4335164835165
8	92	97.6825	92.4263586956521
7	93	97.69	92.4530645161291
6	94	97.6966666666667	92.5131382978723
5	95	97.771	92.5171578947368
4	96	97.785	92.5277083333334
3	97	97.9066666666667	92.5974226804124
2	98	97.8725	92.5993367346939
1	99	97.815	92.6540909090909
0	100	0	92.6565
