num_of_TFT_with_trembling_hand	num_of_shame_driven_denying	average_fitness_of_TFT_with_trembling_hand	average_fitness_of_shame_driven_denying
100	0	90.7021	0
99	1	90.675303030303	90.76
98	2	90.6388265306123	90.86
97	3	90.5722164948454	90.9733333333333
96	4	90.5252604166666	90.97625
95	5	90.5057368421053	90.857
94	6	90.4502127659574	90.8816666666667
93	7	90.3902150537634	90.8742857142857
92	8	90.3289673913043	90.6675
91	9	90.3154945054945	90.645
90	10	90.2979444444444	90.7845
89	11	90.1955056179775	90.5818181818181
88	12	90.1542613636363	90.4775
87	13	90.1204597701149	90.3792307692308
86	14	90.1102906976745	90.3925
85	15	90.0417647058823	90.4803333333333
84	16	89.9599404761905	90.3990625
83	17	89.910843373494	90.3088235294118
82	18	89.9119512195122	90.2508333333334
81	19	89.8188271604938	90.2700000000001
80	20	89.7910625	90.1505
79	21	89.7213924050633	90.0845238095238
78	22	89.6739743589743	90.0981818181818
77	23	89.6227922077922	90.009347826087
76	24	89.6125657894737	89.959375
75	25	89.5765333333333	89.9414
74	26	89.5254054054054	89.7605769230769
73	27	89.4788356164384	89.7590740740741
72	28	89.4754861111111	89.7892857142857
71	29	89.4082394366198	89.748275862069
70	30	89.337	89.6885
69	31	89.283768115942	89.671935483871
68	32	89.2357352941177	89.56140625
67	33	89.1825373134328	89.5740909090909
66	34	89.1281060606061	89.5060294117647
65	35	89.0967692307692	89.4395714285715
64	36	89.042421875	89.3897222222222
63	37	89.015	89.427972972973
62	38	88.94	89.295
61	39	88.921475409836	89.236282051282
60	40	88.8294166666666	89.254125
59	41	88.799406779661	89.2206097560975
58	42	88.715775862069	89.1586904761905
57	43	88.7184210526316	89.0624418604651
56	44	88.6466964285714	89.0276136363637
55	45	88.5981818181818	89.0947777777777
54	46	88.602962962963	88.9451086956521
53	47	88.5738679245283	88.9736170212766
52	48	88.4821153846154	88.8804166666666
51	49	88.5031372549019	88.7475510204082
50	50	88.4464	88.816
49	51	88.3537755102041	88.7286274509804
48	52	88.2409375	88.7217307692307
47	53	88.2920212765957	88.5869811320755
46	54	88.2113043478261	88.6015740740741
45	55	88.1952222222222	88.4971818181818
44	56	88.2084090909091	88.4794642857143
43	57	88.1258139534884	88.3676315789474
42	58	88.0754761904762	88.4191379310345
41	59	88	88.3375423728814
40	60	87.937375	88.3060833333333
39	61	87.8603846153846	88.2098360655738
38	62	87.8213157894737	88.2862096774194
37	63	87.797027027027	88.1902380952381
36	64	87.73875	88.13875
35	65	87.7102857142857	88.072
34	66	87.6561764705882	88.0193181818182
33	67	87.5377272727273	87.9697014925373
32	68	87.51875	87.9561764705882
31	69	87.4858064516129	87.8839130434782
30	70	87.4491666666667	87.8277857142857
29	71	87.3362068965517	87.8271830985916
28	72	87.4396428571429	87.7223611111111
27	73	87.3037037037037	87.6419178082192
26	74	87.2911538461538	87.699527027027
25	75	87.257	87.5862666666667
24	76	87.0572916666667	87.5675
23	77	87.1328260869565	87.5191558441558
22	78	87.12	87.445641025641
21	79	87.0757142857143	87.4116455696203
20	80	86.9885	87.339625
19	81	87.0063157894737	87.3302469135803
18	82	86.8441666666667	87.2795731707317
17	83	86.8585294117647	87.2361445783133
16	84	86.8115625	87.1672023809524
15	85	86.9403333333333	87.1536470588235
14	86	86.7271428571429	87.0772674418605
13	87	86.765	87.0805172413793
12	88	86.7741666666667	87.0697727272727
11	89	86.6322727272727	86.9751685393258
10	90	86.5625	86.8883333333334
9	91	86.45	86.8843956043956
8	92	86.501875	86.8211956521739
7	93	86.1757142857143	86.7933333333333
6	94	86.2583333333333	86.6740957446809
5	95	86.237	86.6385789473685
4	96	86.18375	86.6461458333333
3	97	86.2883333333333	86.5712886597939
2	98	86.16	86.5411224489796
1	99	86.315	86.5184343434343
0	100	0	86.4353
