num_of_TFT_with_trembling_hand	num_of_shame_driven_hiding	average_fitness_of_TFT_with_trembling_hand	average_fitness_of_shame_driven_hiding
100	0	90.7176	0
99	1	90.6925757575757	95.23
98	2	90.7197959183674	95.14
97	3	90.7170103092784	95.1433333333334
96	4	90.7421354166667	95.28125
95	5	90.6984210526316	95.129
94	6	90.6650531914893	95.1141666666667
93	7	90.6580107526882	95.2828571428572
92	8	90.675597826087	95.20125
91	9	90.6995054945055	95.1705555555555
90	10	90.6546666666666	95.255
89	11	90.6765730337079	95.2477272727273
88	12	90.6805681818181	95.1716666666667
87	13	90.5885632183908	95.1834615384615
86	14	90.6212209302326	95.1767857142857
85	15	90.6271176470588	95.206
84	16	90.6268452380952	95.2275
83	17	90.6219879518072	95.2155882352941
82	18	90.5745121951219	95.1422222222222
81	19	90.6065432098765	95.2194736842106
80	20	90.5925000000001	95.1645
79	21	90.5774050632912	95.1566666666667
78	22	90.5551282051282	95.1990909090909
77	23	90.5428571428572	95.1667391304348
76	24	90.5671710526316	95.1422916666667
75	25	90.5741333333333	95.174
74	26	90.5595945945946	95.170576923077
73	27	90.5482876712329	95.1753703703704
72	28	90.53875	95.1741071428572
71	29	90.5494366197183	95.1706896551725
70	30	90.5429285714286	95.18
69	31	90.4994927536232	95.1396774193548
68	32	90.5047058823529	95.1621875
67	33	90.5233582089552	95.1340909090909
66	34	90.4918181818181	95.1289705882353
65	35	90.4987692307693	95.1391428571429
64	36	90.451953125	95.1168055555556
63	37	90.4385714285714	95.1017567567568
62	38	90.495	95.1426315789474
61	39	90.4264754098361	95.1125641025641
60	40	90.4560833333333	95.1665
59	41	90.4580508474576	95.1242682926829
58	42	90.3991379310345	95.1445238095238
57	43	90.4014035087719	95.1012790697674
56	44	90.4260714285714	95.0836363636364
55	45	90.506	95.1262222222223
54	46	90.41	95.1002173913044
53	47	90.3929245283019	95.1136170212766
52	48	90.39625	95.1121875
51	49	90.4071568627451	95.1165306122449
50	50	90.3485	95.08
49	51	90.4044897959184	95.1107843137255
48	52	90.3409375	95.0904807692307
47	53	90.3767021276596	95.0757547169811
46	54	90.3411956521739	95.1057407407407
45	55	90.343	95.0686363636364
44	56	90.32875	95.0752678571428
43	57	90.3267441860465	95.0720175438596
42	58	90.3129761904762	95.0897413793103
41	59	90.3571951219513	95.0771186440679
40	60	90.34275	95.0824166666666
39	61	90.3424358974359	95.074262295082
38	62	90.2882894736842	95.0759677419354
37	63	90.2931081081081	95.0669841269841
36	64	90.2961111111111	95.043125
35	65	90.2574285714286	95.0696153846154
34	66	90.3095588235294	95.0721212121212
33	67	90.3062121212121	95.0488805970149
32	68	90.325	95.0630147058824
31	69	90.2364516129032	95.0592753623189
30	70	90.2431666666667	95.0440714285715
29	71	90.2103448275862	95.0573943661971
28	72	90.1969642857142	95.0524305555555
27	73	90.2109259259259	95.048698630137
26	74	90.2503846153846	95.0417567567568
25	75	90.1752	95.0580666666667
24	76	90.19	95.0409868421052
23	77	90.2247826086956	95.0545454545455
22	78	90.2395454545455	95.046217948718
21	79	90.2704761904762	95.0453164556962
20	80	90.17075	95.0389375
19	81	90.2126315789474	95.0252469135802
18	82	90.1502777777778	95.0278048780488
17	83	90.2576470588236	95.0296385542169
16	84	90.1428125	95.0235714285714
15	85	90.1213333333334	95.0232941176471
14	86	90.1342857142857	95.0195930232558
13	87	90.1430769230769	95.0177011494253
12	88	90.1304166666666	95.0355113636364
11	89	90.1777272727272	95.0157303370787
10	90	90.004	95.0205555555555
9	91	90.1077777777778	95.0151098901099
8	92	90.206875	95.0164673913044
7	93	90.0757142857143	95.0215053763441
6	94	90.0466666666666	95.0128723404255
5	95	90.116	95.0082105263158
4	96	90.09375	95.0036979166667
3	97	90.0916666666667	95.0073711340206
2	98	90.0075	95.0047448979592
1	99	90.325	94.9991919191919
0	100	0	95
