num_of_tit_for_tat	num_of_shame_driven_denying	average_fitness_of_tit_for_tat	average_fitness_of_shame_driven_denying
100	0	100	0
99	1	99.8492424242425	99.88
98	2	99.7085714285714	99.7525
97	3	99.5579896907216	99.6866666666666
96	4	99.4183333333333	99.3775
95	5	99.2867368421052	99.423
94	6	99.1032446808511	99.2275
93	7	98.9660752688172	99.0792857142857
92	8	98.8316304347826	98.905625
91	9	98.6857692307692	98.8327777777778
90	10	98.5561111111112	98.576
89	11	98.3779213483146	98.5286363636364
88	12	98.2402272727273	98.3575
87	13	98.0954022988506	98.2946153846154
86	14	98.021976744186	98.1921428571429
85	15	97.8111176470588	98.0206666666667
84	16	97.6776785714285	97.878125
83	17	97.5098795180723	97.8358823529412
82	18	97.3724390243902	97.6355555555555
81	19	97.2282098765432	97.5284210526316
80	20	97.0783749999999	97.44825
79	21	96.9222151898734	97.2530952380953
78	22	96.8041666666666	96.9902272727273
77	23	96.6526623376623	96.9189130434782
76	24	96.4977631578947	96.7720833333333
75	25	96.3554	96.6266
74	26	96.2014189189189	96.4321153846154
73	27	96.0804794520548	96.4229629629629
72	28	95.9572222222222	96.2314285714286
71	29	95.7991549295775	96.0339655172414
70	30	95.6375714285714	96.0038333333333
69	31	95.4988405797101	95.8429032258065
68	32	95.3300735294118	95.66921875
67	33	95.1711940298507	95.5836363636364
66	34	95.0513636363637	95.2948529411764
65	35	94.8947692307693	95.247
64	36	94.77859375	95.1754166666667
63	37	94.6036507936508	95.0235135135135
62	38	94.4804032258065	94.8531578947369
61	39	94.3322950819672	94.7273076923077
60	40	94.1051666666666	94.6305
59	41	93.9564406779661	94.449512195122
58	42	93.843448275862	94.2292857142858
57	43	93.7652631578947	94.183488372093
56	44	93.5292857142857	94.0589772727273
55	45	93.4352727272727	93.9605555555556
54	46	93.2860185185185	93.8205434782609
53	47	93.1419811320755	93.5942553191489
52	48	93.0042307692307	93.551875
51	49	92.938137254902	93.3211224489796
50	50	92.696	93.1811
49	51	92.5721428571429	93.0214705882353
48	52	92.4298958333334	92.9536538461538
47	53	92.2697872340425	92.828679245283
46	54	92.0972826086956	92.6985185185185
45	55	92.0026666666667	92.5742727272727
44	56	91.8552272727273	92.37375
43	57	91.7576744186047	92.2956140350878
42	58	91.5115476190476	92.1590517241379
41	59	91.4064634146342	91.9686440677966
40	60	91.233375	91.9263333333333
39	61	91.0855128205128	91.6840163934426
38	62	90.9740789473684	91.6392741935484
37	63	90.867972972973	91.4101587301587
36	64	90.7076388888889	91.3475
35	65	90.5781428571428	91.2103846153846
34	66	90.3954411764706	91.1164393939393
33	67	90.2542424242425	90.9051492537313
32	68	90.07234375	90.72625
31	69	90.0093548387097	90.6832608695652
30	70	89.8278333333333	90.5382857142857
29	71	89.71	90.3312676056338
28	72	89.5321428571429	90.2577777777778
27	73	89.3190740740741	90.1136301369863
26	74	89.2003846153846	89.9758783783784
25	75	89.17	89.7904666666667
24	76	88.916875	89.7409210526315
23	77	88.725	89.5600649350649
22	78	88.5661363636363	89.4455769230769
21	79	88.4833333333333	89.2772784810127
20	80	88.349	89.1055625
19	81	88.1613157894737	89.0501234567901
18	82	88.065	88.8925609756097
17	83	87.8476470588236	88.7425903614458
16	84	87.7190625	88.6485714285714
15	85	87.561	88.4644117647059
14	86	87.6117857142857	88.3332558139535
13	87	87.3507692307692	88.1735057471265
12	88	87.1891666666666	88.0853409090909
11	89	86.9768181818182	87.9023595505618
10	90	86.8225	87.7852222222222
9	91	86.7305555555556	87.6706043956044
8	92	86.62875	87.5053804347826
7	93	86.4114285714286	87.3883333333333
6	94	86.3741666666667	87.2325531914893
5	95	86.214	87.1021052631579
4	96	85.87875	86.9721875
3	97	86.1316666666667	86.8327319587629
2	98	85.5625	86.7154591836735
1	99	85.575	86.5624747474748
0	100	0	86.4103
