num_of_tit_for_tat	num_of_Pavlov	average_fitness_of_tit_for_tat	average_fitness_of_Pavlov
100	0	100	0
99	1	99.8816161616162	95.17
98	2	99.7504591836735	95.7675
97	3	99.6392268041237	95.3316666666667
96	4	99.5084375	95.30875
95	5	99.3908947368421	95.154
94	6	99.2825531914894	95.1291666666667
93	7	99.1637634408602	94.885
92	8	99.0257608695653	94.98875
91	9	98.9145054945055	95.1372222222222
90	10	98.7702777777778	95.2515
89	11	98.6720786516854	94.8777272727273
88	12	98.5163068181818	94.5329166666667
87	13	98.4066091954023	94.6907692307693
86	14	98.2890697674419	94.5782142857143
85	15	98.1606470588235	94.3423333333334
84	16	98.0377380952381	94.38125
83	17	97.9373493975904	94.1985294117647
82	18	97.8095121951219	94.2163888888889
81	19	97.6915432098765	94.4481578947368
80	20	97.5896875	94.08575
79	21	97.4394303797469	94.2166666666667
78	22	97.3113461538462	93.995
77	23	97.2033116883117	94.11
76	24	97.067302631579	94.176875
75	25	96.9469333333333	93.9408
74	26	96.8217567567568	93.7965384615385
73	27	96.7041095890411	93.777962962963
72	28	96.6003472222222	93.7955357142858
71	29	96.431338028169	93.5710344827586
70	30	96.3646428571429	93.501
69	31	96.1959420289855	93.4438709677419
68	32	96.0911029411765	93.51375
67	33	95.9564925373134	93.4448484848485
66	34	95.8499242424243	93.3370588235294
65	35	95.6844615384615	93.427
64	36	95.578046875	93.1925
63	37	95.4475396825397	93.2456756756757
62	38	95.3567741935484	93.2471052631579
61	39	95.1859016393443	93.0994871794872
60	40	95.14225	92.955875
59	41	94.9714406779661	92.8817073170732
58	42	94.8541379310345	92.8671428571428
57	43	94.7323684210526	92.8495348837209
56	44	94.6215178571429	92.7422727272727
55	45	94.4868181818182	92.7385555555556
54	46	94.3242592592593	92.6194565217391
53	47	94.3166981132076	92.5860638297872
52	48	94.0820192307692	92.3935416666667
51	49	94.0075490196079	92.5147959183673
50	50	93.8678	92.3232000000001
49	51	93.7706122448979	92.3237254901961
48	52	93.6266666666666	92.2814423076922
47	53	93.5246808510638	92.1833962264151
46	54	93.4232608695652	92.2092592592593
45	55	93.2955555555555	92.1246363636364
44	56	93.1768181818182	92.1099107142858
43	57	93.0646511627907	91.9935087719298
42	58	92.9055952380953	92.0640517241379
41	59	92.735243902439	91.8839830508474
40	60	92.6083750000001	91.86875
39	61	92.4489743589743	91.8108196721312
38	62	92.4652631578947	91.7028225806452
37	63	92.2791891891892	91.6940476190476
36	64	92.1180555555556	91.691484375
35	65	92.0618571428571	91.5826923076923
34	66	91.9557352941177	91.5431818181818
33	67	91.7919696969698	91.4748507462687
32	68	91.68921875	91.324705882353
31	69	91.5532258064516	91.2894927536232
30	70	91.4328333333333	91.2822857142857
29	71	91.3296551724138	91.2392253521127
28	72	91.1601785714285	91.2584722222222
27	73	91.0720370370371	91.1567808219178
26	74	90.9505769230769	91.0317567567568
25	75	90.864	90.989
24	76	90.6664583333334	90.8205921052631
23	77	90.6432608695652	90.85
22	78	90.3927272727273	90.8274358974359
21	79	90.3507142857143	90.7527848101266
20	80	90.20475	90.734125
19	81	90.0655263157894	90.8242592592593
18	82	89.9677777777777	90.6293292682927
17	83	89.8508823529412	90.5643975903615
16	84	89.7434375	90.4967261904762
15	85	89.5876666666666	90.4761176470588
14	86	89.44	90.4102906976744
13	87	89.3411538461539	90.3525862068966
12	88	89.2383333333333	90.3342045454546
11	89	89.1368181818182	90.2358988764045
10	90	88.963	90.2371111111111
9	91	88.9488888888889	90.2058791208791
8	92	88.708125	90.0571195652174
7	93	88.6485714285714	90.058494623656
6	94	88.4458333333334	90.005585106383
5	95	88.409	89.9715789473684
4	96	88.3425	89.8970833333333
3	97	88.18	89.7372164948454
2	98	87.97	89.8798979591837
1	99	87.835	89.694292929293
0	100	0	89.69425
