num_of_tit_for_tat	num_of_TFT_with_trembling_hand	average_fitness_of_tit_for_tat	average_fitness_of_TFT_with_trembling_hand
100	0	100	0
99	1	99.9035353535353	99.69
98	2	99.8036734693878	99.5425
97	3	99.7179896907216	99.435
96	4	99.6238541666666	99.42
95	5	99.5378421052632	99.371
94	6	99.4337765957447	99.2475
93	7	99.3343548387097	98.9671428571429
92	8	99.2107608695652	98.930625
91	9	99.1414835164835	98.8438888888889
90	10	99.0237222222222	98.8065
89	11	98.9650561797753	98.6913636363636
88	12	98.843125	98.6416666666667
87	13	98.7583333333334	98.5280769230769
86	14	98.6666860465116	98.4192857142856
85	15	98.5630588235294	98.374
84	16	98.4689285714286	98.2790625
83	17	98.3980120481928	98.2108823529412
82	18	98.2960975609756	98.1358333333334
81	19	98.2013580246914	97.9886842105263
80	20	98.0793125	97.907
79	21	98.0053164556962	97.8852380952381
78	22	97.9073076923077	97.7502272727273
77	23	97.8268181818182	97.6004347826087
76	24	97.7080263157895	97.48375
75	25	97.6346000000001	97.4286
74	26	97.5427027027027	97.3148076923077
73	27	97.4517808219178	97.2657407407408
72	28	97.3307638888889	97.2128571428572
71	29	97.2754225352113	97.1077586206896
70	30	97.1316428571429	97.0621666666666
69	31	97.070652173913	96.9653225806452
68	32	96.9788970588235	96.741875
67	33	96.8594776119403	96.7354545454545
66	34	96.7422727272727	96.6569117647059
65	35	96.6531538461538	96.587
64	36	96.6196875	96.4547222222222
63	37	96.505873015873	96.3347297297297
62	38	96.360564516129	96.2656578947368
61	39	96.3165573770492	96.1683333333333
60	40	96.2191666666667	96.147375
59	41	96.0961016949152	96.0198780487805
58	42	95.9849137931035	95.9195238095238
57	43	95.8661403508772	95.8961627906977
56	44	95.8303571428571	95.6970454545454
55	45	95.7706363636364	95.6311111111111
54	46	95.6012962962963	95.4917391304347
53	47	95.5338679245283	95.4502127659575
52	48	95.3890384615385	95.3422916666667
51	49	95.3305882352941	95.3193877551021
50	50	95.2165	95.231
49	51	95.1543877551021	95.0994117647058
48	52	95.0283333333334	95.080673076923
47	53	94.9514893617021	94.9601886792453
46	54	94.8905434782609	94.9114814814815
45	55	94.7611111111111	94.7607272727273
44	56	94.6606818181818	94.7077678571428
43	57	94.5646511627907	94.5817543859649
42	58	94.474880952381	94.4956034482759
41	59	94.3820731707317	94.4504237288135
40	60	94.276125	94.3243333333333
39	61	94.1696153846154	94.2397540983606
38	62	94.0892105263158	94.1437903225806
37	63	93.9882432432432	94.0381746031746
36	64	93.9420833333333	93.9196875
35	65	93.7692857142857	93.8786153846153
34	66	93.8154411764706	93.7343939393939
33	67	93.6069696969697	93.6632835820896
32	68	93.55171875	93.5872058823529
31	69	93.4611290322581	93.5173913043478
30	70	93.3616666666667	93.3902857142857
29	71	93.2796551724138	93.3380985915493
28	72	93.1551785714286	93.2109027777778
27	73	92.9548148148148	93.1738356164384
26	74	92.9009615384615	93.0669594594595
25	75	92.8252	93.0039333333333
24	76	92.8060416666667	92.8884868421053
23	77	92.6447826086957	92.8022077922078
22	78	92.5990909090909	92.7041025641026
21	79	92.5069047619048	92.5810126582278
20	80	92.35775	92.50775
19	81	92.3139473684211	92.4290740740741
18	82	92.195	92.3151829268293
17	83	92.0955882352941	92.2475903614458
16	84	92.1046875	92.1548214285715
15	85	91.8906666666667	92.0591176470589
14	86	91.7239285714285	91.9176744186047
13	87	91.7523076923077	91.901091954023
12	88	91.6779166666667	91.7632386363636
11	89	91.4404545454546	91.7273595505617
10	90	91.475	91.6120555555556
9	91	91.2755555555555	91.4918681318681
8	92	91.269375	91.4470652173913
7	93	91.1535714285715	91.3263440860215
6	94	91.0358333333333	91.2403191489362
5	95	91.078	91.1121578947369
4	96	90.91875	91.0788020833334
3	97	90.7166666666667	90.9771134020618
2	98	90.8	90.9234183673469
1	99	90.415	90.7761616161616
0	100	0	90.71795
