num_of_tit_for_tat	num_of_shame_driven_hiding	average_fitness_of_tit_for_tat	average_fitness_of_shame_driven_hiding
100	0	100	0
99	1	99.9040404040404	105
98	2	99.8074489795918	104.91
97	3	99.7118556701031	104.793333333333
96	4	99.615625	104.66
95	5	99.5270526315789	104.628
94	6	99.4255319148937	104.521666666667
93	7	99.3077419354838	104.402857142857
92	8	99.2177173913043	104.345
91	9	99.1243956043956	104.222222222222
90	10	99.0205555555555	104.176
89	11	98.9320224719101	104.009090909091
88	12	98.8371590909091	103.949166666667
87	13	98.7311494252874	103.78
86	14	98.6291860465116	103.694285714286
85	15	98.5531764705883	103.637333333333
84	16	98.449880952381	103.515
83	17	98.3327710843373	103.434705882353
82	18	98.2684146341464	103.348333333333
81	19	98.1448148148148	103.232631578947
80	20	98.0308750000001	103.175
79	21	97.9462025316456	103.035238095238
78	22	97.8660256410256	102.927727272727
77	23	97.7453246753247	102.813913043478
76	24	97.6815789473685	102.777916666667
75	25	97.5434666666667	102.66
74	26	97.4690540540541	102.531538461538
73	27	97.3589041095891	102.460740740741
72	28	97.2656944444445	102.347142857143
71	29	97.2091549295775	102.263448275862
70	30	97.0784285714286	102.127666666667
69	31	96.9591304347826	101.992258064516
68	32	96.8658823529412	101.989375
67	33	96.7731343283582	101.86
66	34	96.6857575757576	101.796764705882
65	35	96.5613846153846	101.670285714286
64	36	96.4284375	101.586666666667
63	37	96.3642857142858	101.482972972973
62	38	96.2711290322581	101.342894736842
61	39	96.1565573770492	101.290769230769
60	40	96.0441666666666	101.17075
59	41	95.9525423728813	101.021219512195
58	42	95.8556896551724	100.965952380952
57	43	95.7891228070175	100.862325581395
56	44	95.6707142857143	100.727045454545
55	45	95.5918181818182	100.658666666667
54	46	95.427037037037	100.567826086957
53	47	95.3805660377358	100.457446808511
52	48	95.2478846153846	100.377291666667
51	49	95.1780392156863	100.259387755102
50	50	95.0528	100.1706
49	51	94.9510204081633	100.031960784314
48	52	94.8272916666667	99.9263461538462
47	53	94.7644680851064	99.8235849056604
46	54	94.6413043478261	99.8007407407407
45	55	94.5271111111111	99.6229090909091
44	56	94.4695454545455	99.52
43	57	94.3686046511628	99.4452631578947
42	58	94.287380952381	99.3648275862069
41	59	94.1834146341463	99.237627118644
40	60	94.10475	99.1538333333333
39	61	93.9079487179487	99.0454098360656
38	62	93.8344736842106	98.938064516129
37	63	93.7494594594594	98.8814285714286
36	64	93.6230555555556	98.755
35	65	93.5854285714286	98.6506153846154
34	66	93.435294117647	98.5533333333334
33	67	93.3384848484848	98.4556716417911
32	68	93.2296875	98.2964705882353
31	69	93.1132258064516	98.1995652173913
30	70	93.0263333333333	98.1142857142858
29	71	92.9431034482759	98.0101408450704
28	72	92.8589285714286	97.9320833333334
27	73	92.7288888888889	97.827397260274
26	74	92.6357692307692	97.7175675675675
25	75	92.4372	97.6324
24	76	92.3795833333334	97.5259210526316
23	77	92.3708695652174	97.4201298701299
22	78	92.2536363636364	97.3221794871795
21	79	92.0547619047619	97.1901265822784
20	80	92.021	97.097625
19	81	91.8905263157894	96.9914814814815
18	82	91.7866666666666	96.8806097560976
17	83	91.75	96.7702409638555
16	84	91.56125	96.6857142857142
15	85	91.4546666666666	96.5891764705883
14	86	91.3628571428571	96.4759302325582
13	87	91.2284615384615	96.3688505747127
12	88	91.1641666666666	96.2495454545454
11	89	91.07	96.1458426966293
10	90	90.947	96.0566666666666
9	91	90.8555555555555	95.9653846153846
8	92	90.745	95.8259782608696
7	93	90.6414285714286	95.7366666666667
6	94	90.505	95.6313829787234
5	95	90.418	95.5265263157895
4	96	90.325	95.4194791666666
3	97	90.1866666666667	95.310206185567
2	98	90.095	95.2144897959184
1	99	90	95.1085858585858
0	100	0	95
