num_of_tit_for_tat	num_of_guilt_driven_amending	average_fitness_of_tit_for_tat	average_fitness_of_guilt_driven_amending
100	0	100	0
99	1	99.9290404040404	99.35
98	2	99.855612244898	99.1725
97	3	99.7884020618556	99.2133333333333
96	4	99.7228645833334	99.085
95	5	99.6446315789474	98.965
94	6	99.5701063829788	98.9766666666666
93	7	99.5122043010753	98.8428571428571
92	8	99.4358695652174	98.854375
91	9	99.3695604395604	98.7177777777778
90	10	99.3033333333333	98.726
89	11	99.2297191011236	98.5831818181818
88	12	99.1390340909091	98.5758333333333
87	13	99.0872988505747	98.5107692307692
86	14	99.0201162790697	98.3339285714285
85	15	98.9465882352941	98.275
84	16	98.8844047619048	98.1996875
83	17	98.8136746987952	98.2458823529412
82	18	98.7583536585366	98.1516666666666
81	19	98.6791975308642	98.0910526315789
80	20	98.6005	98.0575000000001
79	21	98.5269620253164	97.9445238095238
78	22	98.4601282051282	97.9802272727272
77	23	98.3794805194806	97.8104347826087
76	24	98.3173684210526	97.760625
75	25	98.2521333333333	97.708
74	26	98.1611486486486	97.7063461538462
73	27	98.0923287671233	97.5011111111111
72	28	98.0179166666667	97.5216071428571
71	29	97.9469718309859	97.3951724137931
70	30	97.8907857142857	97.3293333333333
69	31	97.8234782608696	97.3004838709678
68	32	97.7517647058823	97.2515625
67	33	97.6823134328358	97.1180303030303
66	34	97.5981060606061	96.9989705882352
65	35	97.5402307692308	96.9854285714286
64	36	97.46984375	96.9265277777778
63	37	97.4063492063492	96.8672972972973
62	38	97.3106451612903	96.8659210526316
61	39	97.2710655737705	96.76
60	40	97.2166666666667	96.632125
59	41	97.1254237288136	96.6326829268292
58	42	97.0487931034483	96.5329761904762
57	43	96.9702631578947	96.5008139534884
56	44	96.8849107142857	96.4155681818182
55	45	96.8188181818182	96.3222222222222
54	46	96.8053703703704	96.2428260869565
53	47	96.7067924528301	96.1896808510638
52	48	96.6463461538462	96.1321875
51	49	96.5738235294118	96.0915306122449
50	50	96.4743	95.9803999999999
49	51	96.4092857142857	95.876568627451
48	52	96.3538541666667	95.8938461538462
47	53	96.2668085106383	95.7881132075473
46	54	96.2125	95.7340740740741
45	55	96.1078888888889	95.6280909090909
44	56	96.0810227272727	95.6116071428572
43	57	95.9922093023255	95.5056140350877
42	58	95.8916666666667	95.4918103448276
41	59	95.879024390244	95.4285593220339
40	60	95.804875	95.3340833333334
39	61	95.7319230769231	95.2825409836066
38	62	95.6547368421053	95.1467741935484
37	63	95.5625675675676	95.1453968253968
36	64	95.4876388888889	95.06328125
35	65	95.4304285714286	95.0066923076923
34	66	95.3783823529412	94.9251515151516
33	67	95.3083333333333	94.8508208955224
32	68	95.23078125	94.7901470588235
31	69	95.1225806451613	94.7015942028985
30	70	95.0785	94.6505
29	71	95.0427586206897	94.6290845070423
28	72	94.89375	94.5423611111111
27	73	94.8872222222222	94.4528082191781
26	74	94.7673076923077	94.4202702702703
25	75	94.7471999999999	94.3325333333333
24	76	94.664375	94.2992105263158
23	77	94.6210869565218	94.1861038961038
22	78	94.5004545454546	94.1335897435898
21	79	94.4428571428571	94.086582278481
20	80	94.38925	94.00675
19	81	94.33	93.9479629629629
18	82	94.2569444444445	93.9020731707317
17	83	94.17	93.7922891566265
16	84	94.096875	93.7354761904762
15	85	94.0466666666666	93.6475294117647
14	86	93.9864285714286	93.6252906976744
13	87	93.8611538461539	93.5541954022988
12	88	93.7975	93.4453977272727
11	89	93.7336363636363	93.3775280898877
10	90	93.6225	93.314
9	91	93.6088888888889	93.2573626373626
8	92	93.54625	93.1796739130435
7	93	93.4792857142857	93.1304838709678
6	94	93.3633333333333	93.0451063829787
5	95	93.347	92.9832631578947
4	96	93.28125	92.8994791666667
3	97	93.1983333333333	92.8730412371134
2	98	93.0475	92.7735204081633
1	99	93.01	92.7324747474748
0	100	0	92.6551
