num_of_generous_TFT	num_of_Pavlov	average_fitness_of_generous_TFT	average_fitness_of_Pavlov
20	0	100	0
19	1	98.7752631578948	117.905
18	2	97.4386111111111	115.935
17	3	96.1367647058824	112.536666666667
16	4	94.765	109.98375
15	5	93.5053333333333	106.496
14	6	92.5728571428572	103.615
13	7	90.7119230769231	101.135
12	8	89.7179166666667	98.3
11	9	88.6281818181819	95.0855555555556
10	10	86.891	92.273
9	11	85.9994444444444	89.1922727272728
8	12	84.516875	86.28
7	13	83.3792857142857	83.1742307692307
6	14	82.3316666666667	80.6489285714286
5	15	81.186	77.354
4	16	79.37125	74.2809375
3	17	78.4266666666667	71.3032352941177
2	18	77.08	67.9358333333333
1	19	75.605	65.0571052631579
0	20	0	61.66825
