num_of_generous_TFT	num_of_shame_driven_hiding	average_fitness_of_generous_TFT	average_fitness_of_shame_driven_hiding
20	0	100	0
19	1	99.5726315789473	105
18	2	99.1833333333334	104.58
17	3	98.7305882352941	104.156666666667
16	4	98.3025	103.7725
15	5	97.7973333333333	103.262
14	6	97.3792857142857	102.856666666667
13	7	96.8869230769231	102.442857142857
12	8	96.375	101.99375
11	9	95.8781818181819	101.474444444444
10	10	95.412	101.041
9	11	94.8911111111111	100.495454545455
8	12	94.37875	100.050833333333
7	13	93.8485714285714	99.4976923076923
6	14	93.1183333333333	98.905
5	15	92.628	98.2213333333333
4	16	92.125	97.5171875
3	17	91.3266666666667	96.3967647058824
2	18	90.62	94.9677777777778
1	19	90	92.7855263157895
0	20	0	89.7595
