num_of_generous_TFT	num_of_TFT_with_trembling_hand	average_fitness_of_generous_TFT	average_fitness_of_TFT_with_trembling_hand
20	0	50	0
19	1	49.4655263157895	52.4
18	2	48.8801388888889	51.455
17	3	48.3085294117647	50.6441666666667
16	4	47.7978125	50.153125
15	5	47.231	49.3395
14	6	46.7428571428571	48.7516666666667
13	7	46.0532692307692	47.9789285714286
12	8	45.5633333333333	47.4434375
11	9	44.9379545454545	46.5769444444444
10	10	44.413	45.72375
9	11	44.0280555555556	45.1738636363636
8	12	43.2915625	44.4420833333333
7	13	42.6953571428571	43.6732692307693
6	14	42.2183333333333	42.9608928571429
5	15	41.542	42.2625
4	16	41.18	41.48890625
3	17	40.5158333333334	40.8267647058823
2	18	40.0775	40.2206944444444
1	19	39.6	39.4330263157895
0	20	0	38.71975
