num_of_generous_TFT	num_of_shame_driven_hiding	average_fitness_of_generous_TFT	average_fitness_of_shame_driven_hiding
20	0	50	0
19	1	49.5926315789474	57.5
18	2	49.1438888888889	57.045
17	3	48.7205882352942	56.6333333333333
16	4	48.323125	56.23
15	5	47.7793333333334	55.894
14	6	47.385	55.42
13	7	46.9376923076923	54.93
12	8	46.4016666666667	54.4825
11	9	45.9836363636364	54.0266666666667
10	10	45.398	53.585
9	11	44.9166666666667	53.1
8	12	44.26875	52.4995833333333
7	13	43.7828571428571	51.8821153846154
6	14	43.3683333333333	51.4417857142857
5	15	42.766	50.8625
4	16	42.06	50.0909375
3	17	41.44	49.3204411764706
2	18	40.775	48.2219444444444
1	19	40	46.8244736842105
0	20	0	44.945
