num_of_generous_TFT	num_of_shame_driven_denying	average_fitness_of_generous_TFT	average_fitness_of_shame_driven_denying
20	0	50	0
19	1	48.5580263157895	56.12
18	2	47.0930555555556	54.79625
17	3	45.6213235294117	53.0558333333333
16	4	44.10953125	51.753125
15	5	42.7351666666667	50.491
14	6	41.3092857142857	49.355
13	7	39.6188461538462	47.5110714285714
12	8	38.1779166666667	46.3759375
11	9	36.8247727272727	44.8916666666667
10	10	35.0755	43.70825
9	11	34.0819444444444	42.2104545454546
8	12	32.2178125	40.9035416666666
7	13	30.8632142857143	39.4530769230769
6	14	29.2395833333333	38.2653571428571
5	15	28.1595	36.7121666666667
4	16	26.59375	35.28109375
3	17	25.5091666666667	33.9420588235294
2	18	23.455	32.7016666666667
1	19	22.6725	31.1269736842105
0	20	0	29.826875
