num_of_generous_TFT	num_of_Pavlov	average_fitness_of_generous_TFT	average_fitness_of_Pavlov
20	0	50	0
19	1	49.1234210526316	68.245
18	2	48.1944444444444	67.91625
17	3	47.3741176470588	64.9958333333334
16	4	46.3159375	63.08125
15	5	45.5876666666667	61.523
14	6	44.6983928571429	60.3779166666666
13	7	43.7728846153846	58.6610714285714
12	8	42.83125	56.4640625
11	9	41.8672727272727	54.9111111111111
10	10	41.043	53.30675
9	11	40.2413888888889	51.0102272727273
8	12	39.4153125	49.7875
7	13	38.4335714285714	47.8001923076923
6	14	37.4258333333333	45.64125
5	15	36.481	44.2711666666667
4	16	35.384375	42.3784375
3	17	35.0408333333333	40.2855882352941
2	18	33.7075	38.5305555555556
1	19	33.05	36.4788157894737
0	20	0	34.84
