num_of_generous_TFT	num_of_shame_driven_denying	average_fitness_of_generous_TFT	average_fitness_of_shame_driven_denying
50	0	100	0
49	1	99.1235714285714	108.22
48	2	98.2835416666666	106.97
47	3	97.2987234042553	106.798333333333
46	4	96.4907608695653	105.735
45	5	95.6058888888888	104.587
44	6	94.6940909090909	103.593333333333
43	7	93.7352325581395	102.802857142857
42	8	93.0422619047619	101.931875
41	9	92.0551219512195	101.098333333333
40	10	90.971125	100.1695
39	11	90.1601282051282	99.1868181818182
38	12	89.3277631578947	98.3683333333333
37	13	88.435	97.2061538461538
36	14	87.6936111111111	96.4653571428572
35	15	86.7077142857143	95.452
34	16	85.9460294117647	94.4575
33	17	84.9769696969697	93.8388235294118
32	18	84.10890625	92.8438888888889
31	19	83.0761290322581	91.8710526315789
30	20	82.2546666666667	91.107
29	21	81.3955172413793	90.1716666666667
28	22	80.5341071428571	89.2643181818182
27	23	79.4244444444444	88.1926086956522
26	24	78.8713461538461	87.1691666666667
25	25	77.959	86.31
24	26	76.9691666666667	85.71
23	27	76.0778260869565	84.6764814814815
22	28	75.3620454545455	83.6873214285714
21	29	74.3202380952381	82.7587931034483
20	30	73.53025	81.921
19	31	72.5652631578948	80.9712903225807
18	32	71.4483333333333	80.1428125
17	33	70.6938235294117	79.2687878787879
16	34	69.820625	78.2191176470588
15	35	68.9393333333333	77.3797142857143
14	36	68.335	76.32375
13	37	67.1184615384615	75.4143243243244
12	38	66.4404166666667	74.6806578947369
11	39	65.5945454545454	73.6296153846153
10	40	64.7755	72.809375
9	41	63.59	71.8858536585366
8	42	63.12875	71.0173809523809
7	43	61.8664285714286	70.1113953488372
6	44	61.0908333333333	69.155
5	45	60.222	68.2592222222222
4	46	59.0475	67.3065217391304
3	47	58.4666666666667	66.3931914893617
2	48	57.53	65.4891666666666
1	49	56.605	64.5677551020408
0	50	0	63.7016
