num_of_generous_TFT	num_of_guilt_driven_amending	average_fitness_of_generous_TFT	average_fitness_of_guilt_driven_amending
50	0	100	0
49	1	99.7013265306122	102.645
48	2	99.3970833333334	102.275
47	3	99.0663829787234	101.67
46	4	98.7405434782609	101.33125
45	5	98.4564444444445	101.041
44	6	98.1507954545454	100.644166666667
43	7	97.8224418604651	100.511428571429
42	8	97.5309523809524	100.130625
41	9	97.1758536585366	99.7494444444444
40	10	96.894	99.478
39	11	96.5507692307693	99.0359090909091
38	12	96.2728947368421	98.6270833333333
37	13	95.9233783783784	98.2634615384615
36	14	95.6693055555556	98.0767857142857
35	15	95.3898571428571	97.546
34	16	95.0514705882353	97.1765625
33	17	94.7434848484848	96.7844117647059
32	18	94.3940625	96.4422222222222
31	19	94.1038709677419	96.1052631578947
30	20	93.799	95.7165
29	21	93.4484482758621	95.3557142857143
28	22	93.1233928571429	95.0984090909091
27	23	92.8709259259259	94.645
26	24	92.4728846153846	94.3725
25	25	92.2272	93.999
24	26	91.9427083333334	93.5909615384616
23	27	91.5947826086956	93.3018518518519
22	28	91.2743181818182	92.9041071428571
21	29	90.9842857142857	92.6018965517242
20	30	90.6485	92.2278333333333
19	31	90.3673684210526	91.8322580645161
18	32	90.0158333333333	91.56171875
17	33	89.7288235294118	91.1559090909091
16	34	89.428125	90.7261764705882
15	35	89.1003333333333	90.4027142857143
14	36	88.8521428571429	90.14375
13	37	88.5715384615385	89.7833783783784
12	38	88.1775	89.335
11	39	87.8445454545455	88.9991025641026
10	40	87.533	88.735875
9	41	87.2716666666667	88.3824390243903
8	42	86.925	88.0261904761905
7	43	86.6135714285714	87.5741860465116
6	44	86.2983333333333	87.24375
5	45	86.195	86.8864444444445
4	46	85.67375	86.5342391304348
3	47	85.2583333333333	86.2237234042553
2	48	85.215	85.9254166666667
1	49	84.835	85.4657142857143
0	50	0	85.1534
