num_of_generous_TFT	num_of_shame_driven_hiding	average_fitness_of_generous_TFT	average_fitness_of_shame_driven_hiding
50	0	100	0
49	1	99.6620408163265	110
48	2	99.3285416666667	109.645
47	3	98.973829787234	109.326666666667
46	4	98.614347826087	108.98
45	5	98.2904444444445	108.588
44	6	97.936590909091	108.233333333333
43	7	97.6086046511628	107.92
42	8	97.2742857142857	107.63
41	9	96.8875609756098	107.222222222222
40	10	96.53825	106.819
39	11	96.1582051282051	106.443636363636
38	12	95.7686842105263	106.1375
37	13	95.4451351351351	105.747692307692
36	14	95.0766666666667	105.453571428571
35	15	94.6802857142857	105.082666666667
34	16	94.3317647058824	104.705625
33	17	93.9278787878788	104.211764705882
32	18	93.6140625	103.908888888889
31	19	93.1564516129033	103.549473684211
30	20	92.749	103.14
29	21	92.381724137931	102.708095238095
28	22	92.0578571428571	102.42
27	23	91.66	101.997391304348
26	24	91.2511538461539	101.5825
25	25	90.8644	101.1808
24	26	90.4154166666666	100.754615384615
23	27	90.0365217391304	100.401111111111
22	28	89.6631818181818	99.9871428571429
21	29	89.1995238095238	99.5165517241379
20	30	88.791	99.142
19	31	88.4431578947368	98.7922580645161
18	32	87.9983333333334	98.3034375
17	33	87.5276470588235	97.8524242424243
16	34	87.080625	97.5420588235294
15	35	86.7406666666667	97.0808571428572
14	36	86.2214285714285	96.6208333333333
13	37	85.7746153846154	96.16
12	38	85.2183333333333	95.6905263157894
11	39	84.8118181818182	95.2771794871795
10	40	84.392	94.881
9	41	83.9266666666667	94.3463414634146
8	42	83.42	93.927380952381
7	43	82.8728571428571	93.4516279069768
6	44	82.545	92.9554545454546
5	45	82.13	92.45
4	46	81.4875	92.0089130434783
3	47	81.0466666666667	91.4995744680851
2	48	80.535	90.99375
1	49	80	90.5095918367347
0	50	0	90
