num_of_generous_TFT	num_of_guilt_driven_amending	average_fitness_of_generous_TFT	average_fitness_of_guilt_driven_amending
100	0	50	0
99	1	49.8775757575757	56.0575
98	2	49.7387755102041	56.1
97	3	49.6065463917526	55.7941666666667
96	4	49.496171875	55.720625
95	5	49.3511052631579	55.5355
94	6	49.2151861702128	55.44875
93	7	49.0848655913979	55.2860714285714
92	8	48.9716576086956	55.0353125
91	9	48.8133241758242	55.0366666666667
90	10	48.7053055555556	54.9005
89	11	48.5709831460674	54.8277272727273
88	12	48.4450852272727	54.64375
87	13	48.3055747126437	54.5307692307692
86	14	48.1750581395349	54.3603571428572
85	15	48.0177647058823	54.2746666666667
84	16	47.9268452380952	54.07453125
83	17	47.7696084337349	53.9880882352942
82	18	47.6523475609756	53.9193055555556
81	19	47.5245679012346	53.7252631578948
80	20	47.39484375	53.619
79	21	47.2891139240506	53.5491666666667
78	22	47.1454807692308	53.3204545454545
77	23	47.0139285714286	53.1501086956522
76	24	46.8891118421053	53.10125
75	25	46.7594666666667	52.8936
74	26	46.6218918918919	52.8851923076923
73	27	46.5073630136986	52.5905555555555
72	28	46.3538888888889	52.5925
71	29	46.2210211267606	52.4876724137931
70	30	46.1025357142857	52.28675
69	31	45.9963043478261	52.1696774193548
68	32	45.84	52.03953125
67	33	45.6923134328358	51.8617424242424
66	34	45.5703409090909	51.7663235294118
65	35	45.4278461538461	51.6571428571429
64	36	45.313515625	51.5321527777778
63	37	45.1673412698413	51.285472972973
62	38	45.0531048387097	51.3323026315789
61	39	44.8904098360656	51.0827564102564
60	40	44.8174583333333	50.8969375
59	41	44.6824152542373	50.9110975609756
58	42	44.5281465517241	50.6777976190476
57	43	44.3909210526316	50.5169186046512
56	44	44.3308035714286	50.4160795454546
55	45	44.1281363636364	50.3401111111111
54	46	44.0324537037037	50.2174456521739
53	47	43.8707547169811	50.076170212766
52	48	43.7103365384616	49.9874479166667
51	49	43.6135784313725	49.8316326530612
50	50	43.5296	49.6844
49	51	43.3438265306122	49.488431372549
48	52	43.2563541666667	49.3885576923077
47	53	43.128085106383	49.3149528301887
46	54	42.9553260869565	49.1500462962963
45	55	42.8531111111111	48.9864090909091
44	56	42.7359659090909	48.8825892857143
43	57	42.6065697674419	48.7535964912281
42	58	42.4519642857143	48.6102155172414
41	59	42.3685365853658	48.4977966101695
40	60	42.2293125	48.39575
39	61	42.0796794871795	48.2309836065574
38	62	41.9697368421052	48.0253225806451
37	63	41.8236486486486	48.0115873015873
36	64	41.6670833333333	47.8515234375
35	65	41.503	47.7171923076923
34	66	41.4703676470588	47.5641666666667
33	67	41.3345454545455	47.4698880597015
32	68	41.106640625	47.2808455882353
31	69	40.9995967741936	47.1452898550725
30	70	40.96425	47.0052857142857
29	71	40.7338793103448	46.909647887324
28	72	40.6217857142857	46.7569791666667
27	73	40.4759259259259	46.6410273972603
26	74	40.4186538461538	46.5869256756757
25	75	40.2686	46.4281666666667
24	76	40.1186458333333	46.309802631579
23	77	40.0639130434783	46.1031168831169
22	78	39.7988636363636	46.043782051282
21	79	39.7484523809524	45.842911392405
20	80	39.63225	45.70521875
19	81	39.496447368421	45.5267283950617
18	82	39.3502777777778	45.4689634146342
17	83	39.2052941176471	45.3528012048193
16	84	39.0084375	45.2510119047619
15	85	38.8965	45.1161764705882
14	86	38.8480357142857	44.9586337209302
13	87	38.7257692307692	44.806091954023
12	88	38.5079166666667	44.6539488636363
11	89	38.3852272727273	44.5619943820225
10	90	38.295	44.3719166666667
9	91	38.2163888888889	44.2366483516484
8	92	38.0134375	44.1516847826087
7	93	37.9039285714286	44.0396774193548
6	94	37.8170833333333	43.9276595744681
5	95	37.7685	43.7487894736842
4	96	37.591875	43.6028125
3	97	37.7216666666667	43.4446649484536
2	98	37.3675	43.3647704081633
1	99	37.1775	43.2383838383838
0	100	0	43.10015
