num_of_generous_TFT	num_of_shame_driven_denying	average_fitness_of_generous_TFT	average_fitness_of_shame_driven_denying
100	0	50	0
99	1	49.7352272727273	63.6475
98	2	49.4704846938776	63.58625
97	3	49.1933505154639	63.0458333333333
96	4	48.928359375	62.995625
95	5	48.6463157894737	62.5355
94	6	48.4058776595745	62.1579166666667
93	7	48.1352956989247	62.06
92	8	47.8887771739131	61.67625
91	9	47.5863461538462	61.6325
90	10	47.3179166666667	61.359
89	11	47.1063202247191	61.0822727272727
88	12	46.7663920454545	60.855
87	13	46.5005747126437	60.4632692307692
86	14	46.2871802325582	60.2239285714286
85	15	45.9865882352941	59.9355
84	16	45.7659523809524	59.7346875
83	17	45.4962951807229	59.4263235294118
82	18	45.1775304878049	59.315
81	19	44.8956481481481	58.9573684210526
80	20	44.6804375	58.683625
79	21	44.3880696202532	58.3813095238095
78	22	44.1144551282051	58.1646590909091
77	23	43.8371753246753	58.0211956521739
76	24	43.5715789473684	57.4890625
75	25	43.2930666666667	57.3168
74	26	43.0763175675676	57.1888461538462
73	27	42.8073287671233	56.8674074074074
72	28	42.5468402777778	56.5546428571428
71	29	42.2548943661972	56.3149137931035
70	30	41.9813928571429	56.0086666666667
69	31	41.7497101449275	55.8010483870968
68	32	41.52125	55.478046875
67	33	41.1835820895522	55.2506818181819
66	34	40.931553030303	55.0538235294118
65	35	40.5838076923077	54.7277857142857
64	36	40.4723828125	54.4393055555555
63	37	40.1236111111111	54.2637162162163
62	38	39.8936290322581	53.8801315789474
61	39	39.5238114754098	53.7400641025641
60	40	39.227375	53.398125
59	41	39.1252542372881	53.1310975609756
58	42	38.7327586206897	52.9715476190476
57	43	38.4998684210526	52.5962209302325
56	44	38.23875	52.3501136363636
55	45	37.9858181818182	52.0451666666667
54	46	37.6682407407407	51.8476630434782
53	47	37.4537264150943	51.6182978723404
52	48	37.1835576923077	51.4572395833334
51	49	36.9140196078432	51.0608673469387
50	50	36.6973	50.828
49	51	36.3022448979592	50.4560294117647
48	52	36.1197916666667	50.3366346153846
47	53	35.8573404255319	50.0569339622642
46	54	35.5547282608696	49.7943518518519
45	55	35.3075	49.5486818181818
44	56	35.0424431818182	49.2562053571429
43	57	34.7167441860465	48.948201754386
42	58	34.5124404761905	48.6855603448276
41	59	34.3433536585366	48.3623305084746
40	60	33.9840625	48.21425
39	61	33.6473717948718	47.9759426229508
38	62	33.3641447368421	47.6850403225806
37	63	33.1036486486487	47.4048015873016
36	64	32.7711805555556	47.168828125
35	65	32.5533571428572	46.9058076923077
34	66	32.3889705882353	46.7186742424243
33	67	32.0265909090909	46.3291791044776
32	68	31.883984375	46.0859191176471
31	69	31.5968548387097	45.8970652173913
30	70	31.314	45.5786428571429
29	71	31.0726724137931	45.3427464788733
28	72	30.8675	45.1112152777778
27	73	30.3824074074074	44.8542465753424
26	74	30.2608653846154	44.564527027027
25	75	29.9968	44.2766333333334
24	76	29.6972916666667	43.9650328947369
23	77	29.4294565217391	43.7661038961039
22	78	29.1277272727273	43.4717307692308
21	79	28.8636904761905	43.2591772151899
20	80	28.620875	43.0085625
19	81	28.5075	42.7232716049383
18	82	28.2502777777778	42.4082621951219
17	83	27.7495588235294	42.1563554216867
16	84	27.62015625	41.87375
15	85	27.2778333333333	41.6613823529412
14	86	27.0328571428571	41.4239534883721
13	87	26.7376923076923	41.1243390804598
12	88	26.44125	40.8540056818182
11	89	26.2986363636364	40.656797752809
10	90	25.826	40.3325833333333
9	91	25.8122222222222	40.0935714285714
8	92	25.2625	39.8462228260869
7	93	25.1832142857143	39.5743548387097
6	94	24.795	39.3025
5	95	24.576	39.0376052631579
4	96	24.58625	38.7716666666667
3	97	24.1325	38.5469587628866
2	98	23.81875	38.2169642857143
1	99	23.295	37.9815909090909
0	100	0	37.71835
