num_of_generous_TFT	num_of_TFT_with_trembling_hand	average_fitness_of_generous_TFT	average_fitness_of_TFT_with_trembling_hand
100	0	50	0
99	1	49.8354292929293	58.205
98	2	49.6853571428571	58.1325
97	3	49.4997680412371	57.9466666666667
96	4	49.3321875	57.63875
95	5	49.167947368421	57.453
94	6	49.0071808510639	57.3041666666667
93	7	48.8117741935484	57.1496428571428
92	8	48.665625	57.1096875
91	9	48.5115659340659	56.7008333333333
90	10	48.3358055555556	56.62825
89	11	48.1792696629213	56.4690909090909
88	12	48.0127556818182	56.3489583333333
87	13	47.8177873563219	56.1086538461538
86	14	47.6729651162791	55.8975
85	15	47.5180882352941	55.7496666666667
84	16	47.3133630952381	55.66203125
83	17	47.1623192771084	55.4969117647059
82	18	47.0195426829268	55.1984722222223
81	19	46.8497839506173	55.0589473684211
80	20	46.6820625	55.0875
79	21	46.5111075949367	54.7654761904762
78	22	46.3282692307693	54.5748863636364
77	23	46.1497077922078	54.5457608695652
76	24	46.0295723684211	54.2051041666667
75	25	45.8732333333333	54.1299
74	26	45.7054391891892	53.9482692307692
73	27	45.5254794520548	53.7522222222222
72	28	45.3034722222222	53.645625
71	29	45.1604577464789	53.4154310344828
70	30	44.9961428571429	53.2651666666667
69	31	44.811268115942	53.085564516129
68	32	44.7082352941177	52.835546875
67	33	44.5109328358209	52.7710606060606
66	34	44.3731439393939	52.5783088235294
65	35	44.2141153846154	52.488
64	36	43.9987890625	52.174375
63	37	43.867619047619	52.0574324324324
62	38	43.7228225806452	51.8759868421053
61	39	43.5014344262295	51.7613461538462
60	40	43.3151666666667	51.639625
59	41	43.1519491525424	51.3809146341464
58	42	43.0099137931034	51.2251785714286
57	43	42.8533771929825	51.1025581395349
56	44	42.6889285714286	50.8420454545455
55	45	42.5023636363636	50.7089444444444
54	46	42.3500462962963	50.5256521739131
53	47	42.2409433962264	50.3477127659574
52	48	42.0122596153846	50.14921875
51	49	41.8598529411764	49.9344897959184
50	50	41.74785	49.8485
49	51	41.5507653061225	49.6449019607843
48	52	41.2845833333333	49.5411538461539
47	53	41.1803723404255	49.4141981132075
46	54	40.9822826086956	49.1638888888889
45	55	40.9003888888889	48.9412272727273
44	56	40.6725568181818	48.875625
43	57	40.5072674418605	48.6218421052632
42	58	40.3097619047619	48.5209482758621
41	59	40.1726219512195	48.3546186440678
40	60	40.0699375	48.1420416666667
39	61	39.8958333333333	48.0202868852459
38	62	39.5981578947369	47.8450403225807
37	63	39.5247972972973	47.6299603174603
36	64	39.3836805555556	47.4659765625
35	65	39.2232857142857	47.313
34	66	39.0095588235294	47.1602272727273
33	67	38.8974242424243	46.9330223880597
32	68	38.662421875	46.7355882352941
31	69	38.5523387096774	46.6353260869565
30	70	38.3783333333333	46.4462857142857
29	71	38.2298275862069	46.2495774647887
28	72	38.0475	46.126875
27	73	37.9210185185185	45.9738356164384
26	74	37.7270192307692	45.8126351351352
25	75	37.5001	45.5857333333333
24	76	37.3496875	45.4446381578948
23	77	37.1792391304348	45.2506493506494
22	78	37.0504545454546	45.084391025641
21	79	36.8779761904762	44.9778164556962
20	80	36.68875	44.79175
19	81	36.57	44.5254320987654
18	82	36.4668055555556	44.4074085365854
17	83	36.2267647058824	44.275843373494
16	84	36.07734375	44.1101488095238
15	85	35.8623333333333	43.896205882353
14	86	35.7517857142857	43.7239534883721
13	87	35.5801923076923	43.6077586206897
12	88	35.3089583333333	43.3542329545455
11	89	35.1979545454546	43.2608146067416
10	90	35.06675	43.0671388888889
9	91	34.8675	42.8957142857143
8	92	34.6615625	42.6973369565217
7	93	34.4610714285714	42.5712096774194
6	94	34.4058333333333	42.3882978723404
5	95	34.13	42.2318684210526
4	96	34.1325	42.041015625
3	97	33.8791666666667	41.8586340206186
2	98	33.6425	41.6989795918367
1	99	33.835	41.5218434343435
0	100	0	41.365325
