num_of_generous_TFT	num_of_Pavlov	average_fitness_of_generous_TFT	average_fitness_of_Pavlov
100	0	50	0
99	1	49.7845454545455	81.45
98	2	49.5519387755102	81.9875
97	3	49.3329639175258	82.2941666666667
96	4	49.121015625	82.445
95	5	48.8989210526316	81.47
94	6	48.6596808510638	81.3083333333333
93	7	48.4517741935484	80.7582142857142
92	8	48.208722826087	81.1259375
91	9	48.003489010989	80.8086111111111
90	10	47.7738888888889	80.0675
89	11	47.5465168539326	80.4706818181818
88	12	47.3159375	79.62875
87	13	47.0906896551724	79.5253846153846
86	14	46.8944186046512	79.0341071428571
85	15	46.6702941176471	78.9575
84	16	46.43	78.81296875
83	17	46.2069277108434	78.5245588235294
82	18	45.9976524390244	78.2365277777778
81	19	45.7632098765433	78.1997368421053
80	20	45.5710625	77.90975
79	21	45.3622784810127	77.8575
78	22	45.0843269230769	77.6168181818182
77	23	44.8725974025974	77.3132608695652
76	24	44.6451315789474	77.0511458333333
75	25	44.4658333333333	77.0516000000001
74	26	44.2815202702703	76.6931730769231
73	27	43.9864726027397	76.1207407407407
72	28	43.7924305555555	76.1807142857142
71	29	43.559647887324	75.8195689655172
70	30	43.3260357142857	75.67475
69	31	43.0528985507246	75.1939516129032
68	32	42.8927941176471	74.9646875
67	33	42.6462686567164	74.9715909090909
66	34	42.4044696969697	74.7671323529411
65	35	42.242	74.4915714285714
64	36	42.00734375	74.2854166666666
63	37	41.748253968254	73.7156081081081
62	38	41.5034677419355	73.7948026315789
61	39	41.3965163934426	73.480641025641
60	40	41.1162916666667	73.1928125
59	41	40.8528813559322	73.0717682926829
58	42	40.6612068965517	72.8271428571428
57	43	40.4824561403509	72.489476744186
56	44	40.2331696428571	72.3378977272727
55	45	40.0129545454546	72.031
54	46	39.7143981481481	71.8139130434782
53	47	39.4961320754717	71.5596276595745
52	48	39.3442307692308	71.5097395833333
51	49	39.1808823529412	71.0740816326531
50	50	38.8206	70.8922
49	51	38.5425510204082	70.6625490196078
48	52	38.4074479166667	70.4467788461539
47	53	38.2830319148936	70.1008490566038
46	54	37.9996739130435	69.9498611111111
45	55	37.7622777777778	69.7079090909091
44	56	37.5332386363636	69.4483035714286
43	57	37.3800581395349	69.1951315789474
42	58	37.0972023809524	69.0335344827586
41	59	36.8549390243902	68.9529237288135
40	60	36.7376875	68.4302083333333
39	61	36.3029487179487	68.3237295081968
38	62	36.1965789473684	68.004435483871
37	63	36.0364864864865	67.7678174603175
36	64	35.7315277777778	67.6581640625
35	65	35.5875	67.2261538461539
34	66	35.3208823529412	67.0905681818182
33	67	35.0915151515152	66.833171641791
32	68	34.82203125	66.680330882353
31	69	34.5665322580645	66.3476086956522
30	70	34.4181666666667	66.2137857142857
29	71	34.2740517241379	65.8864436619718
28	72	33.9919642857143	65.7605555555556
27	73	33.7635185185185	65.4336643835616
26	74	33.4771153846154	65.2742229729729
25	75	33.3039	64.9453333333333
24	76	33.1761458333333	64.77
23	77	32.8752173913044	64.4845779220779
22	78	32.6673863636364	64.2284615384616
21	79	32.3839285714286	64.0632594936709
20	80	32.1595	63.802
19	81	31.9096052631579	63.6544444444444
18	82	31.79125	63.2718902439025
17	83	31.6433823529412	63.112078313253
16	84	31.16234375	62.7577083333334
15	85	30.9395	62.6235882352941
14	86	30.8567857142857	62.3198546511628
13	87	30.5167307692308	62.0594540229885
12	88	30.3264583333333	61.8174715909091
11	89	30.1788636363636	61.6923033707865
10	90	29.92375	61.4638333333333
9	91	29.7422222222222	61.1839835164835
8	92	29.5340625	60.9302173913043
7	93	29.2957142857143	60.7369892473118
6	94	28.9483333333333	60.4253457446809
5	95	29.056	60.3093947368421
4	96	28.685	59.9964322916667
3	97	28.5925	59.7915206185567
2	98	28.33375	59.6892346938775
1	99	28.21	59.3446717171717
0	100	0	59.11835
