num_of_always_defect	num_of_guilt_driven_amending	average_fitness_of_always_defect	average_fitness_of_guilt_driven_amending
100	0	0	0
99	1	0.853131313131312	-21.1175
98	2	1.70285714285714	-19.48625
97	3	2.56185567010309	-17.91
96	4	3.41447916666667	-16.406875
95	5	4.26978947368421	-14.73
94	6	5.13723404255319	-13.01625
93	7	5.98010752688172	-11.3
92	8	6.8529347826087	-9.6603125
91	9	7.6721978021978	-8.15333333333333
90	10	8.53666666666667	-6.57574999999999
89	11	9.36685393258427	-4.91659090909091
88	12	10.2682954545455	-3.54
87	13	11.1085057471264	-1.80115384615385
86	14	11.993023255814	-0.215892857142857
85	15	12.8271764705882	1.39666666666667
84	16	13.7061904761905	3.0853125
83	17	14.5161445783133	4.60235294117647
82	18	15.3573170731707	6.46013888888889
81	19	16.2281481481482	7.99381578947368
80	20	17.10875	9.558625
79	21	17.9545569620253	11.2513095238095
78	22	18.7860256410256	12.8598863636364
77	23	19.6872727272727	14.3013043478261
76	24	20.5309210526316	16.0139583333333
75	25	21.3825333333333	17.5914
74	26	22.2406756756757	19.2614423076923
73	27	23.0834246575342	20.9463888888889
72	28	23.9377777777778	22.6116964285714
71	29	24.786338028169	24.2899137931034
70	30	25.6568571428571	25.85725
69	31	26.5298550724638	27.2857258064516
68	32	27.3464705882353	28.979296875
67	33	28.2182089552239	30.8046212121212
66	34	29.055303030303	32.0588970588235
65	35	29.896	33.7438571428571
64	36	30.75859375	35.4420138888889
63	37	31.5696825396825	37.0575675675676
62	38	32.4762903225806	38.5688815789474
61	39	33.3618032786885	40.3327564102564
60	40	34.1976666666667	41.9175625
59	41	35.0338983050847	43.5778048780488
58	42	35.8979310344828	45.1444642857143
57	43	36.7031578947368	46.6291279069767
56	44	37.6303571428571	48.4145454545454
55	45	38.4341818181818	49.9858888888889
54	46	39.3081481481481	51.6005434782609
53	47	40.1488679245283	53.2585106382979
52	48	41.03	54.855
51	49	41.8560784313725	56.4887244897959
50	50	42.7272	58.0345
49	51	43.6375510204082	59.6175490196079
48	52	44.4595833333333	61.3098076923077
47	53	45.2568085106383	62.9118396226415
46	54	46.1756521739131	64.4452314814815
45	55	46.998	66.2192272727273
44	56	47.8943181818182	67.7963392857143
43	57	48.703488372093	69.3618859649123
42	58	49.5957142857143	71.0055603448276
41	59	50.4678048780488	72.6145338983051
40	60	51.36075	74.2303750000001
39	61	52.0641025641026	75.8327868852459
38	62	52.9997368421053	77.5029032258065
37	63	53.8797297297297	78.9763492063492
36	64	54.7427777777778	80.7174609375
35	65	55.524	82.2875384615384
34	66	56.5085294117647	84.0331439393939
33	67	57.2915151515151	85.5407089552239
32	68	58.0875	87.1222058823529
31	69	59.0712903225806	88.7798550724637
30	70	59.872	90.5866428571428
29	71	60.6924137931034	92.0717253521127
28	72	61.5885714285714	93.6154513888889
27	73	62.4022222222222	95.264897260274
26	74	63.3184615384615	96.9038851351352
25	75	64.2024	98.5268333333333
24	76	64.98	100.122532894737
23	77	65.82	101.708831168831
22	78	66.7618181818181	103.496858974359
21	79	67.5771428571428	105.038037974684
20	80	68.3205	106.581875
19	81	69.2468421052632	108.340987654321
18	82	70.1633333333334	109.810579268293
17	83	70.9458823529412	111.535060240964
16	84	71.73625	113.121785714286
15	85	72.486	114.800441176471
14	86	73.345	116.236569767442
13	87	74.5053846153846	118.012557471264
12	88	75.1875	119.649204545455
11	89	76.1881818181818	121.209550561798
10	90	76.856	122.805055555556
9	91	77.6844444444445	124.414175824176
8	92	78.73875	126.106005434783
7	93	79.5657142857143	127.656370967742
6	94	80.4	129.243138297872
5	95	81.262	130.890710526316
4	96	82.3625	132.564296875
3	97	82.9233333333333	134.131340206186
2	98	84.085	135.778392857143
1	99	84.85	137.405883838384
0	100	0	138.999725
