num_of_always_cooperate	num_of_guilt_driven_amending	average_fitness_of_always_cooperate	average_fitness_of_guilt_driven_amending
100	0	150	0
99	1	149.89898989899	152.4375
98	2	149.797653061224	152.3125
97	3	149.707525773196	152.216666666667
96	4	149.612083333333	152.000625
95	5	149.502	151.9045
94	6	149.398404255319	151.747916666667
93	7	149.320322580645	151.6325
92	8	149.219673913043	151.5171875
91	9	149.12043956044	151.365555555556
90	10	149.016666666667	151.1615
89	11	148.927191011236	151.043636363636
88	12	148.816477272727	150.905416666667
87	13	148.71367816092	150.801346153846
86	14	148.636162790698	150.672678571429
85	15	148.529529411765	150.5055
84	16	148.397976190476	150.3209375
83	17	148.31421686747	150.297647058824
82	18	148.228414634146	150.160972222222
81	19	148.134567901235	149.999736842105
80	20	148.04375	149.837875
79	21	147.934683544304	149.704523809524
78	22	147.841923076923	149.558181818182
77	23	147.735064935065	149.464456521739
76	24	147.673289473684	149.2815625
75	25	147.569466666667	149.2444
74	26	147.445675675676	149.098942307692
73	27	147.343150684932	148.858333333333
72	28	147.226527777778	148.745714285714
71	29	147.125774647887	148.560517241379
70	30	147.036857142857	148.500916666667
69	31	146.911739130435	148.353064516129
68	32	146.832794117647	148.241796875
67	33	146.736567164179	148.043106060606
66	34	146.640909090909	147.95375
65	35	146.562615384615	147.818142857143
64	36	146.47421875	147.712430555556
63	37	146.360793650794	147.556689189189
62	38	146.292419354839	147.417960526316
61	39	146.152459016393	147.31
60	40	146.1	147.10925
59	41	146.004915254237	147.020426829268
58	42	145.899655172414	146.906488095238
57	43	145.772456140351	146.741046511628
56	44	145.674464285714	146.608409090909
55	45	145.595272727273	146.469444444444
54	46	145.443333333333	146.367336956522
53	47	145.372641509434	146.188936170213
52	48	145.296346153846	146.05234375
51	49	145.168823529412	145.90056122449
50	50	145.1026	145.73625
49	51	144.963469387755	145.617647058824
48	52	144.867291666667	145.5025
47	53	144.758723404255	145.301226415094
46	54	144.661086956522	145.244166666667
45	55	144.603111111111	145.117545454545
44	56	144.457272727273	145.047321428571
43	57	144.422558139535	144.812149122807
42	58	144.321904761905	144.678836206897
41	59	144.209024390244	144.568983050847
40	60	144.0175	144.460333333333
39	61	143.999487179487	144.266762295082
38	62	143.895789473684	144.13310483871
37	63	143.821081081081	144.036388888889
36	64	143.699444444444	143.8867578125
35	65	143.594857142857	143.728115384615
34	66	143.472352941176	143.605340909091
33	67	143.417878787879	143.499291044776
32	68	143.2715625	143.353860294118
31	69	143.165806451613	143.206992753623
30	70	143.073	143.061142857143
29	71	143.005517241379	142.889154929578
28	72	142.951071428571	142.777048611111
27	73	142.840740740741	142.607671232877
26	74	142.705769230769	142.489155405405
25	75	142.6232	142.397
24	76	142.507916666667	142.229473684211
23	77	142.427826086957	142.093376623377
22	78	142.307272727273	141.94733974359
21	79	142.27	141.83746835443
20	80	142.122	141.7154375
19	81	141.977894736842	141.588086419753
18	82	141.966111111111	141.43637195122
17	83	141.795882352941	141.277439759036
16	84	141.7075	141.146398809524
15	85	141.598666666667	141.051117647059
14	86	141.522142857143	140.89726744186
13	87	141.415384615385	140.769712643678
12	88	141.296666666667	140.601875
11	89	141.23	140.490870786517
10	90	141.128	140.335861111111
9	91	141.006666666667	140.180989010989
8	92	140.945	140.087038043478
7	93	140.777142857143	139.957876344086
6	94	140.773333333333	139.775771276596
5	95	140.636	139.666736842105
4	96	140.5525	139.537395833333
3	97	140.45	139.412989690722
2	98	140.31	139.275357142857
1	99	140.26	139.121717171717
0	100	0	139.015925
