num_of_always_cooperate	num_of_TFT_with_trembling_hand	average_fitness_of_always_cooperate	average_fitness_of_TFT_with_trembling_hand
100	0	150	0
99	1	149.897272727273	152.5
98	2	149.802346938775	152.32625
97	3	149.698556701031	152.1625
96	4	149.582708333333	152.02125
95	5	149.490736842105	151.877
94	6	149.39914893617	151.663333333333
93	7	149.289677419355	151.494285714286
92	8	149.193043478261	151.3
91	9	149.101428571429	151.187777777778
90	10	148.998777777778	151.042
89	11	148.891685393259	150.880454545455
88	12	148.803295454545	150.732083333333
87	13	148.704827586207	150.532692307692
86	14	148.58	150.365714285714
85	15	148.487176470588	150.173166666667
84	16	148.37	150.01796875
83	17	148.290481927711	149.843970588235
82	18	148.172073170732	149.72125
81	19	148.078765432099	149.513026315789
80	20	147.984375	149.389875
79	21	147.880886075949	149.181547619048
78	22	147.784102564103	149.010568181818
77	23	147.668571428571	148.87847826087
76	24	147.582105263158	148.720625
75	25	147.453466666667	148.5885
74	26	147.365810810811	148.322115384615
73	27	147.264657534247	148.117037037037
72	28	147.157083333333	148.033928571429
71	29	147.070422535211	147.851293103448
70	30	146.944571428571	147.703916666667
69	31	146.865652173913	147.503951612903
68	32	146.776029411765	147.403671875
67	33	146.649850746269	147.21946969697
66	34	146.58196969697	147.070441176471
65	35	146.444	146.919071428571
64	36	146.33015625	146.694652777778
63	37	146.283015873016	146.565067567568
62	38	146.169677419355	146.371381578947
61	39	146.024426229508	146.226794871795
60	40	145.9875	146.0745625
59	41	145.847457627119	145.905731707317
58	42	145.761034482759	145.66
57	43	145.651578947368	145.5625
56	44	145.48875	145.368011363636
55	45	145.472727272727	145.171944444444
54	46	145.361111111111	144.993967391304
53	47	145.266603773585	144.917606382979
52	48	145.115	144.770520833333
51	49	145.06431372549	144.599642857143
50	50	144.97	144.3766
49	51	144.833265306122	144.139803921569
48	52	144.725208333333	144.068846153846
47	53	144.644468085106	143.845990566038
46	54	144.479782608696	143.638287037037
45	55	144.418888888889	143.569818181818
44	56	144.350454545455	143.345357142857
43	57	144.241860465116	143.186052631579
42	58	144.157142857143	142.982543103448
41	59	144.058048780488	142.901737288136
40	60	143.90125	142.702125
39	61	143.814615384615	142.607868852459
38	62	143.714210526316	142.42875
37	63	143.607837837838	142.255952380952
36	64	143.546111111111	142.01609375
35	65	143.443714285714	141.896346153846
34	66	143.307647058823	141.716212121212
33	67	143.237575757576	141.497686567164
32	68	143.16	141.346580882353
31	69	143.017096774194	141.203333333333
30	70	142.957	141.0845
29	71	142.864482758621	140.868415492958
28	72	142.7475	140.721076388889
27	73	142.595925925926	140.574006849315
26	74	142.505384615385	140.391554054054
25	75	142.424	140.151333333333
24	76	142.315416666667	140.013980263158
23	77	142.228260869565	139.931720779221
22	78	142.140454545455	139.714102564103
21	79	142.00619047619	139.580601265823
20	80	141.883	139.41175
19	81	141.792105263158	139.252716049383
18	82	141.728888888889	139.094969512195
17	83	141.666470588235	138.95484939759
16	84	141.46125	138.724880952381
15	85	141.414	138.578205882353
14	86	141.297142857143	138.406046511628
13	87	141.239230769231	138.265977011494
12	88	141.129166666667	138.053295454545
11	89	141.026363636364	137.914185393258
10	90	140.837	137.700138888889
9	91	140.796666666667	137.589368131868
8	92	140.74875	137.417798913044
7	93	140.53	137.23561827957
6	94	140.501666666667	137.096356382979
5	95	140.366	136.901868421053
4	96	140.3325	136.75875
3	97	140.18	136.581675257732
2	98	140.095	136.428520408163
1	99	140	136.218661616162
0	100	0	136.0715
