num_of_always_defect	num_of_TFT_with_trembling_hand	average_fitness_of_always_defect	average_fitness_of_TFT_with_trembling_hand
100	0	0	0
99	1	0.853939393939393	-21.1225
98	2	1.70724489795918	-19.52375
97	3	2.56587628865979	-17.8516666666667
96	4	3.42083333333333	-16.328125
95	5	4.26978947368421	-14.7085
94	6	5.12744680851064	-13.23125
93	7	6.00870967741935	-11.7546428571429
92	8	6.85478260869565	-10.033125
91	9	7.69428571428572	-8.3775
90	10	8.56244444444444	-6.9965
89	11	9.38808988764045	-5.3825
88	12	10.2436363636364	-3.68520833333333
87	13	11.1151724137931	-2.03288461538461
86	14	11.9582558139535	-0.629464285714286
85	15	12.8130588235294	1.04433333333333
84	16	13.6840476190476	2.6525
83	17	14.5272289156627	4.30308823529412
82	18	15.4313414634146	5.77986111111111
81	19	16.2683950617284	7.56
80	20	17.107	9.057625
79	21	17.9355696202532	10.514880952381
78	22	18.7974358974359	12.2836363636364
77	23	19.6862337662338	13.7230434782609
76	24	20.5093421052632	15.3028125
75	25	21.354	16.8933
74	26	22.2290540540541	18.4795192307692
73	27	23.0442465753425	20.0850925925926
72	28	23.935	21.6530357142857
71	29	24.7692957746479	23.2425
70	30	25.643	24.9656666666667
69	31	26.4820289855073	26.4445967741936
68	32	27.33	27.9990625
67	33	28.2179104477612	29.7118181818182
66	34	29.0927272727273	31.4160294117647
65	35	29.9306153846154	32.7777142857143
64	36	30.77953125	34.6893055555555
63	37	31.6287301587302	36.1652702702703
62	38	32.4516129032258	37.5555921052632
61	39	33.3439344262295	39.2705128205128
60	40	34.1858333333333	40.794125
59	41	35.1162711864407	42.4716463414634
58	42	35.8846551724138	43.8931547619048
57	43	36.7566666666667	45.5425581395349
56	44	37.6230357142857	47.1448295454546
55	45	38.4849090909091	48.6796111111111
54	46	39.292962962963	50.3646195652174
53	47	40.1607547169812	51.9637234042553
52	48	41.0346153846154	53.4082291666667
51	49	41.8666666666667	54.9589285714286
50	50	42.7112	56.65595
49	51	43.5908163265306	58.2189215686275
48	52	44.4675	59.8900480769231
47	53	45.3474468085106	61.5187264150943
46	54	46.1530434782609	63.0531944444445
45	55	47.0337777777778	64.6477272727273
44	56	47.8147727272727	66.1602232142857
43	57	48.7330232558139	67.7068421052632
42	58	49.567380952381	69.42375
41	59	50.360731707317	71.0281779661017
40	60	51.27225	72.6030833333333
39	61	52.105641025641	74.0287704918033
38	62	52.95	75.6778225806452
37	63	53.8364864864865	77.3602777777778
36	64	54.7402777777778	78.8244921875
35	65	55.6545714285714	80.5377692307693
34	66	56.3938235294118	82.0810984848485
33	67	57.3478787878788	83.5405597014925
32	68	58.1965625	85.1678676470588
31	69	58.9341935483871	86.9141666666667
30	70	59.8403333333334	88.4759285714286
29	71	60.6848275862069	90.0480281690141
28	72	61.5603571428571	91.6947569444445
27	73	62.4281481481481	93.1999657534247
26	74	63.1357692307692	94.8961824324324
25	75	64.0888	96.3619666666667
24	76	64.8825	98.0595394736843
23	77	65.8647826086956	99.5718181818182
22	78	66.7168181818182	101.117980769231
21	79	67.4795238095238	102.774367088608
20	80	68.3615	104.28396875
19	81	69.1657894736842	105.860679012346
18	82	70.1577777777778	107.581219512195
17	83	71.0158823529412	109.062259036145
16	84	71.7625	110.622351190476
15	85	72.598	112.207970588235
14	86	73.5278571428571	113.798488372093
13	87	74.2538461538462	115.468132183908
12	88	75.25	116.981676136364
11	89	75.9145454545454	118.661516853933
10	90	76.955	120.194666666667
9	91	77.8277777777777	121.762032967033
8	92	78.7325	123.336413043478
7	93	79.5614285714286	124.946962365591
6	94	80.4583333333333	126.536356382979
5	95	81.254	128.154342105263
4	96	82.0975	129.787760416667
3	97	83.0433333333333	131.358608247423
2	98	83.685	132.89887755102
1	99	84.5	134.509444444444
0	100	0	136.08565
