num_of_always_trembling	num_of_TFT_with_trembling_hand	average_fitness_of_always_trembling	average_fitness_of_TFT_with_trembling_hand
100	0	74.853475	0
99	1	75.3393181818182	65.1275
98	2	75.8545663265306	66.2325
97	3	76.2719587628866	67.1275
96	4	76.6921614583333	67.3975
95	5	76.8679473684211	68.044
94	6	77.36625	69.1770833333333
93	7	77.6737365591398	69.6821428571428
92	8	78.0215760869566	70.4459375
91	9	78.5932142857143	70.9208333333333
90	10	78.8855	72.11425
89	11	79.2024157303371	72.5265909090909
88	12	79.7635227272727	73.5954166666667
87	13	80.1141954022988	73.9586538461538
86	14	80.3436337209303	74.8278571428571
85	15	80.7600294117647	75.4161666666667
84	16	80.9970238095238	76.27046875
83	17	81.4906024096386	76.9623529411764
82	18	82.0380182926829	77.8270833333333
81	19	82.3927469135803	78.3003947368421
80	20	82.6365	79.023875
79	21	83.1242721518987	79.7058333333333
78	22	83.3723076923077	80.3357954545455
77	23	83.8405844155844	81.3123913043478
76	24	84.3239802631579	81.9488541666666
75	25	84.6207333333333	82.6132
74	26	85.050304054054	83.483076923077
73	27	85.331301369863	84.2016666666667
72	28	85.7362847222222	84.7755357142857
71	29	86.1581690140845	85.3693965517242
70	30	86.4523571428571	86.0888333333333
69	31	86.824347826087	86.9233064516129
68	32	87.2607352941177	87.530625
67	33	87.6512686567164	88.3875757575758
66	34	88.0111742424243	89.1229411764706
65	35	88.4808461538462	89.6895
64	36	88.854453125	90.5716666666666
63	37	89.1404365079365	91.2931756756757
62	38	89.7032258064516	91.816052631579
61	39	89.7922950819672	92.4705769230769
60	40	90.3116250000001	93.328375
59	41	90.7605084745763	93.9261585365854
58	42	91.1498275862069	94.71
57	43	91.6084649122807	95.5104651162791
56	44	92.0445982142857	95.9405681818182
55	45	92.2136818181818	96.9389444444445
54	46	92.6371759259259	97.6329891304348
53	47	93.1594339622642	98.3213829787234
52	48	93.3507692307692	99.03
51	49	93.8797549019608	99.7035714285714
50	50	94.11005	100.4332
49	51	94.4562755102041	101.089264705882
48	52	95.0177604166667	101.939471153846
47	53	95.1894680851064	102.544339622641
46	54	95.6380978260869	103.178842592593
45	55	96.0758333333333	103.905272727273
44	56	96.3486363636364	104.790089285714
43	57	96.8856395348838	105.485087719298
42	58	97.2042857142857	106.20474137931
41	59	97.5034146341463	106.767288135593
40	60	98.07125	107.632875
39	61	98.453717948718	108.246147540984
38	62	98.7994736842105	109.098709677419
37	63	98.9737162162162	109.690992063492
36	64	99.5183333333334	110.464765625
35	65	99.9245714285714	111.113192307692
34	66	100.280441176471	111.714053030303
33	67	100.655	112.579813432836
32	68	101.083984375	113.276727941176
31	69	101.232338709677	114.00384057971
30	70	101.731166666667	114.650035714286
29	71	102.218103448276	115.438978873239
28	72	102.460714285714	116.118506944444
27	73	103.025185185185	116.856061643836
26	74	103.470865384615	117.642195945946
25	75	103.6271	118.2788
24	76	104.335729166667	118.958519736842
23	77	104.399347826087	119.737564935065
22	78	104.89625	120.363205128205
21	79	105.258928571428	121.085126582278
20	80	105.671125	121.82596875
19	81	106.125526315789	122.552993827161
18	82	106.71	123.324207317073
17	83	106.806176470588	123.922259036145
16	84	107.2675	124.708601190476
15	85	107.538666666667	125.372411764706
14	86	107.955892857143	126.088720930233
13	87	108.470961538461	126.813333333333
12	88	108.744791666667	127.531278409091
11	89	109.176136363636	128.193735955056
10	90	109.6365	128.930944444444
9	91	110.309722222222	129.671428571429
8	92	110.3825	130.394320652174
7	93	110.678571428571	131.068198924731
6	94	111.12875	131.810239361702
5	95	111.0775	132.529157894737
4	96	112.065	133.316458333333
3	97	112.491666666667	133.948608247423
2	98	112.565	134.674923469388
1	99	112.355	135.399318181818
0	100	0	136.075
