num_of_always_defect	num_of_shame_driven_denying	average_fitness_of_always_defect	average_fitness_of_shame_driven_denying
100	0	0	0
99	1	0.858181818181818	-21.1825
98	2	1.71428571428572	-19.80375
97	3	2.56628865979381	-18.0616666666667
96	4	3.41833333333333	-16.57625
95	5	4.26936842105263	-15.1045
94	6	5.1318085106383	-13.4975
93	7	5.98365591397849	-12.225
92	8	6.85380434782609	-10.626875
91	9	7.70186813186813	-8.94722222222222
90	10	8.555	-7.4775
89	11	9.40516853932584	-5.71818181818182
88	12	10.26875	-4.3375
87	13	11.1236781609195	-2.81153846153846
86	14	12.0004651162791	-1.45964285714286
85	15	12.8310588235294	0.326666666666667
84	16	13.6709523809524	1.61265625
83	17	14.5336144578313	3.20220588235294
82	18	15.4140243902439	4.92805555555556
81	19	16.2665432098765	6.32907894736842
80	20	17.072625	8.034375
79	21	17.9305063291139	9.41809523809524
78	22	18.8078205128205	10.8664772727273
77	23	19.6872727272727	12.4470652173913
76	24	20.5046052631579	13.8948958333333
75	25	21.3973333333333	15.4098
74	26	22.1812162162162	16.9424038461538
73	27	23.0969863013699	18.5437962962963
72	28	23.9340277777778	20.0696428571429
71	29	24.7992957746479	21.4272413793103
70	30	25.6498571428571	22.9466666666667
69	31	26.5173913043478	24.6297580645161
68	32	27.2905882352941	26.0015625
67	33	28.2285074626866	27.5317424242424
66	34	29.0378787878788	29.1471323529412
65	35	29.9153846153846	30.6587142857143
64	36	30.7575	32.1520138888889
63	37	31.642380952381	33.6699324324324
62	38	32.458064516129	35.1573684210526
61	39	33.3411475409836	36.663717948718
60	40	34.1578333333333	38.3174375
59	41	35.0498305084746	39.8539634146341
58	42	35.8415517241379	41.27625
57	43	36.7614035087719	42.9695930232558
56	44	37.6155357142857	44.3863068181818
55	45	38.4450909090909	45.9191111111111
54	46	39.3233333333333	47.4623369565217
53	47	40.15	49.0029787234043
52	48	41.0467307692308	50.5500520833333
51	49	41.8894117647059	51.9008163265306
50	50	42.725	53.50435
49	51	43.5642857142857	54.895
48	52	44.3833333333333	56.4078365384615
47	53	45.3148936170213	57.9178773584905
46	54	46.1223913043478	59.645
45	55	47.0275555555555	61.1197272727273
44	56	47.8611363636364	62.5930357142857
43	57	48.7658139534884	64.208201754386
42	58	49.5561904761905	65.7875
41	59	50.4280487804878	67.1194491525424
40	60	51.29625	68.7030833333333
39	61	52.1392307692308	70.4397950819672
38	62	53.0294736842105	71.7103225806452
37	63	53.8291891891892	73.2837301587302
36	64	54.6741666666667	74.756015625
35	65	55.566	76.33
34	66	56.4588235294118	77.787196969697
33	67	57.2290909090909	79.406604477612
32	68	58.2125	80.8354779411765
31	69	58.9380645161291	82.4733695652174
30	70	59.8786666666667	83.9633571428571
29	71	60.6837931034483	85.5382042253521
28	72	61.5657142857143	87.0370486111111
27	73	62.3996296296296	88.4494178082192
26	74	63.2976923076923	90.0805405405406
25	75	64.076	91.5295333333333
24	76	65.0033333333333	93.0025
23	77	65.8934782608696	94.6033766233766
22	78	66.7318181818182	96.0566666666666
21	79	67.4680952380953	97.7193670886076
20	80	68.4535	99.171625
19	81	69.3057894736842	100.685679012346
18	82	70.0072222222222	102.283993902439
17	83	70.9376470588235	103.701626506024
16	84	71.78625	105.212232142857
15	85	72.682	106.684588235294
14	86	73.4564285714285	108.242558139535
13	87	74.3769230769231	109.885603448276
12	88	75.2283333333334	111.453068181818
11	89	76.0736363636363	112.827612359551
10	90	76.782	114.368611111111
9	91	77.8688888888889	116.101593406593
8	92	78.66875	117.513967391304
7	93	79.4885714285714	119.015188172043
6	94	80.4583333333333	120.526462765957
5	95	81.246	122.080789473684
4	96	81.9475	123.524791666667
3	97	82.9233333333333	125.116340206186
2	98	83.73	126.636887755102
1	99	84.67	128.105378787879
0	100	0	129.641525
