num_of_always_cooperate	num_of_Pavlov	average_fitness_of_always_cooperate	average_fitness_of_Pavlov
100	0	150	0
99	1	149.814848484848	172.795
98	2	149.612959183673	172.4425
97	3	149.430618556701	172.743333333333
96	4	149.255	172.281875
95	5	149.041052631579	171.717
94	6	148.882553191489	170.9775
93	7	148.698709677419	170.321428571429
92	8	148.488804347826	169.8490625
91	9	148.311428571429	169.238888888889
90	10	148.107	168.34675
89	11	147.947640449438	167.834090909091
88	12	147.776931818182	167.179166666667
87	13	147.528735632184	166.724615384615
86	14	147.33488372093	165.968035714286
85	15	147.174117647059	165.402
84	16	146.994523809524	164.63109375
83	17	146.811445783133	164.434558823529
82	18	146.694146341463	163.904027777778
81	19	146.375555555555	163.034736842105
80	20	146.227875	162.619625
79	21	146.072784810127	161.953333333333
78	22	145.831153846154	161.456136363636
77	23	145.698311688312	160.889891304348
76	24	145.467236842105	160.255729166667
75	25	145.318	159.6609
74	26	145.133108108108	159.368173076923
73	27	144.903150684932	158.503611111111
72	28	144.726944444444	157.956875
71	29	144.558450704225	157.42775862069
70	30	144.358571428571	156.743166666667
69	31	144.141594202899	156.349516129032
68	32	143.967058823529	155.784453125
67	33	143.751492537313	155.130757575758
66	34	143.557727272727	154.457941176471
65	35	143.381230769231	153.883071428571
64	36	143.2878125	153.473333333333
63	37	143.04253968254	152.751554054054
62	38	142.825483870968	152.150328947368
61	39	142.713606557377	151.651153846154
60	40	142.485333333333	151.0295
59	41	142.260677966102	150.549146341463
58	42	142.138275862069	150.075
57	43	141.952631578947	149.415465116279
56	44	141.704107142857	148.956420454546
55	45	141.460363636364	148.087833333333
54	46	141.332407407407	147.680923913044
53	47	141.204339622642	147.18579787234
52	48	140.988846153846	146.485052083333
51	49	140.796470588235	145.982295918367
50	50	140.6078	145.38015
49	51	140.461020408163	144.691715686275
48	52	140.331458333333	144.089759615385
47	53	140.165531914894	143.454481132076
46	54	139.804347826087	143.074537037037
45	55	139.654222222222	142.47
44	56	139.474318181818	141.904910714286
43	57	139.178372093023	141.299254385965
42	58	139.078095238095	140.750603448276
41	59	139.051951219512	140.059194915254
40	60	138.67525	139.526875
39	61	138.479743589744	138.859713114754
38	62	138.322368421053	138.3575
37	63	138.235945945946	137.719404761905
36	64	137.893611111111	137.1841015625
35	65	137.885142857143	136.553884615385
34	66	137.661470588235	135.94696969697
33	67	137.347878787879	135.494029850746
32	68	137.1625	134.774375
31	69	136.965161290323	134.222028985507
30	70	136.91	133.567035714286
29	71	136.717931034483	133.062042253521
28	72	136.621785714286	132.567777777778
27	73	136.262592592593	131.916643835616
26	74	136.078846153846	131.232263513513
25	75	135.8436	130.730533333333
24	76	135.686666666667	130.012138157895
23	77	135.77	129.547597402597
22	78	135.163636363636	128.9175
21	79	135.062380952381	128.265063291139
20	80	134.938	127.67075
19	81	134.795263157895	127.241481481482
18	82	134.582222222222	126.600884146341
17	83	134.402352941176	125.964487951807
16	84	134.4275	125.391369047619
15	85	134.111333333333	124.877735294118
14	86	133.678571428571	124.176656976744
13	87	133.614615384615	123.619971264368
12	88	133.401666666667	122.902897727273
11	89	133.172727272727	122.330674157303
10	90	132.952	121.885166666667
9	91	132.966666666667	121.20956043956
8	92	132.59625	120.701141304348
7	93	132.402857142857	119.923844086022
6	94	132.305	119.412074468085
5	95	131.942	118.861815789474
4	96	132.0325	118.290598958333
3	97	131.663333333333	117.695979381443
2	98	131.15	117.015382653061
1	99	131.36	116.48648989899
0	100	0	115.893975
