num_of_always_defect	num_of_shame_driven_hiding	average_fitness_of_always_defect	average_fitness_of_shame_driven_hiding
100	0	0	0
99	1	0.854343434343434	-21.0875
98	2	1.7115306122449	-19.56625
97	3	2.56123711340206	-18.0958333333333
96	4	3.41958333333333	-16.598125
95	5	4.26905263157895	-15.0345
94	6	5.12574468085107	-13.39375
93	7	5.98462365591398	-12.0492857142857
92	8	6.82826086956522	-10.4025
91	9	7.69956043956044	-9.00805555555555
90	10	8.55177777777777	-7.40425
89	11	9.39651685393258	-5.77477272727273
88	12	10.2476136363636	-4.23291666666667
87	13	11.1070114942529	-2.83980769230769
86	14	11.9733720930233	-1.23910714285714
85	15	12.8429411764706	0.362
84	16	13.6758333333333	1.88984375
83	17	14.5238554216867	3.15632352941176
82	18	15.4113414634146	4.95055555555556
81	19	16.2541975308642	6.35263157894737
80	20	17.106625	8.11750000000001
79	21	17.9511392405063	9.68190476190477
78	22	18.805	11.095
77	23	19.6533766233766	12.7927173913043
76	24	20.4793421052632	14.3516666666667
75	25	21.3581333333333	16.0179
74	26	22.2294594594595	17.5476923076923
73	27	23.0932876712329	19.2358333333333
72	28	23.9068055555555	20.4990178571429
71	29	24.7811267605634	22.2020689655172
70	30	25.6188571428571	23.8306666666667
69	31	26.5030434782609	25.441935483871
68	32	27.3155882352941	27.09109375
67	33	28.1670149253731	28.4479545454545
66	34	29.0518181818182	30.1230147058824
65	35	29.8896923076923	31.7200714285714
64	36	30.7446875	33.3038194444444
63	37	31.6328571428571	34.8082432432432
62	38	32.4829032258064	36.5917105263158
61	39	33.3396721311475	38.3364743589743
60	40	34.1813333333333	39.894625
59	41	35.0505084745763	41.6275609756098
58	42	35.935	43.2656547619048
57	43	36.7608771929825	44.7886046511628
56	44	37.6133928571429	46.2484090909091
55	45	38.3974545454546	47.8511666666666
54	46	39.2733333333334	49.6092391304348
53	47	40.1945283018868	51.1654787234043
52	48	41.0142307692308	52.929375
51	49	41.8292156862745	54.5853571428571
50	50	42.7942	56.174
49	51	43.65	57.8585784313726
48	52	44.4514583333333	59.4332692307692
47	53	45.2706382978723	61.0737735849056
46	54	46.0647826086957	62.7393518518518
45	55	47.0175555555556	64.3222727272727
44	56	47.8413636363637	66.0349107142857
43	57	48.7393023255814	67.7538157894737
42	58	49.52	69.396724137931
41	59	50.4712195121951	71.0622457627119
40	60	51.31675	72.7012916666667
39	61	52.1230769230769	74.4061475409836
38	62	52.9715789473684	76.0209274193548
37	63	53.8172972972973	77.8673015873016
36	64	54.7386111111111	79.4366015625
35	65	55.5665714285714	81.1176153846154
34	66	56.3173529411765	82.8798863636364
33	67	57.2433333333334	84.4755597014925
32	68	58.163125	86.2249264705882
31	69	58.9451612903226	87.8950362318841
30	70	59.92	89.7176428571429
29	71	60.7313793103448	91.369823943662
28	72	61.5360714285714	93.0351388888889
27	73	62.3940740740741	94.8305136986301
26	74	63.2338461538462	96.5073310810811
25	75	64.0812	98.2274333333334
24	76	64.9366666666667	99.9690789473684
23	77	65.8178260869565	101.689383116883
22	78	66.7209090909091	103.41125
21	79	67.597619047619	105.102563291139
20	80	68.349	106.9378125
19	81	69.2515789473684	108.642808641975
18	82	70.0644444444444	110.371067073171
17	83	70.9494117647059	112.113222891566
16	84	71.760625	113.919672619048
15	85	72.6133333333334	115.712794117647
14	86	73.6192857142857	117.376046511628
13	87	74.3153846153846	119.177413793103
12	88	75.2683333333333	120.975454545455
11	89	75.95	122.716292134832
10	90	77.15	124.536527777778
9	91	77.6233333333333	126.258214285714
8	92	78.52875	128.057934782609
7	93	79.4314285714286	129.858951612903
6	94	80.4216666666667	131.593244680851
5	95	81.34	133.484236842105
4	96	81.945	135.229088541667
3	97	82.87	137.080798969072
2	98	83.53	138.891734693878
1	99	84.77	140.689545454545
0	100	0	142.5
