num_of_always_trembling	num_of_guilt_driven_amending	average_fitness_of_always_trembling	average_fitness_of_guilt_driven_amending
100	0	74.935575	0
99	1	75.3779545454545	66.6225
98	2	75.6772448979592	65.80375
97	3	76.0715979381443	66.8108333333334
96	4	76.5733333333333	67.29625
95	5	76.8903421052632	68.2285
94	6	77.4301329787234	69.3254166666667
93	7	77.8186827956989	69.8739285714286
92	8	78.0976630434782	70.4890625
91	9	78.469478021978	71.0327777777778
90	10	78.8283611111111	71.976
89	11	79.2874719101123	72.7886363636364
88	12	79.8374147727273	73.4325
87	13	79.9837356321839	74.2769230769231
86	14	80.4439534883721	74.9748214285714
85	15	80.9252647058823	75.7846666666667
84	16	81.2622023809524	76.5803125
83	17	81.6945180722892	77.3466176470588
82	18	82.0971036585366	77.8665277777778
81	19	82.3914814814815	78.4521052631579
80	20	82.7571875	79.5165
79	21	83.2446518987342	80.1876190476191
78	22	83.5544230769231	80.9043181818182
77	23	83.8842532467532	81.5108695652174
76	24	84.3232236842105	82.5372916666667
75	25	84.7175333333334	83.3629
74	26	84.9152364864865	83.9702884615385
73	27	85.5431164383562	84.7189814814815
72	28	85.9060763888889	85.535
71	29	86.2065845070423	86.0451724137932
70	30	86.7603214285714	86.85625
69	31	86.9723188405797	87.7817741935484
68	32	87.4892647058823	88.47796875
67	33	87.8859701492537	89.2130303030303
66	34	88.214696969697	89.8479411764706
65	35	88.4668461538462	90.5530714285714
64	36	88.8973046875	91.2227777777778
63	37	89.3789682539682	92.1335810810811
62	38	89.9026612903226	92.8880921052631
61	39	90.0679098360656	93.6398076923077
60	40	90.5912916666667	94.3555
59	41	91.0318220338983	95.047256097561
58	42	91.3731465517241	95.7930952380953
57	43	91.7487719298246	96.5808139534884
56	44	92.1295535714286	97.3778977272727
55	45	92.5875454545455	98.0130555555556
54	46	92.8564351851852	98.6796195652174
53	47	93.3592924528302	99.5962765957447
52	48	93.6519711538461	100.470729166667
51	49	94.1564215686275	101.116071428571
50	50	94.46555	101.8788
49	51	94.8209183673469	102.472156862745
48	52	95.2590104166666	103.086634615385
47	53	95.7412765957447	103.961650943396
46	54	96.0177173913044	104.816990740741
45	55	96.3547222222222	105.561272727273
44	56	96.8780113636364	106.273526785714
43	57	97.1104069767442	106.917149122807
42	58	97.5519047619048	107.730129310345
41	59	97.909512195122	108.451144067797
40	60	98.3240625	109.333458333333
39	61	98.7792948717948	110.030409836066
38	62	99.319802631579	110.725927419355
37	63	99.3868243243243	111.447738095238
36	64	99.8496527777778	112.213984375
35	65	100.56	112.981923076923
34	66	100.899044117647	113.610757575758
33	67	100.846363636364	114.405746268657
32	68	101.2990625	115.298897058823
31	69	101.805806451613	115.937536231884
30	70	102.178583333333	116.573571428571
29	71	102.649568965517	117.358309859155
28	72	103.0375	118.265347222222
27	73	103.432037037037	119.005034246575
26	74	103.682019230769	119.639189189189
25	75	104.2935	120.481466666667
24	76	104.93375	121.085921052632
23	77	105.081739130435	121.876493506494
22	78	105.528636363636	122.641923076923
21	79	105.840357142857	123.365094936709
20	80	106.0785	124.06415625
19	81	106.711447368421	124.882469135802
18	82	106.945138888889	125.574664634146
17	83	107.162941176471	126.367048192771
16	84	107.78578125	127.145059523809
15	85	107.949166666667	127.839264705882
14	86	108.30875	128.616308139535
13	87	108.793461538462	129.262040229885
12	88	109.588541666667	130.045369318182
11	89	109.754772727273	130.797752808989
10	90	110.02	131.489055555556
9	91	110.416388888889	132.258351648352
8	92	110.8228125	133.010108695652
7	93	111.439285714286	133.730215053763
6	94	111.405	134.523111702128
5	95	111.917	135.283315789474
4	96	112.546875	136.019401041667
3	97	112.759166666667	136.701134020619
2	98	113.47125	137.496760204082
1	99	113.065	138.23101010101
0	100	0	138.9765
