num_of_always_cooperate	num_of_shame_driven_hiding	average_fitness_of_always_cooperate	average_fitness_of_shame_driven_hiding
100	0	150	0
99	1	149.908080808081	152.5
98	2	149.809897959184	152.4
97	3	149.707216494845	152.293333333333
96	4	149.604479166667	152.2275
95	5	149.521263157895	152.116
94	6	149.424680851064	152.026666666667
93	7	149.319032258065	151.864285714286
92	8	149.219782608696	151.82
91	9	149.122967032967	151.705555555556
90	10	149.038555555556	151.612
89	11	148.927865168539	151.484545454545
88	12	148.838863636364	151.421666666667
87	13	148.742298850575	151.351538461538
86	14	148.638488372093	151.199285714286
85	15	148.548	151.126666666667
84	16	148.431428571429	151.05875
83	17	148.350963855422	150.905294117647
82	18	148.263902439024	150.822222222222
81	19	148.158518518519	150.703157894737
80	20	148.0555	150.628
79	21	147.938481012658	150.549047619048
78	22	147.853076923077	150.445454545455
77	23	147.783766233766	150.304347826087
76	24	147.67447368421	150.206666666667
75	25	147.5772	150.1644
74	26	147.474054054054	150.07
73	27	147.381506849315	150.009259259259
72	28	147.275833333333	149.862142857143
71	29	147.164647887324	149.769310344828
70	30	147.074428571429	149.676333333333
69	31	146.967971014493	149.535161290323
68	32	146.8625	149.4728125
67	33	146.776119402985	149.323333333333
66	34	146.689848484848	149.25
65	35	146.571076923077	149.158857142857
64	36	146.47953125	149.036111111111
63	37	146.397619047619	148.954324324324
62	38	146.285483870968	148.852368421053
61	39	146.180819672131	148.774102564103
60	40	146.056166666667	148.66375
59	41	146.001355932203	148.569512195122
58	42	145.882068965517	148.441666666667
57	43	145.816666666667	148.338604651163
56	44	145.661607142857	148.226818181818
55	45	145.584	148.133555555556
54	46	145.463333333333	148.052173913043
53	47	145.402452830189	147.962978723404
52	48	145.271346153846	147.840625
51	49	145.149607843137	147.767755102041
50	50	145.0708	147.7102
49	51	144.972857142857	147.559411764706
48	52	144.8525	147.436923076923
47	53	144.778510638298	147.351509433962
46	54	144.631086956522	147.251666666667
45	55	144.534666666667	147.141636363636
44	56	144.468181818182	147.049464285714
43	57	144.358372093023	146.916140350877
42	58	144.325714285714	146.852068965517
41	59	144.141219512195	146.741694915254
40	60	144.08575	146.697833333333
39	61	143.935128205128	146.541147540984
38	62	143.856315789474	146.420483870968
37	63	143.746486486486	146.369523809524
36	64	143.642222222222	146.2815625
35	65	143.55	146.132769230769
34	66	143.435588235294	146.046666666667
33	67	143.316666666667	145.927611940299
32	68	143.2259375	145.825
31	69	143.144838709677	145.761739130435
30	70	143.027666666667	145.622714285714
29	71	142.896896551724	145.508450704225
28	72	142.825714285714	145.409305555556
27	73	142.725925925926	145.318219178082
26	74	142.606538461538	145.200540540541
25	75	142.5572	145.114533333333
24	76	142.393333333333	144.996447368421
23	77	142.327391304348	144.885064935065
22	78	142.216363636364	144.782435897436
21	79	142.110476190476	144.679113924051
20	80	142.0015	144.59125
19	81	141.879473684211	144.496296296296
18	82	141.812777777778	144.391097560976
17	83	141.667058823529	144.292168674699
16	84	141.549375	144.159285714286
15	85	141.490666666667	144.066823529412
14	86	141.372142857143	143.946395348837
13	87	141.286153846154	143.863678160919
12	88	141.153333333333	143.749318181818
11	89	141.058181818182	143.649662921348
10	90	141.004	143.557
9	91	140.838888888889	143.441428571429
8	92	140.78125	143.337173913044
7	93	140.655714285714	143.224193548387
6	94	140.521666666667	143.123723404255
5	95	140.382	143.008421052632
4	96	140.3525	142.9225
3	97	140.193333333333	142.81793814433
2	98	140.105	142.711326530612
1	99	140	142.603232323232
0	100	0	142.5
