num_of_always_trembling	num_of_Pavlov	average_fitness_of_always_trembling	average_fitness_of_Pavlov
100	0	74.775125	0
99	1	75.3490404040404	74.85
98	2	75.7595918367347	75.81375
97	3	76.0685567010309	75.9933333333333
96	4	76.5819270833333	75.584375
95	5	76.9777105263157	76.507
94	6	77.2347872340425	76.5675
93	7	77.7100537634408	77.2592857142857
92	8	78.0675	77.819375
91	9	78.4084615384615	77.5913888888889
90	10	79.0398611111111	78.09675
89	11	79.2720786516853	79.0029545454546
88	12	79.7367613636364	79.1864583333334
87	13	80.1597988505747	79.5198076923077
86	14	80.5519186046512	80.0766071428572
85	15	80.8018823529412	80.559
84	16	81.2539285714285	80.704375
83	17	81.7256927710844	81.0579411764706
82	18	81.9739024390244	81.6819444444444
81	19	82.5172530864198	82.3305263157895
80	20	82.6754375	82.455125
79	21	83.1865506329114	82.7621428571429
78	22	83.6051923076923	83.1178409090909
77	23	83.8998376623377	83.4009782608696
76	24	84.4112171052632	83.6978125
75	25	84.9175666666667	84.1626999999999
74	26	85.2249324324325	84.6241346153846
73	27	85.6261643835616	85.2088888888889
72	28	85.9473263888889	85.8016071428572
71	29	86.3492957746479	85.9438793103448
70	30	86.6760357142857	86.4453333333334
69	31	87.1322101449276	86.93
68	32	87.4719852941176	87.2078125
67	33	87.9311194029851	87.6473484848485
66	34	88.1267803030303	87.9247058823529
65	35	88.6623076923077	88.3719285714286
64	36	88.9859765625	88.8863888888889
63	37	89.528253968254	89.0927027027027
62	38	89.7775403225806	89.7317105263158
61	39	90.3252868852459	89.9591025641026
60	40	90.650625	90.5503125
59	41	91.1363559322034	90.8701219512194
58	42	91.2915086206897	91.1975
57	43	91.7495175438597	91.8266860465116
56	44	92.3087053571429	92.1801136363637
55	45	92.5405909090909	92.4571666666667
54	46	93.0165740740741	92.6783695652174
53	47	93.3780660377359	93.1546276595744
52	48	93.6851923076923	93.651875
51	49	94.1621568627451	94.0730102040817
50	50	94.43505	94.42495
49	51	94.8827040816327	95.0110294117647
48	52	95.29390625	95.1000961538462
47	53	95.7724999999999	95.8512735849056
46	54	96.2898369565217	96.0802314814815
45	55	96.3206111111111	96.5085
44	56	96.8890909090909	96.8335714285714
43	57	97.3765697674418	97.1846052631579
42	58	97.8067261904762	97.798275862069
41	59	98.0709756097561	98.0720338983051
40	60	98.412375	98.526125
39	61	98.9416025641026	98.8759426229508
38	62	99.3455921052631	99.26125
37	63	99.7285135135135	99.7121428571428
36	64	100.030625	100.069921875
35	65	100.297642857143	100.525307692308
34	66	100.665441176471	101.155643939394
33	67	101.270303030303	101.470298507463
32	68	101.44078125	101.677683823529
31	69	101.934193548387	102.182137681159
30	70	102.285916666667	102.616071428571
29	71	102.77775862069	102.998591549296
28	72	103.200892857143	103.556006944444
27	73	103.467037037037	103.797842465753
26	74	103.902403846154	104.210506756757
25	75	104.2986	104.64
24	76	104.713125	105.165625
23	77	105.07152173913	105.460097402597
22	78	105.29125	105.948942307692
21	79	105.856785714286	106.329651898734
20	80	106.249125	106.648375
19	81	106.496973684211	107.299814814815
18	82	107.020833333333	107.666158536585
17	83	107.569852941176	108.031325301205
16	84	107.631875	108.565892857143
15	85	108.313833333333	108.885088235294
14	86	108.864464285714	109.457354651163
13	87	109.273076923077	109.79658045977
12	88	109.606041666667	110.265056818182
11	89	109.916590909091	110.692471910112
10	90	110.11525	111.185777777778
9	91	110.745555555556	111.615384615385
8	92	110.8178125	112.138668478261
7	93	111.258928571429	112.496532258065
6	94	111.737083333333	112.988457446808
5	95	112.0865	113.446368421053
4	96	112.62625	114.05734375
3	97	112.983333333333	114.41824742268
2	98	113.695	114.905765306122
1	99	113.815	115.363661616162
0	100	0	115.96655
