num_of_always_trembling	num_of_shame_driven_hiding	average_fitness_of_always_trembling	average_fitness_of_shame_driven_hiding
100	0	74.919225	0
99	1	75.3261616161616	64.5425
98	2	75.8193367346939	66.20125
97	3	76.0959020618557	67.2841666666666
96	4	76.4305208333334	68.09375
95	5	76.6816578947368	68.7275
94	6	77.1966489361702	69.12375
93	7	77.5590053763441	69.8532142857143
92	8	78.119375	70.7971875
91	9	78.3466208791209	71.3047222222223
90	10	78.6519166666667	72.0755
89	11	79.0636235955056	72.8829545454546
88	12	79.3759375	73.6572916666667
87	13	79.9107471264368	74.4592307692308
86	14	80.2297965116279	75.3601785714285
85	15	80.6185	76.1691666666666
84	16	80.8623214285714	76.4759375
83	17	81.3999397590361	77.6544117647058
82	18	81.7564329268293	78.1886111111111
81	19	82.1771913580247	78.8536842105263
80	20	82.431375	79.5145
79	21	82.8133860759494	80.1190476190476
78	22	83.2951282051282	81.4056818181818
77	23	83.5846428571428	81.8175000000001
76	24	84.0327960526316	82.685625
75	25	84.488	83.3918
74	26	84.5825675675676	83.9360576923077
73	27	85.0990410958904	84.7349074074074
72	28	85.5030208333334	85.6075892857143
71	29	85.8709859154929	86.4749137931034
70	30	86.3066785714286	87.2200833333333
69	31	86.616268115942	87.8323387096774
68	32	86.7551838235294	88.576953125
67	33	87.4467164179104	89.4895454545454
66	34	87.751856060606	90.0336764705882
65	35	87.9598076923077	90.7455
64	36	88.550859375	91.6354861111111
63	37	88.8155952380952	92.4788513513514
62	38	89.2341935483871	93.2067763157895
61	39	89.5335245901639	93.9985256410257
60	40	89.9240833333334	94.4126250000001
59	41	90.356906779661	95.4750609756097
58	42	90.6231896551724	96.1174404761904
57	43	90.9570175438597	96.8838372093023
56	44	91.4524553571429	97.6691477272727
55	45	91.7555909090909	98.4112222222222
54	46	92.3353703703703	99.181847826087
53	47	92.5594811320755	99.9966489361702
52	48	92.9262019230769	100.745520833333
51	49	93.253431372549	101.53112244898
50	50	93.7285	102.30705
49	51	94.0993367346939	103.227107843137
48	52	94.5782291666667	103.876538461538
47	53	94.7207446808511	104.545424528302
46	54	95.2452173913043	105.375046296296
45	55	95.6712777777778	106.278863636364
44	56	95.8221590909091	106.925133928571
43	57	96.5294186046512	107.775087719298
42	58	96.7905357142857	108.6425
41	59	97.2811585365854	109.187415254237
40	60	97.3423125	110.053666666667
39	61	98.0453846153846	110.821352459016
38	62	98.0680921052631	111.722701612903
37	63	98.8127027027027	112.49873015873
36	64	99.0376388888889	113.2209765625
35	65	99.337	114.017807692308
34	66	99.7514705882353	114.813939393939
33	67	100.042878787879	115.626268656716
32	68	100.433515625	116.350330882353
31	69	100.867741935484	117.20731884058
30	70	101.16275	117.982785714286
29	71	101.593534482759	118.845035211268
28	72	102.147857142857	119.479548611111
27	73	102.406481481481	120.418390410959
26	74	102.742692307692	121.195067567568
25	75	103.0348	122.0321
24	76	103.500208333333	122.805953947368
23	77	103.891630434783	123.607597402597
22	78	104.208295454545	124.411826923077
21	79	104.684523809524	125.275727848101
20	80	105.0345	126.0316875
19	81	105.577631578947	126.871944444444
18	82	105.768333333333	127.674969512195
17	83	106.257794117647	128.541897590361
16	84	106.44921875	129.278571428571
15	85	106.771166666667	130.137529411765
14	86	107.2525	130.943953488372
13	87	107.656730769231	131.648275862069
12	88	107.865625	132.581022727273
11	89	108.597727272727	133.496039325843
10	90	108.50975	134.197611111111
9	91	108.9775	135.018873626374
8	92	109.3846875	135.846902173913
7	93	109.943214285714	136.688682795699
6	94	110.4575	137.475957446808
5	95	110.9405	138.329868421053
4	96	111.164375	139.170885416667
3	97	111.093333333333	139.992783505155
2	98	111.885	140.849362244898
1	99	111.49	141.671414141414
0	100	0	142.5
