num_of_guilt_driven_amending	num_of_Pavlov	average_fitness_of_guilt_driven_amending	average_fitness_of_Pavlov
100	0	139.008925	0
99	1	138.900429292929	115.0975
98	2	138.85375	115.82
97	3	138.760335051546	116.1125
96	4	138.667838541667	115.9825
95	5	138.572894736842	115.6385
94	6	138.506276595745	115.4875
93	7	138.415161290323	115.8675
92	8	138.351603260869	115.67875
91	9	138.282335164835	115.6
90	10	138.224944444444	115.49775
89	11	138.138792134832	115.875454545455
88	12	138.027755681818	115.964166666667
87	13	137.953764367816	115.820769230769
86	14	137.901889534884	115.606071428571
85	15	137.805147058824	115.761
84	16	137.736547619048	115.96
83	17	137.643945783133	115.748235294118
82	18	137.540731707317	115.748611111111
81	19	137.514969135802	115.86447368421
80	20	137.39675	115.56275
79	21	137.30420886076	115.75869047619
78	22	137.252916666667	115.72875
77	23	137.171071428571	115.556739130435
76	24	137.144111842105	115.552291666667
75	25	137.003266666667	115.7417
74	26	136.973783783784	115.494711538462
73	27	136.844760273973	115.553888888889
72	28	136.814201388889	115.814821428571
71	29	136.677711267606	115.625086206896
70	30	136.648642857143	115.963916666667
69	31	136.54615942029	115.815564516129
68	32	136.456323529412	115.82375
67	33	136.359253731343	115.752348484848
66	34	136.311287878788	115.780735294118
65	35	136.216423076923	115.900928571429
64	36	136.199765625	115.799861111111
63	37	136.070793650794	115.906148648649
62	38	135.980322580645	115.813092105263
61	39	135.934795081967	116.054807692308
60	40	135.817875	115.812375
59	41	135.739279661017	115.553902439024
58	42	135.615732758621	115.797916666667
57	43	135.590350877193	115.960930232558
56	44	135.507366071429	115.614829545454
55	45	135.450818181818	115.673833333333
54	46	135.390462962963	115.91125
53	47	135.201933962264	115.844414893617
52	48	135.218413461538	115.824635416667
51	49	135.131421568627	115.664030612245
50	50	135.0981	115.74535
49	51	134.9975	115.870539215686
48	52	134.874427083333	115.989326923077
47	53	134.743670212766	115.824905660377
46	54	134.802445652174	115.816527777778
45	55	134.6475	115.795545454545
44	56	134.624375	115.806785714286
43	57	134.515988372093	115.813333333333
42	58	134.421547619048	115.669525862069
41	59	134.366097560976	115.77593220339
40	60	134.309375	115.855625
39	61	134.231794871795	115.7825
38	62	134.111710526316	115.888669354839
37	63	134.026148648649	115.653055555556
36	64	134.014305555556	115.9815625
35	65	133.873428571429	115.772307692308
34	66	133.673602941177	115.91321969697
33	67	133.705378787879	115.912201492537
32	68	133.580546875	116.011801470588
31	69	133.562661290323	115.998369565217
30	70	133.430666666667	115.796035714286
29	71	133.374310344828	115.89823943662
28	72	133.28625	115.770069444444
27	73	133.330185185185	115.805993150685
26	74	133.074038461538	116.063885135135
25	75	133.0823	115.847133333333
24	76	132.9484375	115.957697368421
23	77	133.01097826087	115.767435064935
22	78	132.812954545455	115.889967948718
21	79	132.759047619048	115.874335443038
20	80	132.697	115.8884375
19	81	132.513815789474	115.931234567901
18	82	132.489027777778	115.789481707317
17	83	132.375882352941	115.875180722892
16	84	132.233125	115.939880952381
15	85	132.295833333333	115.796029411765
14	86	132.316071428571	115.996569767442
13	87	132.246153846154	115.935373563218
12	88	131.911041666667	115.991534090909
11	89	131.766136363636	115.94106741573
10	90	131.9455	115.849722222222
9	91	131.836111111111	115.95782967033
8	92	131.8271875	115.833804347826
7	93	131.557142857143	115.826370967742
6	94	131.615416666667	115.874414893617
5	95	131.466	115.846210526316
4	96	131.480625	115.959973958333
3	97	131.283333333333	115.825103092783
2	98	131.38375	115.829030612245
1	99	130.7625	116.052398989899
0	100	0	115.8945
