num_of_shame_driven_hiding	num_of_shame_driven_denying	average_fitness_of_shame_driven_hiding	average_fitness_of_shame_driven_denying
100	0	142.5	0
99	1	142.42101010101	135.345
98	2	142.341989795918	135.475
97	3	142.263762886598	135.358333333333
96	4	142.180546875	135.433125
95	5	142.100026315789	135.2935
94	6	142.034734042553	135.184583333333
93	7	141.952903225806	135.2775
92	8	141.855135869565	135.0478125
91	9	141.806923076923	135.018055555556
90	10	141.707	134.959
89	11	141.617134831461	134.789772727273
88	12	141.611789772727	134.732916666667
87	13	141.480603448276	134.527115384615
86	14	141.387587209302	134.745535714286
85	15	141.351852941176	134.6515
84	16	141.259464285714	134.53609375
83	17	141.161144578313	134.243529411765
82	18	141.098262195122	134.393194444444
81	19	141.038024691358	134.410921052632
80	20	140.91771875	134.381
79	21	140.879113924051	134.223571428571
78	22	140.815544871795	134.235909090909
77	23	140.713311688312	134.096086956522
76	24	140.673684210526	134.1146875
75	25	140.570666666667	134.0779
74	26	140.514932432432	133.846057692308
73	27	140.432260273973	133.853981481481
72	28	140.313263888889	133.784821428571
71	29	140.307711267606	133.611034482759
70	30	140.198178571429	133.657333333333
69	31	140.147101449275	133.633064516129
68	32	140.054338235294	133.497890625
67	33	139.976567164179	133.501515151515
66	34	139.927007575758	133.379632352941
65	35	139.835153846154	133.3475
64	36	139.7646875	133.235208333333
63	37	139.654325396825	133.213040540541
62	38	139.58185483871	133.257434210526
61	39	139.546721311475	133.098076923077
60	40	139.479916666667	133.1216875
59	41	139.428728813559	133.076524390244
58	42	139.342025862069	132.890952380952
57	43	139.231973684211	132.845290697674
56	44	139.178616071429	132.888579545455
55	45	139.092227272727	132.735833333333
54	46	139.062083333333	132.739510869565
53	47	138.931462264151	132.697606382979
52	48	138.908605769231	132.587916666667
51	49	138.786470588235	132.57112244898
50	50	138.75935	132.4863
49	51	138.652806122449	132.48887254902
48	52	138.625677083333	132.327644230769
47	53	138.501968085106	132.308301886792
46	54	138.412608695652	132.231064814815
45	55	138.421055555556	132.215090909091
44	56	138.278522727273	132.12875
43	57	138.265755813954	132.095921052632
42	58	138.156547619048	132.013577586207
41	59	138.105243902439	131.93156779661
40	60	138.0284375	131.887916666667
39	61	137.995	131.83237704918
38	62	137.835263157895	131.749959677419
37	63	137.785067567567	131.790674603175
36	64	137.776805555556	131.6644921875
35	65	137.688071428571	131.545769230769
34	66	137.659044117647	131.563181818182
33	67	137.543939393939	131.497798507463
32	68	137.486875	131.474816176471
31	69	137.406048387097	131.346485507246
30	70	137.364833333333	131.329535714286
29	71	137.284913793103	131.194049295775
28	72	137.172946428571	131.2253125
27	73	137.125833333333	131.081506849315
26	74	137.120480769231	131.107702702703
25	75	137.0102	131.0644
24	76	136.953333333333	130.938947368421
23	77	136.838260869565	130.943214285714
22	78	136.817954545454	130.866730769231
21	79	136.734166666667	130.82920886076
20	80	136.715875	130.78625
19	81	136.549868421053	130.719166666667
18	82	136.513888888889	130.668048780488
17	83	136.518382352941	130.549668674699
16	84	136.31734375	130.553125
15	85	136.295	130.551352941176
14	86	136.212678571429	130.374273255814
13	87	136.204423076923	130.36408045977
12	88	135.99125	130.303636363636
11	89	136.059772727273	130.242752808989
10	90	135.94925	130.178666666667
9	91	136.065833333333	130.159175824176
8	92	135.8196875	130.017554347826
7	93	135.928928571429	130.11
6	94	135.8925	130.011010638298
5	95	135.5155	129.910605263158
4	96	135.425625	129.926380208333
3	97	135.675	129.86131443299
2	98	135.4425	129.674132653061
1	99	135.2325	129.706944444444
0	100	0	129.61155
