num_of_TFT_with_trembling_hand	num_of_shame_driven_hiding	average_fitness_of_TFT_with_trembling_hand	average_fitness_of_shame_driven_hiding
100	0	136.0678	0
99	1	136.122626262626	141.0825
98	2	136.102117346939	141.2275
97	3	136.096417525773	141.083333333333
96	4	136.112942708333	141.016875
95	5	136.106868421053	141.1685
94	6	136.128537234043	141.155416666667
93	7	136.147768817204	141.099285714286
92	8	136.143342391304	141.185625
91	9	136.168131868132	141.200277777778
90	10	136.126805555556	141.24975
89	11	136.117612359551	141.278863636364
88	12	136.138636363636	141.266875
87	13	136.17658045977	141.314807692308
86	14	136.163691860465	141.293214285714
85	15	136.1615	141.307833333333
84	16	136.169851190476	141.3428125
83	17	136.198915662651	141.313235294118
82	18	136.215975609756	141.3375
81	19	136.183055555556	141.378289473684
80	20	136.22784375	141.325875
79	21	136.252373417722	141.384523809524
78	22	136.218365384615	141.392613636364
77	23	136.264318181818	141.419130434783
76	24	136.243026315789	141.417708333333
75	25	136.241433333333	141.4597
74	26	136.299222972973	141.431346153846
73	27	136.232226027397	141.44462962963
72	28	136.278888888889	141.442589285714
71	29	136.229401408451	141.441637931035
70	30	136.278964285714	141.522
69	31	136.331195652174	141.483225806452
68	32	136.298897058824	141.481875
67	33	136.324440298507	141.55696969697
66	34	136.282689393939	141.558676470588
65	35	136.274269230769	141.5555
64	36	136.32015625	141.562013888889
63	37	136.34126984127	141.582432432432
62	38	136.33	141.590921052632
61	39	136.362418032787	141.635128205128
60	40	136.372416666667	141.6206875
59	41	136.362245762712	141.637804878049
58	42	136.376465517241	141.643333333333
57	43	136.339868421053	141.677441860465
56	44	136.375758928571	141.674772727273
55	45	136.367318181818	141.703388888889
54	46	136.417824074074	141.681195652174
53	47	136.404575471698	141.747287234043
52	48	136.384471153846	141.7296875
51	49	136.361715686275	141.747244897959
50	50	136.44	141.7724
49	51	136.428520408163	141.754166666667
48	52	136.460416666667	141.776201923077
47	53	136.421542553191	141.815283018868
46	54	136.489402173913	141.80375
45	55	136.447777777778	141.852272727273
44	56	136.471193181818	141.824375
43	57	136.474302325581	141.839342105263
42	58	136.516011904762	141.868706896552
41	59	136.493780487805	141.875593220339
40	60	136.5176875	141.902208333333
39	61	136.485192307692	141.909303278688
38	62	136.494736842105	141.924032258065
37	63	136.498175675676	141.933333333333
36	64	136.461527777778	141.948515625
35	65	136.505857142857	141.964115384615
34	66	136.545147058824	141.982424242424
33	67	136.5675	141.993582089552
32	68	136.537890625	142.016875
31	69	136.542983870968	142.026449275362
30	70	136.580666666667	142.022642857143
29	71	136.534051724138	142.043802816901
28	72	136.531160714286	142.061388888889
27	73	136.616203703704	142.079863013699
26	74	136.632211538461	142.093952702703
25	75	136.6236	142.1202
24	76	136.606145833333	142.123519736842
23	77	136.578369565217	142.136428571429
22	78	136.656590909091	142.165769230769
21	79	136.649523809524	142.186803797468
20	80	136.594875	142.20134375
19	81	136.678026315789	142.196388888889
18	82	136.711111111111	142.224207317073
17	83	136.707794117647	142.236204819277
16	84	136.65390625	142.248601190476
15	85	136.683	142.256029411765
14	86	136.785892857143	142.278662790698
13	87	136.655769230769	142.287988505747
12	88	136.726666666667	142.312698863636
11	89	136.744318181818	142.327106741573
10	90	136.625	142.345055555556
9	91	136.796944444444	142.351483516484
8	92	136.80125	142.368451086957
7	93	136.856785714286	142.382580645161
6	94	136.785416666667	142.41204787234
5	95	136.848	142.424842105263
4	96	136.86	142.434583333333
3	97	136.864166666667	142.450515463918
2	98	136.61125	142.46625
1	99	136.7575	142.483838383838
0	100	0	142.5
