num_of_TFT_with_trembling_hand	num_of_Pavlov	average_fitness_of_TFT_with_trembling_hand	average_fitness_of_Pavlov
100	0	136.03955	0
99	1	136.041439393939	114.9525
98	2	136.039821428571	114.8975
97	3	135.963505154639	114.998333333333
96	4	135.947109375	115.136875
95	5	135.921631578947	115.031
94	6	135.892367021277	114.872083333333
93	7	135.822607526882	115.312857142857
92	8	135.771385869565	114.88625
91	9	135.721978021978	115.096111111111
90	10	135.722527777778	115.14575
89	11	135.667921348315	114.704772727273
88	12	135.635397727273	115.017916666667
87	13	135.574310344828	115.134038461538
86	14	135.555843023256	115.143035714286
85	15	135.5395	115.173
84	16	135.488184523809	115.2415625
83	17	135.446957831325	115.081617647059
82	18	135.426493902439	115.165833333333
81	19	135.39524691358	115.285921052632
80	20	135.3225625	115.197625
79	21	135.265632911392	115.263333333333
78	22	135.275352564103	115.118977272727
77	23	135.217142857143	115.273913043478
76	24	135.135098684211	115.220416666667
75	25	135.110566666667	115.0468
74	26	135.091756756757	115.202115384615
73	27	135.063595890411	115.092962962963
72	28	135.048680555556	115.321517857143
71	29	134.991338028169	115.123793103448
70	30	134.962464285714	115.25975
69	31	134.94384057971	115.442338709677
68	32	134.836764705882	115.191015625
67	33	134.836679104478	115.193106060606
66	34	134.732045454545	115.223602941177
65	35	134.745384615385	115.360571428571
64	36	134.701171875	115.343472222222
63	37	134.673293650794	115.234662162162
62	38	134.59814516129	115.415
61	39	134.550573770492	115.246987179487
60	40	134.580791666667	115.192
59	41	134.534406779661	115.424512195122
58	42	134.539353448276	115.397976190476
57	43	134.431666666667	115.2675
56	44	134.401071428571	115.698465909091
55	45	134.4025	115.454166666667
54	46	134.331157407407	115.389347826087
53	47	134.270471698113	115.537765957447
52	48	134.232740384615	115.457708333333
51	49	134.25931372549	115.469540816327
50	50	134.1321	115.63275
49	51	134.129540816327	115.416715686275
48	52	134.02875	115.475144230769
47	53	134.047765957447	115.529575471698
46	54	134.02472826087	115.465601851852
45	55	133.932722222222	115.566590909091
44	56	133.922329545455	115.486607142857
43	57	133.941802325581	115.646622807018
42	58	133.842261904762	115.585172413793
41	59	133.723292682927	115.614788135593
40	60	133.851	115.689416666667
39	61	133.698205128205	115.499303278689
38	62	133.734276315789	115.607741935484
37	63	133.741689189189	115.781111111111
36	64	133.712361111111	115.5873828125
35	65	133.607928571429	115.497384615385
34	66	133.489338235294	115.765833333333
33	67	133.47696969697	115.656194029851
32	68	133.5484375	115.639117647059
31	69	133.480967741936	115.654239130435
30	70	133.484083333333	115.729107142857
29	71	133.379051724138	115.631267605634
28	72	133.326160714286	115.727673611111
27	73	133.288611111111	115.683150684932
26	74	133.201730769231	115.75277027027
25	75	133.2679	115.8609
24	76	133.163958333333	115.688947368421
23	77	133.049673913044	115.676753246753
22	78	133.220568181818	115.840480769231
21	79	132.988214285714	115.746582278481
20	80	132.974125	115.699
19	81	132.865394736842	115.671296296296
18	82	132.980416666667	115.815365853659
17	83	132.903823529412	115.796265060241
16	84	132.78390625	115.893392857143
15	85	132.7825	115.627705882353
14	86	132.857678571429	115.862848837209
13	87	132.8025	115.829913793103
12	88	132.73875	115.885198863636
11	89	132.580681818182	115.820308988764
10	90	132.603	115.834805555556
9	91	132.520555555556	115.861703296703
8	92	132.620625	115.854130434783
7	93	132.739642857143	115.977956989247
6	94	132.416666666667	115.851808510638
5	95	132.4695	115.834868421053
4	96	132.438125	115.847109375
3	97	132.279166666667	115.846056701031
2	98	132.39625	115.803826530612
1	99	132.4575	115.875151515152
0	100	0	115.91845
