num_of_TFT_with_trembling_hand	num_of_shame_driven_denying	average_fitness_of_TFT_with_trembling_hand	average_fitness_of_shame_driven_denying
100	0	136.09435	0
99	1	136.010303030303	134.8
98	2	135.97693877551	135.09625
97	3	135.94925257732	134.923333333333
96	4	135.895078125	134.51875
95	5	135.816289473684	134.6025
94	6	135.775877659575	134.652083333333
93	7	135.731612903226	134.646785714286
92	8	135.624701086957	134.6765625
91	9	135.6275	134.481111111111
90	10	135.520833333333	134.5155
89	11	135.494606741573	134.403863636364
88	12	135.498295454545	134.271458333333
87	13	135.434252873563	134.341730769231
86	14	135.363779069768	134.114464285714
85	15	135.253382352941	134.141
84	16	135.179434523809	134.08375
83	17	135.202228915663	134.053970588235
82	18	135.113079268293	133.985555555556
81	19	135.025833333333	133.985789473684
80	20	135.01671875	133.926875
79	21	134.975696202532	133.803333333333
78	22	134.900480769231	133.648295454545
77	23	134.875941558442	133.789565217391
76	24	134.794309210526	133.6771875
75	25	134.737433333333	133.6112
74	26	134.698614864865	133.738557692308
73	27	134.593664383562	133.558240740741
72	28	134.600520833333	133.524375
71	29	134.533169014085	133.381034482759
70	30	134.486642857143	133.410833333333
69	31	134.416630434783	133.350967741936
68	32	134.352426470588	133.228203125
67	33	134.334552238806	133.213106060606
66	34	134.265265151515	133.133161764706
65	35	134.149076923077	133.197857142857
64	36	134.1783203125	133.125902777778
63	37	134.053253968254	133.051756756757
62	38	134.007137096774	133.003947368421
61	39	133.970409836066	132.924935897436
60	40	134.029791666667	132.753125
59	41	133.896652542373	132.857256097561
58	42	133.910517241379	132.728035714286
57	43	133.709956140351	132.63761627907
56	44	133.788973214286	132.607443181818
55	45	133.718954545455	132.531444444444
54	46	133.631435185185	132.575
53	47	133.586650943396	132.573031914894
52	48	133.537596153846	132.382083333333
51	49	133.455343137255	132.433928571429
50	50	133.4426	132.29475
49	51	133.354693877551	132.237254901961
48	52	133.315260416667	132.205528846154
47	53	133.206117021277	132.226037735849
46	54	133.118152173913	132.062731481482
45	55	133.213222222222	132.081590909091
44	56	133.017727272727	132.048169642857
43	57	133.018837209302	131.946052631579
42	58	133.032916666667	131.916939655172
41	59	132.961707317073	131.897457627119
40	60	132.799875	131.792625
39	61	132.803397435897	131.706516393443
38	62	132.825	131.644153225806
37	63	132.656013513514	131.618134920635
36	64	132.719861111111	131.5559765625
35	65	132.5585	131.499346153846
34	66	132.510294117647	131.490378787879
33	67	132.511060606061	131.455
32	68	132.44203125	131.317205882353
31	69	132.275564516129	131.287173913043
30	70	132.294666666667	131.207857142857
29	71	132.257672413793	131.194577464789
28	72	132.291339285714	131.154965277778
27	73	132.27037037037	131.035821917808
26	74	132.093846153846	131.039831081081
25	75	132.1055	131.1208
24	76	132.058958333333	130.934342105263
23	77	131.942826086957	130.864350649351
22	78	131.963636363636	130.826282051282
21	79	131.894166666667	130.751550632911
20	80	131.793375	130.6796875
19	81	131.608947368421	130.639537037037
18	82	131.707916666667	130.631737804878
17	83	131.603529411765	130.531054216868
16	84	131.6128125	130.497589285714
15	85	131.476333333333	130.395617647059
14	86	131.371428571429	130.400697674419
13	87	131.3925	130.381293103448
12	88	131.402083333333	130.263863636364
11	89	131.335909090909	130.274831460674
10	90	131.3715	130.168861111111
9	91	131.045277777778	130.09543956044
8	92	131.1959375	130.039320652174
7	93	131.216785714286	129.983924731183
6	94	130.965833333333	129.94545212766
5	95	131.101	129.943210526316
4	96	130.675625	129.894010416667
3	97	130.8975	129.826082474227
2	98	130.625	129.684183673469
1	99	131.08	129.680404040404
0	100	0	129.61515
