num_of_TFT_with_trembling_hand	num_of_guilt_driven_amending	average_fitness_of_TFT_with_trembling_hand	average_fitness_of_guilt_driven_amending
100	0	136.1029	0
99	1	136.088661616162	136.25
98	2	136.141709183673	136.38875
97	3	136.176262886598	136.310833333333
96	4	136.220859375	136.40875
95	5	136.195184210526	136.534
94	6	136.260106382979	136.4775
93	7	136.276935483871	136.5075
92	8	136.275326086957	136.5309375
91	9	136.308186813187	136.688888888889
90	10	136.341277777778	136.62575
89	11	136.390870786517	136.628636363636
88	12	136.386136363636	136.696458333333
87	13	136.395114942529	136.736346153846
86	14	136.377558139535	136.733928571429
85	15	136.493323529412	136.790166666667
84	16	136.464375	136.73140625
83	17	136.547620481928	136.800588235294
82	18	136.498262195122	136.819305555556
81	19	136.602808641975	136.847763157895
80	20	136.6148125	136.96925
79	21	136.589778481013	136.854047619048
78	22	136.640961538462	136.975909090909
77	23	136.672207792208	136.971739130435
76	24	136.716875	136.983125
75	25	136.741366666667	137.0181
74	26	136.765912162162	137.099519230769
73	27	136.741917808219	137.105185185185
72	28	136.839305555556	137.074107142857
71	29	136.820774647887	137.095172413793
70	30	136.86275	137.140333333333
69	31	136.939565217391	137.166612903226
68	32	136.895625	137.2115625
67	33	136.947052238806	137.203333333333
66	34	136.926818181818	137.239852941176
65	35	136.992384615385	137.242642857143
64	36	137.0383984375	137.362222222222
63	37	137.045357142857	137.32554054054
62	38	137.088346774193	137.380065789474
61	39	137.07606557377	137.39891025641
60	40	137.114208333333	137.41975
59	41	137.100720338983	137.424207317073
58	42	137.162887931034	137.452857142857
57	43	137.172763157895	137.524360465116
56	44	137.241071428571	137.525681818182
55	45	137.242681818182	137.566388888889
54	46	137.285092592593	137.583260869565
53	47	137.282688679245	137.595106382979
52	48	137.311201923077	137.602864583333
51	49	137.350245098039	137.659540816326
50	50	137.3467	137.67085
49	51	137.395408163265	137.662156862745
48	52	137.42703125	137.707788461539
47	53	137.464255319149	137.777688679245
46	54	137.499565217391	137.791898148148
45	55	137.450555555556	137.776954545455
44	56	137.517727272727	137.820982142857
43	57	137.585988372093	137.792456140351
42	58	137.57494047619	137.881379310345
41	59	137.589207317073	137.889618644068
40	60	137.6535625	137.978375
39	61	137.668269230769	137.968196721311
38	62	137.662368421053	137.964475806452
37	63	137.723445945946	137.996468253968
36	64	137.791458333333	138.0505859375
35	65	137.742142857143	138.080230769231
34	66	137.747794117647	138.103901515152
33	67	137.840984848485	138.108805970149
32	68	137.8953125	138.168161764706
31	69	137.911693548387	138.17865942029
30	70	137.88775	138.209071428571
29	71	137.940948275862	138.217077464789
28	72	137.931160714286	138.266770833333
27	73	137.955185185185	138.289965753425
26	74	138.005865384615	138.335608108108
25	75	138.0232	138.3212
24	76	138.0628125	138.309967105263
23	77	138.055652173913	138.397077922078
22	78	138.124545454545	138.432852564103
21	79	138.122738095238	138.460506329114
20	80	138.1335	138.4273125
19	81	138.181710526316	138.480308641975
18	82	138.187083333333	138.514451219512
17	83	138.174264705882	138.520903614458
16	84	138.3171875	138.55943452381
15	85	138.345166666667	138.613382352941
14	86	138.20125	138.615959302326
13	87	138.347884615385	138.631494252874
12	88	138.322291666667	138.625255681818
11	89	138.385454545455	138.686910112359
10	90	138.39675	138.693083333333
9	91	138.394166666667	138.790192307692
8	92	138.4803125	138.762472826087
7	93	138.458928571429	138.807634408602
6	94	138.529166666667	138.818803191489
5	95	138.544	138.8355
4	96	138.55	138.8865625
3	97	138.365	138.895154639175
2	98	138.6425	138.943112244898
1	99	138.73	138.978005050505
0	100	0	139.004475
