num_of_tit_for_tat	num_of_TFT_with_trembling_hand	average_fitness_of_tit_for_tat	average_fitness_of_TFT_with_trembling_hand
100	0	150	0
99	1	149.889898989899	146.3675
98	2	149.773596938776	146.49625
97	3	149.653067010309	146.125
96	4	149.5459375	146.013125
95	5	149.440894736842	146.0955
94	6	149.325904255319	145.91125
93	7	149.198172043011	145.916785714286
92	8	149.099565217391	145.6528125
91	9	148.98217032967	145.5825
90	10	148.857444444444	145.29725
89	11	148.743483146067	145.314090909091
88	12	148.651363636364	145.209166666667
87	13	148.54775862069	145.114230769231
86	14	148.42238372093	145.023928571429
85	15	148.297058823529	144.983666666667
84	16	148.196726190476	144.90859375
83	17	148.142198795181	144.629117647059
82	18	147.97362804878	144.630138888889
81	19	147.847006172839	144.493947368421
80	20	147.76834375	144.458875
79	21	147.649493670886	144.3075
78	22	147.507435897436	144.245113636364
77	23	147.383668831169	144.094456521739
76	24	147.313881578947	144.0953125
75	25	147.1929	143.9322
74	26	147.063513513514	143.764615384615
73	27	146.964520547945	143.744259259259
72	28	146.875451388889	143.599017857143
71	29	146.752323943662	143.490862068965
70	30	146.6265	143.4255
69	31	146.501557971014	143.336370967742
68	32	146.390257352941	143.161875
67	33	146.29223880597	143.111212121212
66	34	146.170643939394	142.970367647059
65	35	146.100807692308	142.845
64	36	145.94296875	142.725416666667
63	37	145.849801587301	142.608783783784
62	38	145.78625	142.488947368421
61	39	145.621639344262	142.478076923077
60	40	145.489	142.2945625
59	41	145.435974576271	142.255487804878
58	42	145.315732758621	142.136964285714
57	43	145.154342105263	142.053837209302
56	44	145.017098214286	141.916704545455
55	45	144.926272727273	141.820666666667
54	46	144.809675925926	141.739836956522
53	47	144.723726415094	141.561117021277
52	48	144.597451923077	141.524583333333
51	49	144.504558823529	141.418316326531
50	50	144.35345	141.3292
49	51	144.298163265306	141.164068627451
48	52	144.176354166667	141.068701923077
47	53	144.063138297872	140.930330188679
46	54	143.934076086957	140.916712962963
45	55	143.845166666667	140.855318181818
44	56	143.712329545455	140.728973214286
43	57	143.567093023256	140.526140350877
42	58	143.474047619048	140.522456896552
41	59	143.373170731707	140.3275
40	60	143.2376875	140.30975
39	61	143.174487179487	140.147868852459
38	62	143.015592105263	140.04939516129
37	63	142.929256756757	139.966349206349
36	64	142.805625	139.8099609375
35	65	142.698357142857	139.749153846154
34	66	142.593602941176	139.586098484848
33	67	142.535303030303	139.538582089552
32	68	142.366875	139.462794117647
31	69	142.258629032258	139.326702898551
30	70	142.10775	139.214821428571
29	71	142.008275862069	139.123309859155
28	72	141.955625	139.069375
27	73	141.781574074074	138.901815068493
26	74	141.676442307692	138.832702702703
25	75	141.5701	138.652966666667
24	76	141.49125	138.608651315789
23	77	141.278260869565	138.506590909091
22	78	141.246931818182	138.405897435897
21	79	141.102023809524	138.287151898734
20	80	140.99725	138.139125
19	81	140.909078947368	138.085
18	82	140.825555555556	138.012713414634
17	83	140.723382352941	137.880210843374
16	84	140.5828125	137.815952380952
15	85	140.436833333333	137.674617647059
14	86	140.35125	137.506947674419
13	87	140.29	137.454252873563
12	88	140.061041666667	137.337073863636
11	89	140.071590909091	137.249634831461
10	90	139.84775	137.111527777778
9	91	139.801666666667	137.01989010989
8	92	139.6584375	136.915298913043
7	93	139.61	136.829301075269
6	94	139.389166666667	136.676143617021
5	95	139.3605	136.602710526316
4	96	139.22375	136.508515625
3	97	139.24	136.385515463918
2	98	138.92875	136.276275510204
1	99	138.8825	136.182247474747
0	100	0	136.08605
