num_of_tit_for_tat	num_of_shame_driven_denying	average_fitness_of_tit_for_tat	average_fitness_of_shame_driven_denying
100	0	150	0
99	1	149.824368686869	144.585
98	2	149.666454081633	144.91125
97	3	149.487731958763	144.9825
96	4	149.327708333333	144.625625
95	5	149.132394736842	144.425
94	6	148.989973404255	144.182916666667
93	7	148.813548387097	144.147142857143
92	8	148.640190217391	143.9896875
91	9	148.480989010989	143.752777777778
90	10	148.271305555556	143.781
89	11	148.106685393258	143.550681818182
88	12	147.991420454545	143.4025
87	13	147.788965517241	143.140576923077
86	14	147.605058139535	143.116607142857
85	15	147.435764705882	142.873
84	16	147.302976190476	142.8171875
83	17	147.085481927711	142.693823529412
82	18	146.957987804878	142.55125
81	19	146.733888888889	142.174342105263
80	20	146.601375	142.10325
79	21	146.463892405063	141.926904761905
78	22	146.226153846154	141.816818181818
77	23	146.033474025974	141.634673913043
76	24	145.935032894737	141.6040625
75	25	145.692766666667	141.3596
74	26	145.575337837838	141.166442307692
73	27	145.384965753425	140.956574074074
72	28	145.218715277778	140.887321428571
71	29	145.011408450704	140.733879310345
70	30	144.911535714286	140.499833333333
69	31	144.749528985507	140.41814516129
68	32	144.546470588235	140.279296875
67	33	144.338768656716	140.174090909091
66	34	144.154507575758	139.919632352941
65	35	144.069461538462	139.793214285714
64	36	143.8740234375	139.59
63	37	143.657976190476	139.406013513513
62	38	143.526008064516	139.289671052632
61	39	143.320614754098	139.129551282051
60	40	143.149416666667	138.9865625
59	41	143.054406779661	138.831951219512
58	42	142.850344827586	138.621666666667
57	43	142.661403508772	138.568372093023
56	44	142.6140625	138.226477272727
55	45	142.363136363636	138.225333333333
54	46	142.157083333333	138.030054347826
53	47	141.95070754717	137.861117021277
52	48	141.819567307692	137.67
51	49	141.685245098039	137.550459183673
50	50	141.5279	137.508
49	51	141.322091836735	137.240343137255
48	52	141.160052083333	137.181442307692
47	53	140.941808510638	136.950801886792
46	54	140.776684782609	136.779259259259
45	55	140.652722222222	136.662818181818
44	56	140.527784090909	136.551830357143
43	57	140.307906976744	136.38
42	58	140.154166666667	136.252327586207
41	59	139.964451219512	136.000254237288
40	60	139.8511875	135.911833333333
39	61	139.650384615385	135.718278688525
38	62	139.34947368421	135.515201612903
37	63	139.206891891892	135.469007936508
36	64	139.083541666667	135.1659375
35	65	138.994714285714	135.053730769231
34	66	138.779558823529	134.944393939394
33	67	138.577575757576	134.751380597015
32	68	138.448359375	134.650772058824
31	69	138.251774193548	134.554130434783
30	70	138.114833333333	134.425678571429
29	71	137.845431034483	134.144154929577
28	72	137.802767857143	134.036319444444
27	73	137.580185185185	133.812671232877
26	74	137.402211538462	133.702972972973
25	75	137.236	133.574066666667
24	76	137.136875	133.375986842105
23	77	136.846086956522	133.218798701299
22	78	136.683409090909	133.074038461538
21	79	136.535476190476	132.918164556962
20	80	136.39675	132.81125
19	81	136.2175	132.716512345679
18	82	136.065416666667	132.483109756098
17	83	135.757794117647	132.291897590361
16	84	135.6903125	132.136785714286
15	85	135.488	131.920647058824
14	86	135.29625	131.799418604651
13	87	135.264230769231	131.652729885057
12	88	134.97625	131.540170454546
11	89	134.8525	131.369550561798
10	90	134.68975	131.1795
9	91	134.477777777778	131.050824175824
8	92	134.481875	130.875978260869
7	93	134.252857142857	130.72561827957
6	94	133.743333333333	130.558005319149
5	95	133.6655	130.419947368421
4	96	133.73375	130.259348958333
3	97	133.528333333333	130.083067010309
2	98	133.425	129.917933673469
1	99	133.2175	129.832651515151
0	100	0	129.634975
