num_of_tit_for_tat	num_of_Pavlov	average_fitness_of_tit_for_tat	average_fitness_of_Pavlov
100	0	150	0
99	1	149.85654040404	122.695
98	2	149.708826530612	122.39375
97	3	149.557474226804	121.655833333333
96	4	149.411276041667	121.693125
95	5	149.279157894737	121.453
94	6	149.113882978723	122.251666666667
93	7	148.986962365591	121.551785714286
92	8	148.834619565217	121.5165625
91	9	148.708708791209	121.801666666667
90	10	148.56725	121.52675
89	11	148.423483146067	121.606136363636
88	12	148.267215909091	121.132916666667
87	13	148.137011494253	121.196346153846
86	14	147.988808139535	121.520357142857
85	15	147.851764705882	120.986666666667
84	16	147.72505952381	121.153125
83	17	147.574277108434	121.433970588235
82	18	147.422652439024	120.842222222222
81	19	147.270339506173	120.888815789474
80	20	147.09296875	120.689125
79	21	146.967689873418	120.987857142857
78	22	146.821634615385	120.852954545455
77	23	146.656915584416	120.56652173913
76	24	146.555888157895	120.681354166667
75	25	146.3956	120.6617
74	26	146.268682432432	120.289423076923
73	27	146.122363013699	120.624074074074
72	28	145.990416666667	120.477767857143
71	29	145.777007042254	120.303448275862
70	30	145.667035714286	120.107666666667
69	31	145.528623188406	120.039435483871
68	32	145.395992647059	120.0025
67	33	145.272462686567	119.862045454545
66	34	145.09696969697	120.026617647059
65	35	144.981038461539	119.811142857143
64	36	144.8449609375	119.794583333333
63	37	144.669920634921	119.728040540541
62	38	144.563548387097	119.751842105263
61	39	144.432909836066	119.722307692308
60	40	144.2645	119.470625
59	41	144.115127118644	119.514024390244
58	42	143.931810344828	119.550952380952
57	43	143.818245614035	119.166918604651
56	44	143.568482142857	119.298352272727
55	45	143.563909090909	119.098444444444
54	46	143.363703703704	118.955760869565
53	47	143.257641509434	119.062925531915
52	48	143.118798076923	118.935416666667
51	49	142.960196078431	118.913520408163
50	50	142.8535	118.9131
49	51	142.646275510204	118.591911764706
48	52	142.483125	118.665048076923
47	53	142.364574468085	118.620660377358
46	54	142.277336956522	118.552546296296
45	55	142.059944444444	118.434545454545
44	56	141.903579545455	118.468169642857
43	57	141.780174418605	118.361710526316
42	58	141.677619047619	118.428275862069
41	59	141.462134146341	118.062584745763
40	60	141.3745	118.32775
39	61	141.256987179487	118.269016393443
38	62	141.020197368421	118.173588709677
37	63	140.942027027027	118.123055555555
36	64	140.80625	117.961171875
35	65	140.609285714286	117.857192307692
34	66	140.451764705882	117.868977272727
33	67	140.413560606061	117.804365671642
32	68	140.265546875	117.812426470588
31	69	140.088870967742	117.638079710145
30	70	139.902333333333	117.679928571429
29	71	139.775517241379	117.561373239437
28	72	139.675535714286	117.607916666667
27	73	139.473425925926	117.45845890411
26	74	139.320096153846	117.248344594595
25	75	139.2634	117.4209
24	76	139.075625	117.376315789474
23	77	138.973369565217	117.34801948052
22	78	138.718977272727	117.154551282051
21	79	138.646071428571	116.977088607595
20	80	138.549375	117.07628125
19	81	138.311184210526	117.059320987654
18	82	138.188055555556	116.915243902439
17	83	138.131323529412	116.849909638554
16	84	137.8871875	116.814047619048
15	85	137.737	116.814411764706
14	86	137.64625	116.698808139535
13	87	137.426538461538	116.563448275862
12	88	137.400416666667	116.605028409091
11	89	137.272727272727	116.457528089888
10	90	136.9595	116.437
9	91	136.833333333333	116.458489010989
8	92	136.630625	116.336766304348
7	93	136.590357142857	116.362043010753
6	94	136.539583333333	116.276755319149
5	95	136.277	116.203947368421
4	96	136.174375	116.232890625
3	97	135.888333333333	116.096675257732
2	98	135.75375	115.981632653061
1	99	136.0425	115.996994949495
0	100	0	116.024725
