num_of_tit_for_tat	num_of_guilt_driven_amending	average_fitness_of_tit_for_tat	average_fitness_of_guilt_driven_amending
100	0	150	0
99	1	149.913964646465	146.85
98	2	149.834668367347	146.66
97	3	149.746675257732	146.51
96	4	149.664635416667	146.573125
95	5	149.578578947368	146.587
94	6	149.50039893617	146.45625
93	7	149.409838709678	146.348571428571
92	8	149.325951086956	146.35375
91	9	149.25260989011	146.283611111111
90	10	149.165777777778	146.16375
89	11	149.084466292135	146.038636363636
88	12	148.986335227273	145.959583333333
87	13	148.897787356322	145.938461538462
86	14	148.831598837209	145.832142857143
85	15	148.724588235294	145.758
84	16	148.649702380952	145.67796875
83	17	148.585903614458	145.620294117647
82	18	148.489329268293	145.467083333333
81	19	148.394444444444	145.384078947368
80	20	148.305375	145.28775
79	21	148.239588607595	145.312738095238
78	22	148.150384615385	145.135
77	23	148.058538961039	145.083695652174
76	24	147.999342105263	144.997083333333
75	25	147.8818	144.9933
74	26	147.80722972973	144.827596153846
73	27	147.721369863014	144.82787037037
72	28	147.644027777778	144.641785714286
71	29	147.545845070423	144.660431034483
70	30	147.437035714286	144.577833333333
69	31	147.406050724638	144.477177419355
68	32	147.315404411765	144.37421875
67	33	147.235820895522	144.313181818182
66	34	147.127462121212	144.260514705882
65	35	147.044115384615	144.209785714286
64	36	146.9542578125	144.031597222222
63	37	146.829722222222	143.958716216216
62	38	146.783266129032	143.922960526316
61	39	146.709508196721	143.821987179487
60	40	146.608291666667	143.758625
59	41	146.522118644068	143.652743902439
58	42	146.456336206897	143.578809523809
57	43	146.386447368421	143.531337209302
56	44	146.252678571429	143.446420454545
55	45	146.244136363636	143.403222222222
54	46	146.136018518519	143.309076086956
53	47	146.067452830189	143.170106382979
52	48	145.931538461538	143.1140625
51	49	145.886274509804	143.021173469388
50	50	145.7992	142.9509
49	51	145.685306122449	142.883970588235
48	52	145.620885416667	142.826201923077
47	53	145.506063829787	142.745471698113
46	54	145.474782608696	142.649259259259
45	55	145.334888888889	142.564772727273
44	56	145.272102272727	142.501294642857
43	57	145.178197674419	142.43100877193
42	58	145.153630952381	142.323103448276
41	59	145.029146341463	142.211144067797
40	60	144.9515625	142.149875
39	61	144.862756410256	142.000368852459
38	62	144.767039473684	142.030322580645
37	63	144.65777027027	141.917976190476
36	64	144.627638888889	141.8446484375
35	65	144.504	141.832846153846
34	66	144.416691176471	141.648560606061
33	67	144.293636363636	141.635485074627
32	68	144.235546875	141.510882352941
31	69	144.200241935484	141.489384057971
30	70	144.04725	141.375214285714
29	71	144.017931034483	141.267394366197
28	72	143.945089285714	141.181736111111
27	73	143.87537037037	141.099417808219
26	74	143.769711538462	141.030405405405
25	75	143.6964	140.949933333333
24	76	143.603333333333	140.881184210526
23	77	143.491304347826	140.847564935065
22	78	143.430227272727	140.740961538461
21	79	143.354285714286	140.639303797468
20	80	143.3045	140.54196875
19	81	143.132894736842	140.521296296296
18	82	143.072777777778	140.413201219512
17	83	143.013235294118	140.309608433735
16	84	142.92078125	140.26380952381
15	85	142.852833333333	140.152882352941
14	86	142.7725	140.10363372093
13	87	142.666730769231	139.982155172414
12	88	142.536875	139.923977272727
11	89	142.467954545455	139.865421348315
10	90	142.4385	139.770361111111
9	91	142.361666666667	139.681318681319
8	92	142.2075	139.650706521739
7	93	142.168571428571	139.538897849462
6	94	142.10125	139.453776595745
5	95	141.994	139.362736842105
4	96	141.92375	139.30109375
3	97	141.836666666667	139.204484536082
2	98	141.735	139.169209183673
1	99	141.6075	139.078560606061
0	100	0	138.98455
