num_of_generous_TFT	num_of_shame_driven_hiding	average_fitness_of_generous_TFT	average_fitness_of_shame_driven_hiding
20	0	100	0
19	1	99.3331578947369	109.44
18	2	98.6722222222222	108.5725
17	3	97.9705882352942	107.256666666667
16	4	97.241875	106.5325
15	5	96.5473333333333	104.426
14	6	95.7442857142857	102.964166666667
13	7	94.9715384615385	101.362857142857
12	8	94.1891666666666	99.193125
11	9	93.31	96.9261111111111
10	10	92.431	94.244
9	11	91.5711111111111	91.7968181818182
8	12	90.53	88.4495833333334
7	13	89.5828571428571	85.0392307692307
6	14	88.475	81.0578571428571
5	15	87.322	77.034
4	16	86.065	71.8396875
3	17	84.6466666666667	66.5408823529412
2	18	82.915	60.8463888888889
1	19	68.8	54.2336842105263
0	20	0	47.04175
