num_of_generous_TFT	num_of_TFT_with_trembling_hand	average_fitness_of_generous_TFT	average_fitness_of_TFT_with_trembling_hand
20	0	100	0
19	1	98.8165789473684	103.315
18	2	97.6369444444444	101.2425
17	3	96.4741176470588	98.81
16	4	95.2978125	97.33375
15	5	94.0943333333333	95.508
14	6	92.8253571428571	93.1775
13	7	91.6357692307692	91.315
12	8	90.5979166666667	89.1625
11	9	89.3713636363636	87.1533333333333
10	10	88.2915000000001	85.249
9	11	87.0127777777778	83.0977272727273
8	12	85.880625	81.1495833333333
7	13	84.6728571428571	79.1703846153846
6	14	83.3566666666666	77.2896428571429
5	15	82.428	75.148
4	16	80.96875	73.176875
3	17	79.8033333333334	71.0508823529411
2	18	78.71	69.1705555555556
1	19	77.485	67.0189473684211
0	20	0	65
