num_of_generous_TFT	num_of_shame_driven_denying	average_fitness_of_generous_TFT	average_fitness_of_shame_driven_denying
20	0	100	0
19	1	96.2307894736842	105.555
18	2	92.6477777777778	102.7525
17	3	88.8647058823529	99.775
16	4	85.0021875	96.43625
15	5	81.675	92.587
14	6	77.5896428571428	88.9741666666667
13	7	74.0565384615385	85.5107142857143
12	8	70.1483333333333	81.635
11	9	66.74	78.4116666666667
10	10	63.279	75.0145
9	11	59.4844444444444	71.19
8	12	55.865	67.6820833333333
7	13	51.6271428571429	64.6584615384616
6	14	47.8675	61.0535714285714
5	15	45.254	57.555
4	16	40.61875	53.9496875
3	17	36.4683333333333	50.6591176470588
2	18	32.865	47.0125
1	19	28.555	43.7752631578947
0	20	0	39.6165
