num_of_generous_TFT	num_of_shame_driven_denying	average_fitness_of_generous_TFT	average_fitness_of_shame_driven_denying
20	0	150	0
19	1	145.488947368421	153.2975
18	2	141.052083333333	148.465
17	3	136.77455882353	143.075833333333
16	4	132.183125	138.649375
15	5	127.915333333333	133.0495
14	6	122.964642857143	128.62125
13	7	118.751153846154	123.818214285714
12	8	114.235	118.8415625
11	9	109.887954545455	113.913611111111
10	10	105.64475	109.3375
9	11	100.651944444444	104.108409090909
8	12	95.9403125	99.1608333333333
7	13	92.6353571428572	94.4259615384615
6	14	87.2441666666666	89.9205357142857
5	15	83.199	84.5075
4	16	77.990625	79.6125
3	17	72.745	74.9439705882353
2	18	69.61625	69.8027777777778
1	19	68.67	64.8301315789473
0	20	0	60.6805
