num_of_generous_TFT	num_of_Pavlov	average_fitness_of_generous_TFT	average_fitness_of_Pavlov
20	0	150	0
19	1	147.093684210526	162.81
18	2	144.542222222222	157.9375
17	3	141.832941176471	153.84
16	4	138.87890625	150.84125
15	5	136.237666666667	146.471
14	6	133.376071428571	142.740416666667
13	7	130.673076923077	138.434285714286
12	8	128.122916666667	134.545
11	9	125.080227272727	130.435833333333
10	10	122.70925	126.4255
9	11	119.504444444444	122.673636363636
8	12	116.3503125	118.326875
7	13	114.188928571429	114.080384615385
6	14	110.760416666667	110.059107142857
5	15	108.5765	106.072666666667
4	16	106.3525	101.94734375
3	17	103.256666666667	97.8654411764706
2	18	100.44375	93.7052777777778
1	19	98.745	89.513947368421
0	20	0	85.239875
