num_of_generous_TFT	num_of_TFT_with_trembling_hand	average_fitness_of_generous_TFT	average_fitness_of_TFT_with_trembling_hand
20	0	150	0
19	1	148.789210526316	151.5075
18	2	147.693194444444	148.88
17	3	146.447205882353	146.161666666667
16	4	145.44640625	143.21625
15	5	144.1855	140.062
14	6	143.03625	137.252916666667
13	7	141.823653846154	134.345714285714
12	8	140.763958333333	131.89625
11	9	139.712045454545	128.896388888889
10	10	138.31875	126.341
9	11	137.255833333333	123.341590909091
8	12	136.1240625	120.38375
7	13	134.863928571429	117.492884615385
6	14	133.80625	114.890714285714
5	15	132.6795	111.900166666667
4	16	131.2475	109.224375
3	17	130.155833333333	105.987352941176
2	18	129.10625	103.450277777778
1	19	127.67	100.461710526316
0	20	0	97.632125
