num_of_generous_TFT	num_of_shame_driven_hiding	average_fitness_of_generous_TFT	average_fitness_of_shame_driven_hiding
20	0	150	0
19	1	149.33052631579	155.15
18	2	148.672222222222	153.83125
17	3	147.968823529412	152.394166666667
16	4	147.28	151.046875
15	5	146.584666666667	149.383
14	6	145.75	147.157916666667
13	7	144.998461538462	145.5825
12	8	144.1825	142.6340625
11	9	143.323636363636	139.7675
10	10	142.497	136.44275
9	11	141.512222222222	133.017045454545
8	12	140.55	128.598958333333
7	13	139.614285714286	124.067115384615
6	14	138.623333333333	118.719642857143
5	15	137.394	112.753166666667
4	16	136.0625	106.730625
3	17	134.566666666667	98.7722058823529
2	18	133.005	90.5002777777777
1	19	113.175	80.9130263157895
0	20	0	69.87475
