num_of_generous_TFT	num_of_guilt_driven_amending	average_fitness_of_generous_TFT	average_fitness_of_guilt_driven_amending
20	0	150	0
19	1	149.019605263158	151.6775
18	2	148.154583333333	150.27625
17	3	147.243970588235	148.565833333333
16	4	146.2825	147.329375
15	5	145.4205	146.1075
14	6	144.434285714286	144.82625
13	7	143.426923076923	143.403571428571
12	8	142.555416666667	142.1859375
11	9	141.687045454546	140.956944444444
10	10	140.88	139.554
9	11	139.905555555556	138.288409090909
8	12	138.855	137.014375
7	13	137.987857142857	135.628076923077
6	14	137.059166666667	134.356964285714
5	15	136.116	133.031333333333
4	16	135.006875	131.655
3	17	134.1375	130.428088235294
2	18	133.365	129.129583333333
1	19	132.3675	127.995263157895
0	20	0	126.48825
