num_of_generous_TFT	num_of_shame_driven_denying	average_fitness_of_generous_TFT	average_fitness_of_shame_driven_denying
20	0	150	0
19	1	143.315526315789	154.1825
18	2	136.715833333333	147.4025
17	3	129.679264705882	141.908333333333
16	4	123.2509375	135.575625
15	5	116.57	129.034
14	6	110.257321428571	122.5625
13	7	103.73	116.956071428571
12	8	96.9852083333333	109.711875
11	9	90.0477272727273	103.786388888889
10	10	83.59225	97.505
9	11	76.9797222222222	90.9372727272727
8	12	69.276875	84.7777083333333
7	13	63.8703571428571	78.2540384615385
6	14	56.0925	72.1032142857143
5	15	50.739	65.5385
4	16	43.03125	59.5678125
3	17	37.9008333333333	52.9351470588235
2	18	29.8675	46.7838888888889
1	19	22.5325	40.531447368421
0	20	0	34.407375
