num_of_generous_TFT	num_of_guilt_driven_amending	average_fitness_of_generous_TFT	average_fitness_of_guilt_driven_amending
20	0	150	0
19	1	148.2925	153.8225
18	2	146.574166666667	151.42
17	3	144.900735294118	149.150833333333
16	4	143.100625	146.726875
15	5	141.303	144.7265
14	6	139.565178571429	142.280833333333
13	7	137.920769230769	140.0175
12	8	136.207916666667	137.43125
11	9	134.511590909091	135.327777777778
10	10	132.88275	132.78575
9	11	131.188611111111	130.601363636364
8	12	129.4428125	128.367083333333
7	13	127.626071428571	125.860769230769
6	14	125.851666666667	123.667857142857
5	15	124.086	121.4085
4	16	122.381875	119.09984375
3	17	120.421666666667	116.824264705882
2	18	118.9525	114.556666666667
1	19	116.94	112.115657894737
0	20	0	109.810625
