num_of_always_defect	num_of_shame_driven_hiding	average_fitness_of_always_defect	average_fitness_of_shame_driven_hiding
50	0	0	0
49	1	0.983877551020408	-24.065
48	2	1.966875	-21.555
47	3	2.94659574468085	-19.1333333333333
46	4	3.93282608695652	-16.7725
45	5	4.91555555555556	-14.324
44	6	5.89545454545454	-11.8558333333333
43	7	6.88209302325582	-9.46428571428572
42	8	7.85976190476191	-6.956875
41	9	8.85682926829268	-4.65277777777778
40	10	9.82375	-2.179
39	11	10.8248717948718	0.470909090909091
38	12	11.7918421052632	2.75333333333333
37	13	12.7686486486486	5.21384615384615
36	14	13.7647222222222	7.71678571428572
35	15	14.7542857142857	10.0436666666667
34	16	15.7291176470588	12.739375
33	17	16.7157575757576	15.1285294117647
32	18	17.6903125	17.6836111111111
31	19	18.6806451612903	20.2634210526316
30	20	19.6626666666667	22.628
29	21	20.6637931034482	25.052380952381
28	22	21.6207142857143	27.6106818181818
27	23	22.6133333333333	30.0969565217391
26	24	23.6111538461538	32.74125
25	25	24.5808	35.2242
24	26	25.56	37.7205769230769
23	27	26.5221739130435	40.3444444444444
22	28	27.5263636363636	42.715
21	29	28.5042857142857	45.3377586206896
20	30	29.4735	47.7696666666667
19	31	30.4894736842105	50.2074193548387
18	32	31.4344444444444	52.913125
17	33	32.4576470588235	55.3512121212121
16	34	33.37875	57.855294117647
15	35	34.434	60.4491428571428
14	36	35.3978571428571	62.9804166666666
13	37	36.4015384615385	65.5191891891892
12	38	37.3558333333333	68.0498684210526
11	39	38.3681818181818	70.5953846153846
10	40	39.336	73.122125
9	41	40.3533333333333	75.7432926829268
8	42	41.28375	78.3172619047619
7	43	42.2657142857143	80.8693023255814
6	44	43.2566666666667	83.4535227272727
5	45	44.272	86.076
4	46	45.25	88.6266304347826
3	47	46.2	91.2046808510638
2	48	47.155	93.8460416666667
1	49	48.13	96.3704081632653
0	50	0	99
