num_of_always_trembling	num_of_tit_for_tat	average_fitness_of_always_trembling	average_fitness_of_tit_for_tat
50	0	50.0706	0
49	1	50.4	38.03
48	2	50.9059375	39.59
47	3	51.6184042553191	40.51
46	4	51.9738043478261	41.77375
45	5	52.2804444444444	43.141
44	6	52.8993181818182	43.8491666666667
43	7	53.3595348837209	45.5785714285714
42	8	53.8235714285714	46.809375
41	9	54.4991463414634	47.8716666666666
40	10	55.0065	49.1755
39	11	55.5874358974359	50.3645454545454
38	12	56.1438157894737	51.85625
37	13	56.5321621621621	53.1173076923077
36	14	56.9556944444445	54.2321428571428
35	15	57.468	55.792
34	16	57.7208823529412	56.97875
33	17	58.3612121212121	58.1876470588235
32	18	58.53765625	59.2944444444445
31	19	59.3001612903226	60.7452631578947
30	20	59.9145	62.04875
29	21	60.3715517241379	63.1292857142857
28	22	60.9896428571429	64.3859090909091
27	23	61.3866666666667	65.6289130434783
26	24	61.6076923076923	67.1679166666667
25	25	62.276	68.3232
24	26	62.5945833333333	69.7351923076923
23	27	63.2963043478261	70.9035185185185
22	28	63.8688636363636	72.08375
21	29	64.3216666666667	73.4294827586207
20	30	64.75825	74.6378333333333
19	31	65.1739473684211	75.9637096774194
18	32	65.7130555555556	77.19921875
17	33	66.1644117647059	78.5042424242424
16	34	66.7721875	79.7170588235294
15	35	67.272	80.9837142857143
14	36	67.8217857142857	82.3108333333333
13	37	68.0311538461538	83.557027027027
12	38	68.585	84.8053947368421
11	39	69.0627272727273	86.1789743589744
10	40	69.674	87.41825
9	41	70.2872222222223	88.6203658536586
8	42	70.495	89.8735714285714
7	43	70.9835714285714	91.1416279069768
6	44	71.7258333333333	92.4439772727272
5	45	72.006	93.6331111111111
4	46	72.80375	94.9551086956522
3	47	73.4633333333333	96.1696808510638
2	48	73.6925	97.4708333333334
1	49	74.31	98.7380612244898
0	50	0	100
