num_of_always_defect	num_of_always_trembling	average_fitness_of_always_defect	average_fitness_of_always_trembling
50	0	0	0
49	1	2.02469387755102	-50.08
48	2	4.10520833333333	-47.9525
47	3	6.13021276595745	-45.93
46	4	8.13478260869565	-43.90875
45	5	10.2435555555556	-41.871
44	6	12.2488636363636	-39.8166666666667
43	7	14.2676744186046	-37.8457142857143
42	8	16.2828571428571	-35.40875
41	9	18.4078048780488	-33.6872222222222
40	10	20.369	-31.736
39	11	22.5138461538462	-29.5581818181818
38	12	24.5205263157895	-27.39125
37	13	26.6710810810811	-25.4419230769231
36	14	28.7161111111111	-23.4575
35	15	30.5308571428571	-21.305
34	16	32.6244117647059	-19.455625
33	17	34.4836363636364	-17.3923529411765
32	18	36.6784375	-15.3327777777778
31	19	38.9645161290323	-13.2873684210526
30	20	40.9716666666667	-11.141
29	21	42.848275862069	-9.21333333333333
28	22	44.7528571428571	-7.15954545454546
27	23	46.8774074074074	-5.13086956521739
26	24	48.8942307692308	-3.11833333333333
25	25	50.9452	-0.906
24	26	53.0091666666667	1.15807692307692
23	27	55.0491304347826	3.26148148148148
22	28	57.1118181818182	4.97357142857143
21	29	59.0642857142857	7.19603448275862
20	30	61.3285	9.16733333333334
19	31	63.0615789473684	11.3148387096774
18	32	65.3155555555556	12.97640625
17	33	67.0758823529412	15.1254545454545
16	34	69.365	17.5122058823529
15	35	71.4773333333333	19.3167142857143
14	36	73.5128571428571	21.4593055555556
13	37	75.5169230769231	23.4682432432432
12	38	77.5516666666667	25.6335526315789
11	39	79.6181818181818	27.4873076923077
10	40	81.465	29.698875
9	41	83.8455555555555	31.834512195122
8	42	85.77	33.6734523809524
7	43	88.1271428571428	35.7718604651163
6	44	90.085	37.83
5	45	91.118	39.7648888888889
4	46	92.9225	41.7047826086957
3	47	96.54	43.8473404255319
2	48	98.46	45.8178125
1	49	100.35	48.0013265306122
0	50	0	50.1446
