num_of_always_trembling	num_of_shame_driven_hiding	average_fitness_of_always_trembling	average_fitness_of_shame_driven_hiding
50	0	50.0041	0
49	1	50.4921428571429	39.47
48	2	50.9575	39.99
47	3	51.5403191489362	40.9666666666667
46	4	52.0561956521739	41.785
45	5	52.5877777777778	43.381
44	6	52.8984090909091	44.7308333333333
43	7	53.3901162790698	45.3921428571429
42	8	53.8146428571429	47.255
41	9	54.1774390243903	48.2211111111111
40	10	54.895625	49.353
39	11	55.3315384615385	50.3981818181818
38	12	55.7281578947368	51.7908333333333
37	13	56.2036486486486	53.0896153846154
36	14	56.5033333333334	54.3257142857143
35	15	57.2367142857143	55.514
34	16	57.5722058823529	56.5165625
33	17	58.0313636363636	57.805
32	18	58.42953125	59.0825
31	19	58.7756451612903	60.1978947368421
30	20	59.3473333333333	61.66825
29	21	59.9351724137931	62.7421428571429
28	22	60.4382142857143	63.9115909090909
27	23	60.8024074074074	65.084347826087
26	24	61.3469230769231	66.4385416666667
25	25	62.0168	67.5542
24	26	62.2397916666667	69.0094230769231
23	27	62.8454347826087	70.1005555555556
22	28	63.2331818181818	71.38375
21	29	63.5566666666667	72.523275862069
20	30	64.08625	73.7193333333334
19	31	64.6731578947368	75.13
18	32	65.0936111111111	76.30578125
17	33	65.3461764705882	77.5893939393939
16	34	66.2575	78.7719117647059
15	35	66.7523333333333	80.1087142857143
14	36	67.1157142857143	81.29125
13	37	67.5603846153846	82.6489189189189
12	38	68.1666666666666	83.8446052631578
11	39	68.4840909090909	85.2067948717948
10	40	69.0135	86.323375
9	41	69.3972222222222	87.6095121951219
8	42	69.87375	88.8596428571429
7	43	70.1457142857143	90.0806976744186
6	44	70.6791666666667	91.4221590909091
5	45	71.467	92.627
4	46	71.60875	93.876847826087
3	47	72.535	95.220744680851
2	48	72.575	96.4596875
1	49	73.19	97.7484693877551
0	50	0	99
