num_of_always_defect	num_of_shame_driven_denying	average_fitness_of_always_defect	average_fitness_of_shame_driven_denying
50	0	0	0
49	1	0.984489795918368	-24.055
48	2	1.963125	-21.73
47	3	2.94851063829787	-19.2016666666667
46	4	3.93282608695652	-16.80375
45	5	4.91355555555556	-14.403
44	6	5.89181818181818	-11.9766666666667
43	7	6.87906976744187	-9.50357142857143
42	8	7.86285714285715	-7.079375
41	9	8.85170731707317	-4.60111111111111
40	10	9.8375	-1.9935
39	11	10.8130769230769	0.370909090909091
38	12	11.7944736842105	2.87791666666667
37	13	12.7797297297297	5.21961538461538
36	14	13.7705555555556	7.56607142857143
35	15	14.7351428571429	9.83866666666667
34	16	15.7388235294118	12.2653125
33	17	16.6969696969697	14.8285294117647
32	18	17.683125	17.1836111111111
31	19	18.6858064516129	19.606052631579
30	20	19.6803333333333	22.03
29	21	20.6593103448276	24.6016666666667
28	22	21.6271428571429	27.0459090909091
27	23	22.6166666666667	29.2995652173913
26	24	23.6061538461538	31.8022916666667
25	25	24.5916	34.344
24	26	25.5658333333333	36.83
23	27	26.5547826086956	39.1940740740741
22	28	27.5404545454546	41.6451785714286
21	29	28.5166666666667	43.8487931034483
20	30	29.499	46.4421666666666
19	31	30.4552631578947	48.8632258064516
18	32	31.4783333333333	51.408125
17	33	32.4552941176471	53.7651515151515
16	34	33.4175	56.2344117647059
15	35	34.41	58.5967142857143
14	36	35.3864285714286	61.0958333333333
13	37	36.39	63.3467567567567
12	38	37.3241666666667	65.9080263157895
11	39	38.3636363636364	68.355641025641
10	40	39.356	70.741
9	41	40.2688888888889	73.2908536585366
8	42	41.30125	75.5829761904762
7	43	42.2642857142857	78.1398837209302
6	44	43.2783333333333	80.6022727272728
5	45	44.196	82.935
4	46	45.2175	85.3640217391304
3	47	46.1966666666667	87.7725531914893
2	48	47.215	90.2528125
1	49	48.32	92.6244897959184
0	50	0	95.0832
