num_of_always_cooperate	num_of_always_trembling	average_fitness_of_always_cooperate	average_fitness_of_always_trembling
50	0	100	0
49	1	97.9179591836734	149.64
48	2	95.943125	147.5175
47	3	93.8597872340426	145.823333333333
46	4	91.8619565217391	144.11
45	5	89.782	141.905
44	6	87.7731818181818	139.540833333333
43	7	85.7455813953489	137.672857142857
42	8	83.7340476190476	135.635
41	9	81.6963414634146	133.865555555556
40	10	79.5285	131.438
39	11	77.684358974359	129.617272727273
38	12	75.3481578947368	127.5625
37	13	73.46	125.379230769231
36	14	71.3758333333333	123.652857142857
35	15	69.3042857142857	121.537333333333
34	16	67.3285294117647	119.29
33	17	65.3787878787879	117.001470588235
32	18	63.2909375	115.295833333333
31	19	61.2893548387097	113.104210526316
30	20	59.3923333333333	111.037
29	21	57.0055172413793	109.150952380952
28	22	54.9785714285715	106.968409090909
27	23	53.0940740740741	105.041956521739
26	24	51.1180769230769	102.984375
25	25	49.0668	101.01
24	26	47.0354166666667	98.9959615384615
23	27	44.8678260869565	96.7846296296296
22	28	42.8322727272727	94.5864285714285
21	29	40.63	93.0310344827586
20	30	38.6735	90.675
19	31	36.6542105263158	88.8814516129033
18	32	34.5894444444444	86.8034375
17	33	32.8135294117647	84.7092424242424
16	34	30.443125	82.579705882353
15	35	28.4806666666667	80.3505714285714
14	36	26.3857142857143	78.5815277777777
13	37	24.3992307692308	76.4793243243243
12	38	22.4833333333333	74.463947368421
11	39	20.2945454545455	72.4242307692308
10	40	18.417	70.538125
9	41	16.5422222222222	68.435487804878
8	42	14.81875	66.4486904761905
7	43	12.49	64.3473255813954
6	44	10.17	62.2476136363636
5	45	7.968	60.2038888888889
4	46	5.5325	58.0967391304348
3	47	4.19	56.0568085106383
2	48	3.375	54.1359375
1	49	-0.53	52.1793877551021
0	50	0	49.9509
