num_of_always_defect	num_of_tit_for_tat	average_fitness_of_always_defect	average_fitness_of_tit_for_tat
50	0	0	0
49	1	0.983673469387755	-24.065
48	2	1.96729166666667	-21.6975
47	3	2.95425531914893	-19.01
46	4	3.93282608695652	-16.52125
45	5	4.91888888888889	-13.895
44	6	5.90909090909091	-11.4791666666667
43	7	6.89465116279071	-8.94285714285714
42	8	7.87071428571429	-6.375625
41	9	8.84926829268293	-3.71
40	10	9.846	-1.3455
39	11	10.8235897435897	1.30318181818182
38	12	11.8163157894737	3.78458333333333
37	13	12.7859459459459	6.35615384615385
36	14	13.7772222222222	8.905
35	15	14.7648571428571	11.4843333333333
34	16	15.7444117647059	13.9934375
33	17	16.7360606060606	16.5373529411765
32	18	17.6878125	19.0088888888889
31	19	18.6848387096774	21.4210526315789
30	20	19.6676666666667	24.0505
29	21	20.67	26.5997619047619
28	22	21.6453571428571	29.0704545454545
27	23	22.5877777777778	31.584347826087
26	24	23.6069230769231	34.2085416666667
25	25	24.5924	36.651
24	26	25.5645833333333	39.1038461538461
23	27	26.5808695652174	41.8322222222222
22	28	27.5504545454545	44.3948214285714
21	29	28.5161904761905	46.8253448275862
20	30	29.51	49.3933333333333
19	31	30.5226315789474	51.9696774193548
18	32	31.4627777777778	54.35546875
17	33	32.4594117647059	57.0209090909091
16	34	33.470625	59.5261764705882
15	35	34.4153333333333	62.007
14	36	35.4435714285714	64.5690277777778
13	37	36.3938461538462	67.0589189189189
12	38	37.3641666666666	69.5465789473684
11	39	38.3945454545455	72.1848717948718
10	40	39.331	74.761875
9	41	40.3266666666667	77.1508536585366
8	42	41.29125	79.7903571428572
7	43	42.2914285714286	82.3097674418605
6	44	43.285	84.7061363636364
5	45	44.244	87.3021111111111
4	46	45.255	89.8535869565217
3	47	46.3366666666667	92.3804255319149
2	48	47.21	94.9369791666667
1	49	48.37	97.4702040816326
0	50	0	100
