num_of_always_cooperate	num_of_TFT_with_trembling_hand	average_fitness_of_always_cooperate	average_fitness_of_TFT_with_trembling_hand
50	0	100	0
49	1	99.9548979591835	101
48	2	99.9266666666667	100.935
47	3	99.8763829787233	100.826666666667
46	4	99.8378260869565	100.75375
45	5	99.7966666666667	100.674
44	6	99.7581818181818	100.5525
43	7	99.7211627906976	100.551428571429
42	8	99.6804761904762	100.409375
41	9	99.6356097560976	100.363888888889
40	10	99.59025	100.2755
39	11	99.5517948717949	100.146363636364
38	12	99.5247368421053	100.093333333333
37	13	99.4732432432432	100.085384615385
36	14	99.4422222222222	99.9339285714286
35	15	99.3777142857143	99.88
34	16	99.3488235294117	99.7471875
33	17	99.2942424242423	99.7073529411765
32	18	99.2625	99.6511111111111
31	19	99.2129032258064	99.4771052631579
30	20	99.1966666666667	99.45
29	21	99.1510344827585	99.3804761904762
28	22	99.105	99.2859090909091
27	23	99.0514814814815	99.2521739130435
26	24	98.9907692307693	99.14375
25	25	98.9736	99.0700000000001
24	26	98.93875	98.9898076923077
23	27	98.9	98.8970370370371
22	28	98.8404545454546	98.84875
21	29	98.8380952380952	98.7375862068965
20	30	98.772	98.684
19	31	98.72	98.5532258064517
18	32	98.7216666666667	98.46625
17	33	98.6329411764707	98.4390909090909
16	34	98.579375	98.3614705882353
15	35	98.5853333333334	98.2648571428572
14	36	98.5128571428571	98.1825
13	37	98.4869230769231	98.1063513513514
12	38	98.4766666666667	97.9930263157895
11	39	98.4090909090909	97.947435897436
10	40	98.347	97.85325
9	41	98.3455555555557	97.7984146341464
8	42	98.2975	97.7009523809523
7	43	98.2171428571428	97.5998837209303
6	44	98.19	97.5313636363637
5	45	98.16	97.452
4	46	98.15	97.350652173913
3	47	98.08	97.3323404255319
2	48	98.03	97.2116666666667
1	49	98	97.1373469387755
0	50	0	97.0641
