num_of_always_cooperate	num_of_always_defect	average_fitness_of_always_cooperate	average_fitness_of_always_defect
50	0	100	0
49	1	95.8869387755102	200
48	2	91.9064583333333	196.195
47	3	87.773829787234	191.926666666667
46	4	83.6839130434783	187.735
45	5	79.6322222222222	183.514
44	6	75.5752272727273	179.493333333333
43	7	71.366511627907	175.558571428571
42	8	67.3835714285714	171.0375
41	9	63.2870731707317	167.573333333333
40	10	59.212	163.307
39	11	55.0730769230769	158.869090909091
38	12	51.1684210526316	154.960833333333
37	13	46.8856756756757	150.862307692308
36	14	42.8913888888889	146.915
35	15	38.7522857142857	142.740666666667
34	16	34.7961764705882	138.8425
33	17	30.6781818181818	134.852941176471
32	18	26.691875	130.374444444444
31	19	22.3270967741935	126.596842105263
30	20	18.525	122.2315
29	21	14.321724137931	118.185238095238
28	22	10.27	114.145454545455
27	23	6.28851851851852	110.200869565217
26	24	1.96153846153846	105.829166666667
25	25	-2.0564	102.152
24	26	-6.13833333333334	98.05
23	27	-10.3021739130435	93.7362962962963
22	28	-14.2340909090909	90.0407142857143
21	29	-18.3290476190476	85.6724137931034
20	30	-22.317	81.768
19	31	-26.4236842105263	77.6212903225806
18	32	-30.4805555555556	73.47375
17	33	-34.5317647058824	69.5545454545455
16	34	-38.898125	65.3341176470588
15	35	-42.8646666666667	61.3397142857143
14	36	-46.7857142857143	57.1469444444445
13	37	-50.9084615384616	53.0813513513514
12	38	-55.25	48.8460526315789
11	39	-58.8963636363636	44.9051282051282
10	40	-62.873	40.80025
9	41	-67.1933333333333	36.6158536585366
8	42	-71.51125	32.7057142857143
7	43	-75.5185714285714	28.6381395348837
6	44	-79.545	24.4456818181818
5	45	-83.608	20.5251111111111
4	46	-87.5025	16.2736956521739
3	47	-91.5866666666667	12.2459574468085
2	48	-95.945	8.12895833333333
1	49	-100	4.11673469387755
0	50	0	0
