num_of_always_cooperate	num_of_shame_driven_hiding	average_fitness_of_always_cooperate	average_fitness_of_shame_driven_hiding
50	0	100	0
49	1	99.9626530612244	101
48	2	99.91875	100.94
47	3	99.8787234042553	100.883333333333
46	4	99.8371739130435	100.86
45	5	99.802	100.874
44	6	99.7602272727273	100.786666666667
43	7	99.7060465116279	100.765714285714
42	8	99.6788095238095	100.72125
41	9	99.6317073170732	100.676666666667
40	10	99.6005	100.655
39	11	99.551282051282	100.588181818182
38	12	99.5263157894737	100.559166666667
37	13	99.4783783783784	100.536923076923
36	14	99.4427777777778	100.487857142857
35	15	99.4065714285714	100.440666666667
34	16	99.3461764705882	100.396875
33	17	99.3169696969696	100.348823529412
32	18	99.26125	100.296666666667
31	19	99.2129032258064	100.281052631579
30	20	99.1906666666667	100.2445
29	21	99.161724137931	100.216666666667
28	22	99.1149999999999	100.154545454545
27	23	99.0674074074074	100.092173913044
26	24	99.0234615384616	100.065
25	25	98.9544	100.006
24	26	98.9308333333333	99.9926923076923
23	27	98.8904347826087	99.9437037037038
22	28	98.8613636363636	99.9121428571428
21	29	98.8123809523809	99.8958620689655
20	30	98.7915	99.8136666666666
19	31	98.7273684210526	99.7664516129032
18	32	98.735	99.7365625
17	33	98.6529411764706	99.709696969697
16	34	98.6125	99.6444117647059
15	35	98.576	99.6048571428572
14	36	98.5185714285714	99.5813888888889
13	37	98.5030769230769	99.5151351351351
12	38	98.4625	99.5013157894737
11	39	98.4209090909091	99.4430769230769
10	40	98.363	99.41325
9	41	98.3500000000001	99.3887804878049
8	42	98.315	99.3214285714286
7	43	98.24	99.2848837209303
6	44	98.2133333333333	99.245
5	45	98.172	99.198888888889
4	46	98.1275	99.1593478260869
3	47	98.0733333333334	99.1172340425532
2	48	98.035	99.08375
1	49	98	99.0373469387757
0	50	0	99
