num_of_always_cooperate	num_of_shame_driven_denying	average_fitness_of_always_cooperate	average_fitness_of_shame_driven_denying
50	0	100	0
49	1	99.8804081632652	103.035
48	2	99.7464583333333	102.7025
47	3	99.64	102.605
46	4	99.5078260869565	102.54125
45	5	99.3717777777778	102.423
44	6	99.2686363636363	102.255
43	7	99.1018604651163	102.043571428571
42	8	98.9745238095238	101.879375
41	9	98.9143902439025	101.753333333333
40	10	98.78825	101.5885
39	11	98.6528205128206	101.395
38	12	98.5823684210526	101.182083333333
37	13	98.3454054054054	101.087307692308
36	14	98.2933333333334	100.957857142857
35	15	98.14	100.749666666667
34	16	97.9832352941176	100.4965625
33	17	97.8769696969697	100.427058823529
32	18	97.853125	100.2775
31	19	97.6987096774194	100.092368421053
30	20	97.5436666666667	99.95575
29	21	97.4475862068965	99.7319047619048
28	22	97.3421428571429	99.5738636363636
27	23	97.1681481481481	99.4139130434783
26	24	97.0476923076923	99.26375
25	25	96.9292	99.0988
24	26	96.8525	98.9659615384616
23	27	96.5586956521739	98.8327777777778
22	28	96.5945454545455	98.6546428571429
21	29	96.5371428571429	98.4775862068966
20	30	96.3675	98.3046666666667
19	31	96.1294736842106	98.1662903225806
18	32	95.9716666666667	98.01296875
17	33	95.8605882352941	97.8478787878788
16	34	95.853125	97.7094117647059
15	35	95.746	97.5245714285714
14	36	95.6542857142857	97.3365277777778
13	37	95.4376923076923	97.2068918918918
12	38	95.2283333333333	96.9907894736842
11	39	95.1018181818182	96.8476923076923
10	40	95.144	96.7080000000001
9	41	94.9755555555555	96.5493902439024
8	42	94.8625	96.3471428571429
7	43	94.7028571428572	96.3175581395349
6	44	94.4883333333333	95.9985227272727
5	45	94.588	95.8815555555556
4	46	94.4275	95.7307608695652
3	47	94.3666666666666	95.5493617021276
2	48	94.49	95.4220833333334
1	49	94.05	95.2395918367347
0	50	0	95.0872
