num_of_always_defect	num_of_TFT_with_trembling_hand	average_fitness_of_always_defect	average_fitness_of_TFT_with_trembling_hand
50	0	0	0
49	1	0.986122448979592	-24.02
48	2	1.96541666666667	-21.7575
47	3	2.94978723404255	-19.16
46	4	3.93434782608695	-16.67875
45	5	4.91377777777778	-14.124
44	6	5.90045454545455	-11.8266666666667
43	7	6.88093023255815	-9.30928571428571
42	8	7.86142857142858	-6.77625
41	9	8.85073170731707	-4.375
40	10	9.8265	-1.6945
39	11	10.8169230769231	0.572727272727273
38	12	11.8057894736842	3.01958333333333
37	13	12.7848648648649	5.61461538461539
36	14	13.7652777777778	8.10392857142857
35	15	14.744	10.393
34	16	15.7252941176471	13.195625
33	17	16.7051515151515	15.4426470588235
32	18	17.6896875	17.9536111111111
31	19	18.6903225806452	20.3468421052632
30	20	19.6643333333333	22.837
29	21	20.6410344827586	25.2954761904762
28	22	21.6385714285714	27.8954545454545
27	23	22.6096296296296	30.2339130434783
26	24	23.6023076923077	32.7266666666667
25	25	24.6004	35.2138
24	26	25.5775	37.7144230769231
23	27	26.5465217391304	40.2092592592592
22	28	27.5236363636364	42.7785714285714
21	29	28.517619047619	45.1044827586207
20	30	29.4885	47.5905
19	31	30.4715789473684	50.1406451612903
18	32	31.4488888888889	52.721875
17	33	32.4741176470588	55.1101515151515
16	34	33.438125	57.5095588235294
15	35	34.45	60.0301428571428
14	36	35.38	62.4233333333334
13	37	36.3807692307692	64.9236486486486
12	38	37.3408333333333	67.3236842105263
11	39	38.3227272727273	69.9208974358975
10	40	39.304	72.426625
9	41	40.2955555555556	74.8373170731707
8	42	41.29125	77.2521428571428
7	43	42.3157142857143	79.7022093023256
6	44	43.2383333333333	82.1718181818182
5	45	44.268	84.6856666666667
4	46	45.235	87.1759782608696
3	47	46.2166666666667	89.6228723404255
2	48	47.155	92.0772916666667
1	49	48.24	94.5723469387756
0	50	0	97.0365
