num_of_always_trembling	num_of_Pavlov	average_fitness_of_always_trembling	average_fitness_of_Pavlov
50	0	49.8183	0
49	1	50.3307142857143	50.855
48	2	50.9941666666667	50.5425
47	3	51.3979787234043	51.4066666666667
46	4	52.1845652173913	51.1075
45	5	52.4718888888889	51.496
44	6	52.9913636363636	52.8958333333333
43	7	53.481511627907	52.2678571428571
42	8	54.0514285714286	53.325
41	9	54.6201219512195	53.6161111111111
40	10	54.8645	54.4225
39	11	55.3028205128205	54.3268181818182
38	12	55.8301315789473	55.6141666666667
37	13	56.352972972973	55.9288461538461
36	14	56.4848611111111	56.5735714285714
35	15	57.1167142857143	56.883
34	16	57.4895588235294	57.6303125
33	17	58.0642424242424	57.9355882352941
32	18	58.61609375	58.3805555555556
31	19	58.9285483870968	58.9073684210526
30	20	59.6813333333334	59.19825
29	21	60.3253448275862	59.8045238095238
28	22	60.7291071428571	60.4497727272727
27	23	61.2031481481482	60.8589130434783
26	24	61.6130769230769	61.160625
25	25	62.0038	61.9286
24	26	62.4483333333334	62.6571153846154
23	27	63.0480434782609	63.0664814814815
22	28	63.5986363636364	63.6398214285714
21	29	64.112619047619	64.081724137931
20	30	64.6935	64.6065
19	31	65.1971052631579	65.2564516129033
18	32	65.7986111111111	65.78390625
17	33	66.1214705882353	66.2153030303031
16	34	66.248125	66.7354411764706
15	35	66.904	67.459
14	36	67.3910714285714	68.0427777777778
13	37	67.8476923076923	68.5817567567568
12	38	68.39375	69.2394736842105
11	39	68.5759090909091	69.9582051282051
10	40	69.2805	70.516625
9	41	69.9622222222222	71.2940243902439
8	42	70.405625	71.8821428571429
7	43	70.4807142857143	72.5853488372093
6	44	71.0325	73.5664772727273
5	45	70.888	74.2223333333334
4	46	71.4825	75.3597826086957
3	47	73.135	76.5794680851064
2	48	72.935	78.1748958333333
1	49	73.835	80.0427551020408
0	50	0	82.5115
