num_of_always_trembling	num_of_TFT_with_trembling_hand	average_fitness_of_always_trembling	average_fitness_of_TFT_with_trembling_hand
50	0	49.9274	0
49	1	50.7024489795918	38.215
48	2	50.9075	39.5125
47	3	51.5005319148936	40.5883333333333
46	4	51.7060869565217	41.5775
45	5	52.4474444444444	43.339
44	6	52.7346590909091	44.0508333333333
43	7	53.193488372093	45.8907142857143
42	8	53.9517857142857	46.765
41	9	54.4335365853659	48.135
40	10	54.6755	49.336
39	11	55.2260256410257	50.6759090909091
38	12	55.6944736842105	51.27
37	13	56.0793243243243	52.6819230769231
36	14	56.6138888888889	53.9392857142857
35	15	57.1397142857143	55.3296666666667
34	16	57.6486764705882	56.2025
33	17	57.889696969697	57.6117647058824
32	18	58.60875	58.7491666666667
31	19	58.9270967741935	59.9394736842105
30	20	59.2698333333333	61.0675
29	21	60.0272413793104	62.3102380952381
28	22	60.3985714285714	63.6027272727273
27	23	60.9487037037037	64.6795652173913
26	24	61.4467307692307	65.925
25	25	61.9442	66.9306
24	26	62.3833333333334	68.365
23	27	62.7802173913043	69.5661111111111
22	28	63.1688636363636	70.7646428571429
21	29	63.8347619047619	71.9772413793103
20	30	64.3405	73.0995
19	31	64.7457894736842	74.2164516129032
18	32	65.335	75.441875
17	33	65.565294117647	76.6395454545455
16	34	66.424375	77.8591176470588
15	35	66.886	79.0518571428571
14	36	67.5778571428571	80.2729166666667
13	37	67.7973076923077	81.515
12	38	68.0308333333333	82.6109210526316
11	39	68.3740909090909	83.8283333333333
10	40	69.0095	85.02475
9	41	69.3738888888889	86.2380487804878
8	42	69.995625	87.5272619047619
7	43	70.4235714285714	88.6252325581396
6	44	71.1083333333333	89.8896590909091
5	45	71.551	91.0258888888889
4	46	71.62125	92.2321739130435
3	47	72.19	93.4681914893617
2	48	73.3125	94.6579166666667
1	49	73.8	95.8364285714285
0	50	0	97.0469
