num_of_guilt_driven_amending	num_of_Pavlov	average_fitness_of_guilt_driven_amending	average_fitness_of_Pavlov
50	0	98.2677	0
49	1	98.2014285714286	82.54
48	2	98.1494791666667	82.8075
47	3	98.0957446808511	82.1633333333334
46	4	98.0166304347826	81.88375
45	5	97.9181111111111	82.492
44	6	97.9045454545454	82.4008333333333
43	7	97.8009302325581	82.2757142857143
42	8	97.7291666666666	82.2875
41	9	97.7268292682927	82.1222222222222
40	10	97.608625	82.161
39	11	97.559358974359	81.5431818181818
38	12	97.5111842105263	81.92875
37	13	97.4194594594594	82.3584615384615
36	14	97.3722222222222	82.6321428571428
35	15	97.3295714285714	82.3086666666667
34	16	97.2366176470588	82.5546875
33	17	97.1607575757576	82.4397058823529
32	18	97.1265625	82.9138888888889
31	19	97.0809677419355	82.6128947368421
30	20	96.9794999999999	82.612
29	21	96.9063793103448	82.5945238095238
28	22	96.8208928571429	82.8393181818182
27	23	96.7811111111112	82.17
26	24	96.7398076923077	82.7822916666667
25	25	96.6662	82.5128
24	26	96.5522916666667	82.7136538461538
23	27	96.5665217391304	82.9251851851852
22	28	96.4609090909091	82.6601785714286
21	29	96.3614285714286	82.9246551724138
20	30	96.32675	82.8208333333333
19	31	96.2478947368421	82.8895161290323
18	32	96.2594444444445	82.799375
17	33	96.0655882352941	82.6272727272727
16	34	96.04875	82.6236764705882
15	35	96.0396666666666	82.7027142857143
14	36	95.9975	82.68375
13	37	95.8419230769231	82.812972972973
12	38	95.8145833333333	82.895
11	39	95.7104545454546	82.9529487179487
10	40	95.6355	82.83925
9	41	95.4661111111111	82.7646341463414
8	42	95.50375	82.5570238095238
7	43	95.45	82.9847674418604
6	44	95.425	82.66375
5	45	95.434	82.6798888888889
4	46	95.27125	82.7440217391304
3	47	95.0533333333334	82.8343617021276
2	48	95.0375	82.7403125
1	49	95.01	82.8683673469388
0	50	0	82.5173
