num_of_shame_driven_hiding	num_of_guilt_driven_amending	average_fitness_of_shame_driven_hiding	average_fitness_of_guilt_driven_amending
50	0	99	0
49	1	99.0141836734695	97.47
48	2	99.0313541666667	97.49
47	3	99.0457446808511	97.5566666666666
46	4	99.0613043478261	97.56375
45	5	99.0825555555556	97.583
44	6	99.0898863636364	97.5808333333334
43	7	99.1054651162791	97.6142857142857
42	8	99.1208333333334	97.594375
41	9	99.1419512195123	97.6361111111111
40	10	99.15275	97.6485
39	11	99.1696153846154	97.6768181818182
38	12	99.1889473684211	97.6570833333334
37	13	99.202972972973	97.7011538461538
36	14	99.225	97.6982142857143
35	15	99.2395714285714	97.6996666666667
34	16	99.2538235294117	97.7534375
33	17	99.2530303030303	97.7467647058824
32	18	99.2796875	97.7561111111111
31	19	99.3003225806452	97.7842105263158
30	20	99.2981666666667	97.7569999999999
29	21	99.3148275862069	97.8295238095238
28	22	99.3339285714285	97.8140909090909
27	23	99.3707407407407	97.844347826087
26	24	99.38	97.8514583333334
25	25	99.3828	97.8708
24	26	99.4068749999999	97.8588461538461
23	27	99.4221739130435	97.9112962962963
22	28	99.4384090909091	97.9126785714286
21	29	99.4338095238095	97.93
20	30	99.4715	97.9556666666666
19	31	99.4789473684211	97.9751612903226
18	32	99.4883333333333	97.99953125
17	33	99.5029411764706	97.9942424242424
16	34	99.5215625	98.0088235294117
15	35	99.5353333333333	98.0355714285714
14	36	99.5507142857142	98.0491666666667
13	37	99.5692307692307	98.0506756756757
12	38	99.5808333333333	98.0696052631579
11	39	99.5927272727272	98.0792307692307
10	40	99.627	98.11225
9	41	99.6200000000001	98.1437804878049
8	42	99.650625	98.1597619047619
7	43	99.6521428571428	98.1613953488372
6	44	99.6991666666667	98.1747727272728
5	45	99.688	98.1797777777777
4	46	99.72375	98.2105434782609
3	47	99.7283333333334	98.2170212765958
2	48	99.7275	98.2415625
1	49	99.755	98.2352040816327
0	50	0	98.2594
