num_of_shame_driven_denying	num_of_Pavlov	average_fitness_of_shame_driven_denying	average_fitness_of_Pavlov
50	0	95.0786	0
49	1	95.1492857142857	81.61
48	2	95.2104166666667	79.8725
47	3	95.2468085106383	80.7366666666667
46	4	95.2871739130434	80.46125
45	5	95.2897777777778	80.402
44	6	95.3403409090908	80.7108333333333
43	7	95.3913953488372	81.1342857142857
42	8	95.4880952380953	80.883125
41	9	95.5413414634146	80.5911111111111
40	10	95.5725	80.8005
39	11	95.5874358974359	80.635
38	12	95.6846052631579	80.8191666666666
37	13	95.7658108108108	81.0276923076923
36	14	95.7368055555556	81.2221428571429
35	15	95.7961428571428	81.3666666666667
34	16	95.9005882352941	81.579375
33	17	95.9451515151515	81.1279411764706
32	18	96.0625	81.3583333333333
31	19	96.0188709677419	81.3460526315789
30	20	96.1095	81.383
29	21	96.1548275862069	81.2590476190476
28	22	96.1960714285714	81.2645454545454
27	23	96.2275925925926	81.4576086956522
26	24	96.2913461538461	81.4958333333333
25	25	96.3196	81.65
24	26	96.42125	81.7601923076923
23	27	96.3976086956522	81.8074074074074
22	28	96.4275	81.5475
21	29	96.4985714285715	81.6681034482759
20	30	96.5515	81.9808333333333
19	31	96.678947368421	82.1127419354839
18	32	96.6811111111111	81.89796875
17	33	96.7185294117647	82.0437878787879
16	34	96.80875	82.227205882353
15	35	96.874	81.7868571428571
14	36	96.8767857142857	82.0748611111111
13	37	96.9357692307693	82.2936486486487
12	38	96.9491666666666	82.3255263157895
11	39	97.0577272727272	82.2387179487179
10	40	97.0175	82.43125
9	41	97.1383333333333	82.23
8	42	97.218125	82.4030952380952
7	43	97.2685714285714	82.3811627906976
6	44	97.2	82.4206818181818
5	45	97.265	82.3925555555556
4	46	97.35875	82.6371739130435
3	47	97.3316666666667	82.436170212766
2	48	97.545	82.4347916666667
1	49	97.4	82.6763265306123
0	50	0	82.6838
