num_of_shame_driven_denying	num_of_guilt_driven_amending	average_fitness_of_shame_driven_denying	average_fitness_of_guilt_driven_amending
50	0	95.1361	0
49	1	95.1757142857143	95.71
48	2	95.1741666666666	95.6625
47	3	95.261914893617	95.6833333333334
46	4	95.318152173913	95.8625
45	5	95.3712222222222	95.77
44	6	95.4402272727273	95.8475000000001
43	7	95.5038372093023	95.9764285714286
42	8	95.5192857142857	95.996875
41	9	95.6323170731707	96.0561111111111
40	10	95.674125	96.072
39	11	95.7098717948718	96.1459090909091
38	12	95.7463157894737	96.17
37	13	95.8652702702702	96.2
36	14	95.8186111111111	96.2660714285714
35	15	95.8802857142857	96.3153333333333
34	16	95.9923529411764	96.41625
33	17	95.9878787878788	96.4285294117647
32	18	96.006875	96.5236111111111
31	19	96.1703225806452	96.5318421052631
30	20	96.2431666666667	96.60275
29	21	96.2465517241379	96.5888095238095
28	22	96.2503571428571	96.7086363636364
27	23	96.3407407407408	96.7689130434782
26	24	96.3680769230769	96.8210416666667
25	25	96.485	96.894
24	26	96.5329166666667	96.9973076923077
23	27	96.6093478260869	97.0046296296296
22	28	96.6725	97.0633928571429
21	29	96.7188095238095	97.1072413793104
20	30	96.65425	97.1503333333333
19	31	96.8192105263158	97.1574193548387
18	32	96.8905555555556	97.298125
17	33	96.9414705882353	97.3568181818182
16	34	96.934375	97.3825
15	35	96.9956666666666	97.4374285714286
14	36	96.9778571428571	97.5283333333333
13	37	97.0969230769231	97.5801351351352
12	38	97.10125	97.6211842105263
11	39	97.2131818181819	97.6605128205128
10	40	97.2505	97.693375
9	41	97.2711111111111	97.7615853658537
8	42	97.369375	97.8236904761904
7	43	97.4342857142857	97.8936046511628
6	44	97.5483333333333	97.9423863636364
5	45	97.539	97.9696666666667
4	46	97.6475	98.0617391304348
3	47	97.675	98.0995744680851
2	48	97.6925	98.1708333333333
1	49	97.81	98.2137755102041
0	50	0	98.2705
