num_of_shame_driven_hiding	num_of_shame_driven_denying	average_fitness_of_shame_driven_hiding	average_fitness_of_shame_driven_denying
50	0	99	0
49	1	98.96	97.165
48	2	98.9208333333333	96.825
47	3	98.8709574468085	96.9483333333333
46	4	98.8338043478261	96.85375
45	5	98.7766666666667	96.815
44	6	98.7390909090909	96.6758333333333
43	7	98.6863953488372	96.8235714285714
42	8	98.6541666666666	96.7725
41	9	98.6109756097561	96.6572222222222
40	10	98.58575	96.6914999999999
39	11	98.5470512820513	96.56
38	12	98.5030263157895	96.5995833333333
37	13	98.4535135135135	96.5573076923077
36	14	98.4201388888889	96.5414285714286
35	15	98.3911428571429	96.4156666666667
34	16	98.3248529411765	96.40125
33	17	98.2868181818182	96.3994117647059
32	18	98.2384375	96.2908333333334
31	19	98.2014516129032	96.2905263157894
30	20	98.1608333333334	96.26675
29	21	98.1513793103449	96.1940476190476
28	22	98.0960714285714	96.1593181818182
27	23	98.0355555555555	96.0836956521739
26	24	98.0065384615385	96.0129166666667
25	25	97.9436	96.0182
24	26	97.8797916666667	95.9819230769231
23	27	97.8810869565217	95.937962962963
22	28	97.7995454545455	95.9026785714286
21	29	97.7483333333333	95.8931034482759
20	30	97.77075	95.9005
19	31	97.7134210526316	95.7774193548387
18	32	97.6475	95.7953125
17	33	97.6038235294117	95.7192424242424
16	34	97.6159375	95.7007352941177
15	35	97.52	95.6871428571429
14	36	97.4810714285714	95.6065277777778
13	37	97.4038461538461	95.600945945946
12	38	97.4516666666666	95.4743421052631
11	39	97.3768181818182	95.499358974359
10	40	97.3925	95.5035
9	41	97.2511111111111	95.4463414634146
8	42	97.21875	95.3658333333333
7	43	97.3085714285715	95.3513953488372
6	44	97.2175	95.3502272727273
5	45	97.1669999999999	95.3138888888889
4	46	97.06375	95.2579347826087
3	47	96.975	95.1979787234042
2	48	97.0525	95.1733333333334
1	49	96.91	95.1359183673469
0	50	0	95.0997
