num_of_TFT_with_trembling_hand	num_of_Pavlov	average_fitness_of_TFT_with_trembling_hand	average_fitness_of_Pavlov
50	0	97.0379	0
49	1	97.0146938775511	81.905
48	2	96.9927083333333	82.665
47	3	96.9787234042554	81.7383333333333
46	4	96.9553260869565	81.2725
45	5	96.9594444444444	81.916
44	6	96.8735227272728	82.0825
43	7	96.8610465116279	82.6907142857143
42	8	96.8490476190476	81.61125
41	9	96.7901219512195	82.2755555555555
40	10	96.81175	82.067
39	11	96.7805128205128	81.9154545454545
38	12	96.7419736842106	82.2583333333333
37	13	96.7368918918919	82.3080769230769
36	14	96.6990277777778	82.22
35	15	96.6788571428571	82.2253333333334
34	16	96.6566176470589	82.2478125
33	17	96.6034848484849	82.0770588235294
32	18	96.60890625	82.4266666666667
31	19	96.5846774193548	82.1692105263158
30	20	96.559	82.61775
29	21	96.4851724137931	82.0557142857143
28	22	96.4971428571429	82.7252272727273
27	23	96.462962962963	82.8510869565218
26	24	96.4392307692308	82.9047916666666
25	25	96.4138	82.1632
24	26	96.4083333333333	82.6817307692308
23	27	96.35	82.6316666666666
22	28	96.3345454545454	82.6251785714285
21	29	96.3230952380952	82.3231034482758
20	30	96.24725	82.6133333333333
19	31	96.3428947368421	82.9974193548388
18	32	96.2575	82.6634375
17	33	96.1941176470588	82.809696969697
16	34	96.215625	82.389705882353
15	35	96.2456666666666	82.3968571428572
14	36	96.205	82.6769444444445
13	37	96.0623076923077	82.5344594594595
12	38	96.1416666666667	82.2913157894737
11	39	96.1059090909091	82.9588461538462
10	40	96.0775	82.73925
9	41	96.0094444444444	82.7635365853658
8	42	96.00875	82.5189285714286
7	43	95.985	82.6640697674418
6	44	95.8466666666666	82.7977272727273
5	45	95.99	82.6124444444445
4	46	96.0075	82.6034782608695
3	47	95.8983333333333	82.6871276595745
2	48	95.86	82.70625
1	49	95.755	82.9114285714285
0	50	0	82.5675
