num_of_TFT_with_trembling_hand	num_of_guilt_driven_amending	average_fitness_of_TFT_with_trembling_hand	average_fitness_of_guilt_driven_amending
50	0	97.0379	0
49	1	97.0429591836735	97.415
48	2	97.1071875	97.2475
47	3	97.1107446808511	97.2716666666667
46	4	97.1201086956521	97.3175
45	5	97.1743333333333	97.257
44	6	97.1630681818182	97.25
43	7	97.1891860465116	97.2578571428571
42	8	97.1960714285714	97.31
41	9	97.2197560975609	97.2933333333334
40	10	97.294125	97.373
39	11	97.2848717948718	97.3972727272727
38	12	97.3313157894737	97.4516666666667
37	13	97.3244594594595	97.4765384615385
36	14	97.3781944444444	97.485
35	15	97.3651428571429	97.494
34	16	97.419705882353	97.49125
33	17	97.4084848484848	97.5232352941176
32	18	97.4165625	97.5655555555555
31	19	97.4614516129032	97.5994736842106
30	20	97.4781666666667	97.6025
29	21	97.5246551724138	97.612380952381
28	22	97.5208928571429	97.6415909090909
27	23	97.5555555555555	97.6684782608696
26	24	97.5676923076923	97.6964583333333
25	25	97.62	97.7222
24	26	97.65125	97.721923076923
23	27	97.6404347826087	97.7553703703704
22	28	97.6427272727272	97.7866071428571
21	29	97.6921428571429	97.805
20	30	97.6255	97.8266666666667
19	31	97.7302631578947	97.851129032258
18	32	97.7513888888889	97.881875
17	33	97.7411764705883	97.8969696969697
16	34	97.7921875	97.9013235294117
15	35	97.8393333333334	97.9242857142857
14	36	97.8785714285714	97.9359722222222
13	37	97.8830769230769	97.9906756756757
12	38	97.8566666666667	97.985
11	39	97.8922727272727	98.0273076923077
10	40	97.8945000000001	98.050625
9	41	97.9566666666667	98.0689024390244
8	42	98.01625	98.1057142857142
7	43	97.9642857142857	98.0938372093023
6	44	98.0458333333333	98.1219318181818
5	45	98.046	98.1573333333333
4	46	98.05	98.1814130434783
3	47	98.0533333333334	98.2046808510639
2	48	98.09	98.2238541666666
1	49	97.965	98.2385714285714
0	50	0	98.2721
