num_of_tit_for_tat	num_of_TFT_with_trembling_hand	average_fitness_of_tit_for_tat	average_fitness_of_TFT_with_trembling_hand
50	0	100	0
49	1	99.9496938775509	99.185
48	2	99.9072916666667	99.2075
47	3	99.8602127659575	99.22
46	4	99.8077173913044	99.12625
45	5	99.7366666666666	99.101
44	6	99.7386363636363	99.0975
43	7	99.6562790697674	99.0885714285714
42	8	99.6213095238095	98.999375
41	9	99.5636585365854	98.9488888888889
40	10	99.5053750000001	98.878
39	11	99.4557692307692	98.8377272727272
38	12	99.4406578947368	98.8083333333333
37	13	99.4041891891892	98.7707692307692
36	14	99.3354166666667	98.7482142857144
35	15	99.2978571428571	98.7183333333333
34	16	99.237794117647	98.6378125
33	17	99.1639393939394	98.555
32	18	99.1140625	98.5555555555555
31	19	99.0927419354838	98.5063157894737
30	20	99.0253333333333	98.43475
29	21	99.0018965517241	98.3595238095238
28	22	98.9719642857142	98.3431818181818
27	23	98.8877777777778	98.3108695652173
26	24	98.8911538461538	98.1954166666667
25	25	98.8036	98.192
24	26	98.7560416666666	98.1211538461538
23	27	98.7363043478261	98.107037037037
22	28	98.715	98.0808928571429
21	29	98.5914285714286	98.0681034482759
20	30	98.5717499999999	97.9483333333333
19	31	98.5313157894737	97.9403225806452
18	32	98.4769444444445	97.883125
17	33	98.3979411764706	97.8493939393939
16	34	98.3590625	97.7654411764706
15	35	98.3223333333333	97.7235714285714
14	36	98.2603571428572	97.6852777777778
13	37	98.2265384615385	97.652972972973
12	38	98.1604166666667	97.5798684210525
11	39	98.1272727272727	97.5485897435898
10	40	98.131	97.489125
9	41	98.0327777777777	97.4376829268293
8	42	97.978125	97.3965476190476
7	43	97.925	97.3359302325581
6	44	97.9033333333333	97.3336363636364
5	45	97.843	97.2801111111112
4	46	97.82	97.2356521739131
3	47	97.67	97.1626595744681
2	48	97.6975	97.1279166666667
1	49	97.7	97.0697959183674
0	50	0	97.0585
