num_of_tit_for_tat	num_of_shame_driven_denying	average_fitness_of_tit_for_tat	average_fitness_of_shame_driven_denying
50	0	100	0
49	1	99.9116326530612	98.89
48	2	99.8344791666667	98.9125
47	3	99.7508510638298	98.8766666666667
46	4	99.6739130434783	98.615
45	5	99.5911111111111	98.621
44	6	99.5187500000001	98.6575
43	7	99.4393023255813	98.4142857142857
42	8	99.3754761904762	98.493125
41	9	99.2642682926829	98.4033333333333
40	10	99.183625	98.305
39	11	99.0896153846154	98.2531818181818
38	12	99.0314473684211	98.0941666666666
37	13	98.9618918918919	98.0465384615385
36	14	98.8709722222222	98.0239285714286
35	15	98.7718571428571	97.8843333333333
34	16	98.7214705882353	97.78125
33	17	98.6034848484848	97.7173529411764
32	18	98.49546875	97.645
31	19	98.4524193548387	97.4876315789474
30	20	98.392	97.399
29	21	98.3093103448276	97.417619047619
28	22	98.2751785714285	97.2150000000001
27	23	98.1548148148148	97.3189130434782
26	24	98.0276923076923	97.0833333333334
25	25	98	97.0886000000001
24	26	97.8835416666667	96.9519230769231
23	27	97.7958695652174	96.9033333333333
22	28	97.6922727272727	96.8298214285714
21	29	97.5966666666666	96.831724137931
20	30	97.55	96.6745
19	31	97.4757894736842	96.6193548387097
18	32	97.3725	96.45765625
17	33	97.3473529411765	96.4528787878788
16	34	97.20875	96.3685294117647
15	35	97.1756666666667	96.2448571428572
14	36	97.0314285714285	96.2197222222222
13	37	96.9688461538462	96.0795945945946
12	38	96.82875	96.0705263157895
11	39	96.8840909090909	95.9742307692308
10	40	96.7735	95.9075
9	41	96.6711111111111	95.8139024390244
8	42	96.5675	95.7729761904762
7	43	96.5164285714286	95.5958139534884
6	44	96.49	95.561590909091
5	45	96.334	95.4774444444445
4	46	96.35375	95.4186956521739
3	47	96.1366666666666	95.3606382978724
2	48	96.035	95.2827083333334
1	49	96.165	95.1508163265306
0	50	0	95.1117
