num_of_tit_for_tat	num_of_shame_driven_hiding	average_fitness_of_tit_for_tat	average_fitness_of_shame_driven_hiding
50	0	100	0
49	1	99.9591836734693	101
48	2	99.9177083333333	100.95
47	3	99.8810638297872	100.92
46	4	99.8308695652174	100.87
45	5	99.8042222222222	100.826
44	6	99.7515909090909	100.796666666667
43	7	99.7120930232557	100.748571428571
42	8	99.6661904761905	100.7
41	9	99.6526829268293	100.67
40	10	99.59175	100.62
39	11	99.5541025641026	100.584545454546
38	12	99.5007894736842	100.554166666667
37	13	99.4767567567568	100.505384615385
36	14	99.4422222222222	100.481428571429
35	15	99.3982857142857	100.434
34	16	99.3685294117647	100.404375
33	17	99.3196969696969	100.371176470588
32	18	99.2609375	100.297222222222
31	19	99.2393548387096	100.271578947368
30	20	99.2036666666667	100.2215
29	21	99.1603448275862	100.178571428571
28	22	99.0985714285714	100.120454545455
27	23	99.0685185185185	100.102173913043
26	24	99.045	100.067083333333
25	25	98.9916	100.0372
24	26	98.9329166666667	99.9753846153846
23	27	98.8860869565218	99.9455555555556
22	28	98.8645454545455	99.9121428571429
21	29	98.8314285714286	99.8372413793104
20	30	98.7805	99.8386666666667
19	31	98.7526315789474	99.7835483870968
18	32	98.7055555555555	99.75625
17	33	98.6494117647059	99.6912121212122
16	34	98.615	99.6482352941176
15	35	98.6093333333333	99.6302857142858
14	36	98.515	99.5638888888889
13	37	98.5053846153846	99.5397297297298
12	38	98.47	99.4855263157894
11	39	98.4109090909091	99.4446153846153
10	40	98.407	99.41025
9	41	98.3111111111112	99.3739024390243
8	42	98.29625	99.3273809523809
7	43	98.2428571428571	99.2811627906977
6	44	98.2083333333334	99.2563636363636
5	45	98.2	99.2066666666666
4	46	98.1125	99.1513043478261
3	47	98.09	99.122340425532
2	48	98.03	99.0895833333333
1	49	98	99.0387755102042
0	50	0	99
