num_of_tit_for_tat	num_of_guilt_driven_amending	average_fitness_of_tit_for_tat	average_fitness_of_guilt_driven_amending
50	0	100	0
49	1	99.978469387755	99.485
48	2	99.9511458333333	99.41
47	3	99.925	99.425
46	4	99.8997826086957	99.33125
45	5	99.8693333333333	99.351
44	6	99.8478409090909	99.35
43	7	99.8283720930232	99.3335714285714
42	8	99.7927380952381	99.326875
41	9	99.7725609756097	99.2733333333333
40	10	99.745875	99.258
39	11	99.729358974359	99.2822727272727
38	12	99.6980263157895	99.25
37	13	99.6710810810811	99.2142307692308
36	14	99.6493055555556	99.1282142857143
35	15	99.6408571428571	99.1263333333333
34	16	99.5933823529411	99.081875
33	17	99.5745454545455	99.0838235294118
32	18	99.55796875	99.0619444444444
31	19	99.5087096774193	99.0207894736843
30	20	99.5048333333334	98.991
29	21	99.4774137931034	98.9919047619047
28	22	99.4496428571429	98.9479545454546
27	23	99.4274074074074	98.9417391304348
26	24	99.3963461538462	98.901875
25	25	99.3787999999999	98.9296
24	26	99.3402083333334	98.8644230769231
23	27	99.3252173913043	98.86
22	28	99.3161363636364	98.8176785714286
21	29	99.2511904761905	98.8072413793104
20	30	99.25325	98.75
19	31	99.2184210526315	98.7320967741936
18	32	99.1966666666667	98.7128125
17	33	99.1655882352942	98.6798484848485
16	34	99.134375	98.6666176470589
15	35	99.135	98.654
14	36	99.0775	98.6005555555555
13	37	99.07	98.5939189189189
12	38	99.0291666666667	98.5726315789474
11	39	99	98.5461538461539
10	40	98.982	98.52575
9	41	98.9761111111111	98.510487804878
8	42	98.92625	98.4620238095238
7	43	98.9021428571428	98.4574418604651
6	44	98.8891666666666	98.4067045454545
5	45	98.842	98.3967777777778
4	46	98.86	98.373152173913
3	47	98.7983333333334	98.3438297872341
2	48	98.8075	98.3278125
1	49	98.775	98.2910204081633
0	50	0	98.264
