num_of_generous_TFT	num_of_shame_driven_hiding	average_fitness_of_generous_TFT	average_fitness_of_shame_driven_hiding
50	0	150	0
49	1	149.655510204082	155
48	2	149.333541666667	154.665
47	3	149	154.286666666667
46	4	148.615434782609	153.9725
45	5	148.283777777778	153.612
44	6	147.930454545455	153.255
43	7	147.592790697674	152.99
42	8	147.220476190476	152.55125
41	9	146.836097560976	152.155555555556
40	10	146.503	151.797
39	11	146.161538461538	151.397272727273
38	12	145.780789473684	151.068333333333
37	13	145.438918918919	150.685384615385
36	14	145.067777777778	150.368571428571
35	15	144.749714285714	150.074666666667
34	16	144.308823529412	149.711875
33	17	143.974848484849	149.27
32	18	143.5834375	148.882222222222
31	19	143.165806451613	148.518947368421
30	20	142.776	148.127
29	21	142.451724137931	147.811904761905
28	22	142.047142857143	147.370909090909
27	23	141.618148148148	146.956956521739
26	24	141.250769230769	146.5825
25	25	140.7908	146.2048
24	26	140.345	145.750384615385
23	27	140.03652173913	145.437037037037
22	28	139.547727272727	144.989642857143
21	29	139.256190476191	144.547586206897
20	30	138.791	144.143
19	31	138.392105263158	143.705806451613
18	32	137.977222222222	143.294375
17	33	137.527058823529	142.88696969697
16	34	137.10125	142.422941176471
15	35	136.655333333333	142.028
14	36	136.14	141.646388888889
13	37	135.764615384615	141.211081081081
12	38	135.300833333333	140.716578947368
11	39	134.858181818182	140.285128205128
10	40	134.328	139.87225
9	41	133.887777777778	139.416585365854
8	42	133.45375	138.902380952381
7	43	132.977142857143	138.483255813953
6	44	132.443333333333	137.925909090909
5	45	131.984	137.487555555556
4	46	131.45	137.042173913043
3	47	131.086666666667	136.515106382979
2	48	130.515	136.002916666667
1	49	130	135.521020408163
0	50	0	135
