num_of_generous_TFT	num_of_guilt_driven_amending	average_fitness_of_generous_TFT	average_fitness_of_guilt_driven_amending
50	0	150	0
49	1	149.647755102041	151.285
48	2	149.274010416667	150.9825
47	3	148.9025	150.425833333333
46	4	148.550597826087	149.99625
45	5	148.176555555556	149.416
44	6	147.840170454545	148.897916666667
43	7	147.447906976744	148.433571428571
42	8	147.040297619048	147.958125
41	9	146.763292682927	147.583611111111
40	10	146.3865	146.989
39	11	145.986794871795	146.489318181818
38	12	145.630328947368	146.01875
37	13	145.237364864865	145.548269230769
36	14	144.957569444444	144.994285714286
35	15	144.577142857143	144.541
34	16	144.258602941176	144.125625
33	17	143.846893939394	143.501617647059
32	18	143.460390625	143.100555555556
31	19	143.070161290323	142.581184210526
30	20	142.73025	142.25275
29	21	142.338189655172	141.613214285714
28	22	142.027053571429	141.14125
27	23	141.65462962963	140.732391304348
26	24	141.298173076923	140.228125
25	25	140.9216	139.7446
24	26	140.5734375	139.265961538462
23	27	140.156630434783	138.803888888889
22	28	139.861590909091	138.359553571428
21	29	139.454642857143	137.803620689655
20	30	139.055125	137.32525
19	31	138.779736842105	136.880322580645
18	32	138.370972222222	136.397421875
17	33	138.006323529412	135.849924242424
16	34	137.67015625	135.398602941177
15	35	137.2545	134.871428571429
14	36	136.869107142857	134.439583333333
13	37	136.576346153846	133.945540540541
12	38	136.120625	133.469539473684
11	39	135.916136363636	133.008205128205
10	40	135.4045	132.5319375
9	41	135.151944444444	131.975975609756
8	42	134.703125	131.625773809524
7	43	134.354285714286	131.003430232558
6	44	133.990416666667	130.537386363636
5	45	133.526	130.156722222222
4	46	133.256875	129.574945652174
3	47	133.005833333333	129.175106382979
2	48	132.52375	128.648697916667
1	49	132.3975	128.198928571429
0	50	0	127.72275
