num_of_generous_TFT	num_of_TFT_with_trembling_hand	average_fitness_of_generous_TFT	average_fitness_of_TFT_with_trembling_hand
50	0	150	0
49	1	149.545765306122	151.7375
48	2	149.1509375	151.0625
47	3	148.695319148936	150.366666666667
46	4	148.267989130435	149.315625
45	5	147.793277777778	148.6385
44	6	147.385170454545	147.948333333333
43	7	146.921511627907	147.153571428571
42	8	146.557142857143	146.334375
41	9	146.098475609756	145.719722222222
40	10	145.6286875	144.80275
39	11	145.218974358974	144.276590909091
38	12	144.734934210526	143.681041666667
37	13	144.415135135135	142.828653846154
36	14	143.964652777778	141.886964285714
35	15	143.573714285714	141.378166666667
34	16	143.025294117647	140.44875
33	17	142.552954545455	139.823823529412
32	18	142.221875	139.099583333333
31	19	141.839516129032	138.098552631579
30	20	141.350166666667	137.4885
29	21	140.892068965517	136.64630952381
28	22	140.476517857143	136.223863636364
27	23	140.028333333333	135.427391304348
26	24	139.568557692308	134.651979166667
25	25	139.1346	133.8455
24	26	138.773958333333	133.041346153846
23	27	138.265760869565	132.420092592593
22	28	137.877840909091	131.649375
21	29	137.461785714286	130.841206896552
20	30	136.96325	130.317
19	31	136.579342105263	129.331048387097
18	32	136.039444444444	128.4809375
17	33	135.642205882353	127.89053030303
16	34	135.26578125	127.154779411765
15	35	134.807333333333	126.417357142857
14	36	134.303392857143	125.736180555556
13	37	133.9375	124.926824324324
12	38	133.564166666667	124.175
11	39	133.152272727273	123.454807692308
10	40	132.6435	122.7239375
9	41	132.093055555556	122.097012195122
8	42	131.7121875	121.170892857143
7	43	131.456428571429	120.458837209302
6	44	130.792916666667	119.759715909091
5	45	130.382	119.065722222222
4	46	130.1375	118.353586956522
3	47	129.6375	117.540372340426
2	48	129.23375	116.69640625
1	49	128.8975	115.994744897959
0	50	0	115.23545
