num_of_generous_TFT	num_of_shame_driven_denying	average_fitness_of_generous_TFT	average_fitness_of_shame_driven_denying
50	0	150	0
49	1	148.950816326531	153.98
48	2	147.95203125	153.02875
47	3	147.005904255319	152.038333333333
46	4	145.869076086957	150.3375
45	5	144.854333333333	149.362
44	6	143.862159090909	148.185416666667
43	7	142.798372093023	147.489642857143
42	8	141.794821428571	145.8365625
41	9	140.779573170732	144.810277777778
40	10	139.883	143.23925
39	11	138.801858974359	142.262272727273
38	12	137.635921052632	141.16875
37	13	136.746891891892	139.644423076923
36	14	135.615	138.765
35	15	134.649857142857	137.329833333333
34	16	133.794852941176	136.22328125
33	17	132.581515151515	134.966911764706
32	18	131.42578125	133.890416666667
31	19	130.596612903226	132.686710526316
30	20	129.44925	131.345625
29	21	128.675344827586	130.28
28	22	127.658303571429	129.007727272727
27	23	126.523148148148	127.866195652174
26	24	125.428076923077	126.666770833333
25	25	124.4109	125.3192
24	26	123.5303125	124.295288461538
23	27	122.198043478261	122.791759259259
22	28	121.205454545455	121.930803571429
21	29	120.364404761905	120.618017241379
20	30	119.209375	119.22175
19	31	118.174078947368	118.571209677419
18	32	117.371111111111	117.345390625
17	33	116.396764705882	115.960833333333
16	34	115.3278125	114.585735294118
15	35	114.460166666667	113.272357142857
14	36	113.26125	112.311388888889
13	37	112.355384615385	110.965202702703
12	38	111.155208333333	109.740131578947
11	39	110.149090909091	108.596346153846
10	40	109.41475	107.3261875
9	41	107.738055555556	106.405548780488
8	42	107.209375	105.079464285714
7	43	106.061428571429	103.901395348837
6	44	104.77625	102.769375
5	45	103.684	101.534611111111
4	46	102.589375	100.272282608696
3	47	102.3425	99.1429255319148
2	48	101.365	97.94625
1	49	99.655	96.6068367346939
0	50	0	95.6556
