num_of_generous_TFT	num_of_Pavlov	average_fitness_of_generous_TFT	average_fitness_of_Pavlov
50	0	150	0
49	1	149.188163265306	158.0325
48	2	148.397239583333	157.60125
47	3	147.583031914894	156.155
46	4	146.710923913044	154.73375
45	5	146.011166666667	153.2785
44	6	145.13625	152.48
43	7	144.377674418605	150.9075
42	8	143.583928571429	149.9121875
41	9	142.647012195122	148.513055555556
40	10	141.8326875	147.03475
39	11	141.179551282051	145.978181818182
38	12	140.347960526316	144.649791666667
37	13	139.438716216216	143.117307692308
36	14	138.788333333333	142.256607142857
35	15	137.856214285714	141.081166666667
34	16	137.047573529412	139.53953125
33	17	136.194090909091	138.471764705882
32	18	135.5875	136.9825
31	19	134.675483870968	135.860263157895
30	20	133.90575	134.4925
29	21	133.013189655172	133.204404761905
28	22	132.243482142857	131.913181818182
27	23	131.423055555556	130.606739130435
26	24	130.683076923077	129.624479166667
25	25	129.8831	128.058
24	26	128.883125	126.550576923077
23	27	128.258043478261	125.479907407407
22	28	127.578068181818	124.305535714286
21	29	126.597738095238	122.853706896552
20	30	125.75225	121.566083333333
19	31	125.074868421053	120.324838709677
18	32	124.3375	118.889765625
17	33	123.471617647059	117.759621212121
16	34	122.4740625	116.408970588235
15	35	122.044333333333	115.205928571429
14	36	121.108928571429	113.836944444444
13	37	120.029615384615	112.576418918919
12	38	119.481458333333	111.339342105263
11	39	118.639090909091	110.027371794872
10	40	117.49825	108.766625
9	41	116.978055555556	107.509268292683
8	42	116.27625	106.156964285714
7	43	115.5575	104.78976744186
6	44	114.823333333333	103.428579545455
5	45	114.2085	102.177555555556
4	46	112.78375	100.935706521739
3	47	112.641666666667	99.6714361702128
2	48	111.57	98.2703125
1	49	111.685	97.1708163265306
0	50	0	95.6139
