num_of_generous_TFT	num_of_always_defect	average_fitness_of_generous_TFT	average_fitness_of_always_defect
100	0	100	0
99	1	98.2663131313131	143
98	2	96.5057142857143	141.17
97	3	94.795412371134	140.64
96	4	93.0855208333333	138.7425
95	5	91.3093684210527	136.938
94	6	89.6460638297872	135.725
93	7	87.8722580645161	134.282857142857
92	8	86.1195652173913	132.93125
91	9	84.4259340659341	131.452222222222
90	10	82.7192222222222	130.031
89	11	80.8987640449438	128.417272727273
88	12	79.1375568181818	127.24
87	13	77.4352298850575	125.813076923077
86	14	75.7519767441861	124.113571428571
85	15	74.0218235294118	122.787333333333
84	16	72.2615476190476	121.319375
83	17	70.5090361445783	119.781176470588
82	18	68.8368902439025	118.476111111111
81	19	67.0652469135802	117.000526315789
80	20	65.3383125	115.7245
79	21	63.7277848101266	113.950952380952
78	22	61.8942948717949	112.730454545455
77	23	60.1813636363636	111.318695652174
76	24	58.4850657894737	109.709583333333
75	25	56.5972	108.2104
74	26	55.0645945945946	106.895769230769
73	27	53.2149315068493	105.391481481481
72	28	51.5136111111111	103.890714285714
71	29	49.9216197183098	102.52
70	30	48.1139285714286	100.942666666667
69	31	46.2707246376812	99.6170967741936
68	32	44.5745588235294	98.2021875
67	33	42.9261940298507	96.8
66	34	41.0418939393939	95.1923529411765
65	35	39.2953076923077	93.7994285714286
64	36	37.55609375	92.3516666666667
63	37	35.8435714285714	90.8962162162162
62	38	34.2084677419355	89.4889473684211
61	39	32.4963114754098	88.108717948718
60	40	30.66825	86.7315
59	41	29.0492372881356	85.3609756097561
58	42	27.2561206896552	83.7138095238095
57	43	25.6277192982456	82.3495348837209
56	44	23.9494642857143	80.9802272727273
55	45	22.1051818181818	79.3671111111111
54	46	20.2461111111111	78.0619565217391
53	47	18.5558490566038	76.5793617021277
52	48	16.9125	75.076875
51	49	15.1794117647059	73.7683673469388
50	50	13.2927	72.0954
49	51	11.769387755102	70.7992156862745
48	52	9.7578125	69.3690384615385
47	53	8.24893617021277	67.7428301886792
46	54	6.51369565217392	66.4222222222222
45	55	4.81077777777778	65.0987272727273
44	56	2.7975	63.5894642857143
43	57	1.27476744186046	62.1815789473684
42	58	-0.571190476190476	60.695
41	59	-2.18524390243902	59.2045762711865
40	60	-3.999125	57.7525
39	61	-5.68692307692308	56.3345901639344
38	62	-7.45276315789473	54.9106451612903
37	63	-9.29648648648648	53.4853968253968
36	64	-10.6558333333333	52.01390625
35	65	-12.611	50.5184615384615
34	66	-14.2957352941176	49.1365151515151
33	67	-16.0742424242424	47.6641791044776
32	68	-17.8584375	46.1563235294118
31	69	-19.4922580645161	44.7491304347826
30	70	-21.0286666666667	43.3097142857143
29	71	-23.0313793103448	41.8930985915493
28	72	-24.8301785714286	40.3572222222222
27	73	-26.3631481481481	38.952602739726
26	74	-28.2534615384615	37.5840540540541
25	75	-29.9964	36.2052
24	76	-31.6852083333333	34.6667105263158
23	77	-33.4423913043478	33.2301298701299
22	78	-35.2425	31.7738461538462
21	79	-36.712619047619	30.3436708860759
20	80	-38.466	28.851375
19	81	-40.3031578947368	27.3934567901235
18	82	-42.0486111111111	25.9658536585366
17	83	-43.7726470588235	24.5784337349398
16	84	-45.65875	23.1665476190476
15	85	-47.122	21.6411764705882
14	86	-49.0678571428572	20.2458139534884
13	87	-50.7176923076923	18.7451724137931
12	88	-52.6075	17.3259090909091
11	89	-54.2886363636364	15.8543820224719
10	90	-56.092	14.3707777777778
9	91	-57.4766666666667	13.0496703296703
8	92	-59.15875	11.5953260869565
7	93	-61.1614285714286	10.1686021505376
6	94	-62.67	8.67148936170213
5	95	-64.63	7.26842105263158
4	96	-66.4825	5.81739583333334
3	97	-68.0916666666667	4.35680412371134
2	98	-69.68	2.88540816326531
1	99	-71.695	1.43535353535353
0	100	0	0
