num_of_generous_TFT	num_of_TFT_with_trembling_hand	average_fitness_of_generous_TFT	average_fitness_of_TFT_with_trembling_hand
100	0	100	0
99	1	99.9815656565656	100.565
98	2	99.9566836734694	100.5375
97	3	99.9354639175258	100.495
96	4	99.9148437499999	100.415
95	5	99.8964736842105	100.42
94	6	99.8745744680851	100.360833333333
93	7	99.8651075268817	100.372142857143
92	8	99.8370108695652	100.36125
91	9	99.8222527472527	100.315555555556
90	10	99.7953888888889	100.2915
89	11	99.7716292134831	100.274090909091
88	12	99.7719886363636	100.267083333333
87	13	99.7472413793103	100.206923076923
86	14	99.7261046511628	100.198214285714
85	15	99.706	100.118666666667
84	16	99.6885119047619	100.13
83	17	99.6628915662651	100.118823529412
82	18	99.6338414634146	100.071388888889
81	19	99.6161728395062	100.08052631579
80	20	99.5998124999999	100.0375
79	21	99.581075949367	100.01380952381
78	22	99.5528205128205	99.9738636363636
77	23	99.5398051948052	99.9621739130435
76	24	99.5219078947369	99.9266666666667
75	25	99.4976666666666	99.926
74	26	99.4737837837838	99.8807692307692
73	27	99.4555479452055	99.8631481481482
72	28	99.4400694444444	99.8644642857143
71	29	99.4280281690142	99.7870689655173
70	30	99.3939285714286	99.7983333333334
69	31	99.3855072463768	99.7614516129032
68	32	99.3498529411765	99.7359375
67	33	99.3344776119403	99.720303030303
66	34	99.3287121212121	99.6725
65	35	99.3217692307692	99.6482857142858
64	36	99.296875	99.6284722222222
63	37	99.2492063492064	99.5905405405405
62	38	99.2471774193548	99.5992105263158
61	39	99.2132786885246	99.5752564102564
60	40	99.2105833333334	99.561125
59	41	99.1726271186441	99.5048780487805
58	42	99.1613793103449	99.5060714285714
57	43	99.1357894736842	99.4543023255815
56	44	99.109375	99.4503409090909
55	45	99.0931818181818	99.4143333333333
54	46	99.0752777777778	99.3803260869565
53	47	99.0449056603774	99.3639361702127
52	48	99.033173076923	99.3323958333333
51	49	99.0255882352942	99.3028571428571
50	50	99.0147999999999	99.2891
49	51	98.9533673469388	99.2638235294118
48	52	98.9497916666667	99.2311538461539
47	53	98.9424468085107	99.2041509433963
46	54	98.9042391304347	99.1763888888889
45	55	98.8986666666667	99.1680909090909
44	56	98.8792045454545	99.1335714285714
43	57	98.8510465116279	99.1000877192982
42	58	98.8391666666667	99.0563793103449
41	59	98.8248780487804	99.0655084745763
40	60	98.80975	99.0392499999999
39	61	98.7796153846154	99.0060655737705
38	62	98.7863157894737	98.9699193548387
37	63	98.777027027027	98.9471428571429
36	64	98.7230555555556	98.940625
35	65	98.6864285714286	98.9049230769231
34	66	98.6867647058823	98.8862121212121
33	67	98.6748484848486	98.8698507462687
32	68	98.650625	98.842205882353
31	69	98.6351612903226	98.8340579710145
30	70	98.6028333333333	98.8052857142857
29	71	98.5794827586207	98.752323943662
28	72	98.5658928571429	98.7461111111111
27	73	98.5425925925926	98.7096575342465
26	74	98.5071153846154	98.6748648648648
25	75	98.4974	98.6460666666667
24	76	98.5054166666666	98.6311842105264
23	77	98.4997826086956	98.6343506493507
22	78	98.4661363636364	98.5695512820513
21	79	98.4145238095237	98.5370886075949
20	80	98.4255	98.5275
19	81	98.3989473684211	98.5060493827161
18	82	98.3511111111111	98.4971341463415
17	83	98.3458823529411	98.4570481927711
16	84	98.3109375	98.4410714285714
15	85	98.3006666666666	98.4002352941177
14	86	98.2921428571428	98.3744186046512
13	87	98.2542307692308	98.3434482758621
12	88	98.21625	98.3457954545455
11	89	98.1954545454546	98.2773033707865
10	90	98.2015	98.2706111111111
9	91	98.1855555555556	98.2402197802198
8	92	98.174375	98.2342934782609
7	93	98.135	98.2003225806451
6	94	98.1116666666667	98.1734042553191
5	95	98.085	98.154947368421
4	96	98.08625	98.1196875
3	97	98.0683333333333	98.1043298969073
2	98	98.0475	98.0776020408163
1	99	98.05	98.0556565656566
0	100	0	98.0241
