num_of_generous_TFT	num_of_guilt_driven_amending	average_fitness_of_generous_TFT	average_fitness_of_guilt_driven_amending
100	0	100	0
99	1	99.9827777777778	100.5
98	2	99.9661734693878	100.41
97	3	99.9479381443299	100.436666666667
96	4	99.9328645833333	100.33875
95	5	99.9145789473684	100.38
94	6	99.8958510638298	100.31
93	7	99.8764516129032	100.26
92	8	99.8613043478261	100.299375
91	9	99.8463736263737	100.281666666667
90	10	99.8257222222223	100.2795
89	11	99.801404494382	100.249545454545
88	12	99.7979545454545	100.229166666667
87	13	99.7686206896552	100.220769230769
86	14	99.7551744186047	100.161785714286
85	15	99.736	100.125
84	16	99.7279166666666	100.12625
83	17	99.7219879518072	100.138823529412
82	18	99.6853048780487	100.080833333333
81	19	99.6741358024691	100.05
80	20	99.6485625	100.0585
79	21	99.6293670886075	100.030952380952
78	22	99.6241666666667	100.011363636364
77	23	99.6054545454545	99.9943478260869
76	24	99.5945394736842	99.9575
75	25	99.5766000000001	99.9591999999999
74	26	99.5475675675676	99.9257692307692
73	27	99.5261643835617	99.8909259259259
72	28	99.518125	99.8733928571428
71	29	99.5032394366196	99.8737931034483
70	30	99.4819285714286	99.8693333333333
69	31	99.4622463768116	99.8362903225806
68	32	99.4421323529412	99.81078125
67	33	99.4199253731343	99.7790909090909
66	34	99.4209848484848	99.7558823529411
65	35	99.3894615384616	99.717
64	36	99.373671875	99.74125
63	37	99.3653174603174	99.7078378378378
62	38	99.3287903225807	99.6856578947368
61	39	99.3256557377049	99.6828205128205
60	40	99.30925	99.6485
59	41	99.3006779661016	99.6279268292683
58	42	99.2791379310345	99.6241666666667
57	43	99.2478947368421	99.5904651162791
56	44	99.248125	99.5890909090909
55	45	99.2201818181818	99.5304444444445
54	46	99.2098148148148	99.5197826086957
53	47	99.1880188679246	99.5091489361702
52	48	99.1696153846154	99.4971875
51	49	99.1635294117648	99.4671428571428
50	50	99.139	99.4379
49	51	99.1328571428572	99.4199019607843
48	52	99.1039583333334	99.4198076923077
47	53	99.0938297872341	99.3695283018868
46	54	99.0764130434782	99.3723148148148
45	55	99.0553333333334	99.3387272727273
44	56	99.0419318181819	99.3122321428572
43	57	99.011976744186	99.2952631578947
42	58	98.9927380952381	99.2927586206897
41	59	98.9832926829268	99.2654237288135
40	60	98.959875	99.2326666666666
39	61	98.9425641025641	99.2240163934426
38	62	98.9335526315789	99.2042741935485
37	63	98.8959459459459	99.1880952380953
36	64	98.9019444444444	99.177578125
35	65	98.8592857142857	99.1533076923076
34	66	98.862205882353	99.1274242424242
33	67	98.8345454545455	99.109552238806
32	68	98.82265625	99.0905147058823
31	69	98.8214516129033	99.0782608695653
30	70	98.7926666666667	99.0447142857142
29	71	98.7939655172414	99.0097183098591
28	72	98.7664285714286	99.0104166666667
27	73	98.7316666666667	98.9932876712329
26	74	98.7338461538462	98.9537162162162
25	75	98.7026	98.9441999999999
24	76	98.674375	98.9413815789474
23	77	98.6682608695652	98.9103246753247
22	78	98.6565909090909	98.9046153846154
21	79	98.6521428571429	98.8813924050633
20	80	98.61425	98.842625
19	81	98.6281578947369	98.8473456790123
18	82	98.5661111111111	98.8018902439024
17	83	98.5705882352941	98.7846385542169
16	84	98.54375	98.7578571428572
15	85	98.5396666666667	98.7326470588236
14	86	98.485	98.7355813953488
13	87	98.4907692307693	98.7144252873563
12	88	98.46625	98.6953977272727
11	89	98.4759090909091	98.6744382022472
10	90	98.4465	98.6446666666667
9	91	98.4394444444445	98.6336263736264
8	92	98.421875	98.6051630434783
7	93	98.3771428571429	98.5736021505377
6	94	98.385	98.5710106382979
5	95	98.393	98.5447894736842
4	96	98.35875	98.5389583333333
3	97	98.3233333333333	98.5164432989691
2	98	98.3425	98.5083673469388
1	99	98.28	98.4666666666666
0	100	0	98.46285
