num_of_generous_TFT	num_of_Pavlov	average_fitness_of_generous_TFT	average_fitness_of_Pavlov
100	0	100	0
99	1	99.9643434343434	117.69
98	2	99.9410714285714	117.115
97	3	99.9049484536083	117.03
96	4	99.8799999999999	117.035
95	5	99.8451052631579	117.052
94	6	99.8142553191489	116.134166666667
93	7	99.7630107526881	116.525
92	8	99.7471195652174	115.768125
91	9	99.7113736263736	116.530555555556
90	10	99.6910555555556	116.098
89	11	99.6576404494382	115.976363636364
88	12	99.635	115.464583333333
87	13	99.581091954023	115.526538461538
86	14	99.5676162790697	115.583928571429
85	15	99.5299411764706	115.146
84	16	99.5078571428571	115.17875
83	17	99.4679518072289	114.882352941176
82	18	99.4281097560976	114.756666666667
81	19	99.4209876543211	114.437105263158
80	20	99.3785	114.453
79	21	99.3594936708861	114.193095238095
78	22	99.3171153846154	113.959090909091
77	23	99.2868181818181	113.752173913043
76	24	99.2338157894737	113.695625
75	25	99.2251333333333	113.3588
74	26	99.1841891891891	113.365961538462
73	27	99.1599315068493	113.111111111111
72	28	99.1259722222222	112.887321428571
71	29	99.095985915493	112.717068965517
70	30	99.0737857142857	112.692333333333
69	31	99.0159420289855	112.350967741935
68	32	99.0045588235294	112.055
67	33	98.9723134328358	111.992121212121
66	34	98.9495454545455	111.859411764706
65	35	98.948	111.547142857143
64	36	98.845859375	111.467916666667
63	37	98.8505555555556	111.368513513514
62	38	98.8125806451612	111.134210526316
61	39	98.7616393442623	110.81641025641
60	40	98.7198333333333	110.641875
59	41	98.7347457627119	110.499146341463
58	42	98.6904310344828	110.221785714286
57	43	98.6540350877192	110.154418604651
56	44	98.6313392857143	109.776590909091
55	45	98.6339090909091	109.628111111111
54	46	98.579537037037	109.495760869565
53	47	98.5106603773585	109.29585106383
52	48	98.5006730769231	109.0846875
51	49	98.4824509803922	108.835
50	50	98.4402	108.591
49	51	98.4090816326531	108.34362745098
48	52	98.389375	108.216538461538
47	53	98.3705319148937	108.08679245283
46	54	98.311847826087	107.863888888889
45	55	98.2753333333334	107.671
44	56	98.24	107.456607142857
43	57	98.2243023255813	107.15
42	58	98.1758333333333	106.825775862069
41	59	98.1408536585366	106.808898305085
40	60	98.0845	106.530583333333
39	61	98.12	106.352131147541
38	62	98.0671052631578	106.054516129032
37	63	98.02	105.944047619048
36	64	98.0134722222222	105.7609375
35	65	97.9658571428572	105.560615384615
34	66	97.9117647058823	105.319924242424
33	67	97.9168181818182	105.045671641791
32	68	97.916875	104.932058823529
31	69	97.8190322580645	104.642608695652
30	70	97.8243333333333	104.456571428571
29	71	97.7646551724137	104.164436619718
28	72	97.7571428571429	103.976805555556
27	73	97.7364814814815	103.895
26	74	97.6721153846154	103.42972972973
25	75	97.6792	103.2708
24	76	97.6597916666667	102.997697368421
23	77	97.5619565217391	102.954805194805
22	78	97.5718181818182	102.629935897436
21	79	97.5480952380953	102.401329113924
20	80	97.50475	102.1586875
19	81	97.4663157894736	101.951790123457
18	82	97.4461111111111	101.704817073171
17	83	97.4335294117647	101.473975903614
16	84	97.36875	101.301904761905
15	85	97.336	101.006588235294
14	86	97.3585714285714	100.8125
13	87	97.3153846153846	100.465632183908
12	88	97.2829166666667	100.186761363636
11	89	97.2136363636363	100.14308988764
10	90	97.11	99.7924444444444
9	91	97.1788888888889	99.6035714285715
8	92	97.075	99.46125
7	93	97.2142857142857	99.1616129032258
6	94	97.0691666666667	98.8335638297873
5	95	97.033	98.6075789473684
4	96	96.93625	98.4090625
3	97	96.9316666666667	98.1989690721649
2	98	96.925	97.8836224489796
1	99	97.045	97.7488888888889
0	100	0	97.46795
