num_of_generous_TFT	num_of_shame_driven_denying	average_fitness_of_generous_TFT	average_fitness_of_shame_driven_denying
100	0	100	0
99	1	99.9646464646464	100.915
98	2	99.9333163265305	100.9375
97	3	99.8954639175258	100.928333333333
96	4	99.8625	100.86625
95	5	99.8258947368422	100.845
94	6	99.7804255319149	100.790833333333
93	7	99.7465591397849	100.763571428571
92	8	99.7216847826087	100.685625
91	9	99.6933516483517	100.613888888889
90	10	99.6582222222222	100.6765
89	11	99.6257865168539	100.616818181818
88	12	99.5856818181819	100.585833333333
87	13	99.5497701149425	100.528076923077
86	14	99.521511627907	100.508571428571
85	15	99.4588823529411	100.434333333333
84	16	99.4463095238095	100.350625
83	17	99.4059036144578	100.337352941176
82	18	99.392743902439	100.350833333333
81	19	99.3339506172839	100.254473684211
80	20	99.297125	100.24975
79	21	99.2993670886077	100.199047619048
78	22	99.2173717948718	100.179545454545
77	23	99.1781168831169	100.090869565217
76	24	99.1419736842106	100.025833333333
75	25	99.1170666666667	100.0672
74	26	99.051554054054	100.022115384615
73	27	99.0483561643835	99.985
72	28	99.0220833333334	99.9366071428572
71	29	98.9754225352112	99.8970689655172
70	30	98.9018571428571	99.8761666666666
69	31	98.8979710144928	99.7874193548387
68	32	98.8955147058823	99.77140625
67	33	98.8110447761194	99.7281818181819
66	34	98.7726515151515	99.6866176470589
65	35	98.792	99.6245714285714
64	36	98.728671875	99.5658333333333
63	37	98.6833333333333	99.5627027027027
62	38	98.6703225806451	99.5143421052632
61	39	98.6297540983607	99.4379487179487
60	40	98.6212500000001	99.420875
59	41	98.5746610169492	99.3830487804878
58	42	98.559051724138	99.3432142857143
57	43	98.4758771929825	99.3246511627907
56	44	98.4721428571429	99.3001136363636
55	45	98.4086363636363	99.2548888888889
54	46	98.4000925925926	99.2004347826087
53	47	98.3277358490566	99.1758510638298
52	48	98.2969230769231	99.0746875
51	49	98.265	99.1159183673469
50	50	98.2654	99.0108
49	51	98.1655102040816	98.9974509803921
48	52	98.1840625000001	98.9742307692308
47	53	98.1310638297872	98.9333018867924
46	54	98.0913043478261	98.8916666666667
45	55	98.037	98.8332727272727
44	56	98.0039772727272	98.8019642857143
43	57	97.9844186046512	98.7502631578948
42	58	97.9559523809524	98.7202586206897
41	59	97.9058536585366	98.675593220339
40	60	97.855625	98.6585
39	61	97.8364102564102	98.5904098360656
38	62	97.7693421052632	98.5559677419354
37	63	97.7762162162163	98.5469047619047
36	64	97.8048611111112	98.45140625
35	65	97.7158571428571	98.4252307692308
34	66	97.665	98.4038636363636
33	67	97.5978787878787	98.3671641791045
32	68	97.63578125	98.3092647058824
31	69	97.5420967741935	98.298768115942
30	70	97.5458333333333	98.247
29	71	97.5160344827586	98.2014788732394
28	72	97.4503571428571	98.1675
27	73	97.4416666666667	98.0952054794521
26	74	97.4030769230769	98.0895945945946
25	75	97.3338	98.0381333333334
24	76	97.3135416666667	98.0026315789474
23	77	97.2910869565217	97.9667532467533
22	78	97.2568181818182	97.9211538461538
21	79	97.2057142857143	97.9021518987342
20	80	97.14775	97.855125
19	81	97.1265789473684	97.7908024691358
18	82	97.0997222222222	97.7628658536586
17	83	97.0832352941177	97.7220481927711
16	84	97.004375	97.6925
15	85	96.9916666666667	97.6409411764706
14	86	96.9907142857142	97.6176162790698
13	87	96.8876923076923	97.5525287356322
12	88	96.8575	97.5467045454546
11	89	96.8209090909091	97.4967415730337
10	90	96.8015	97.4271111111111
9	91	96.78	97.3873626373626
8	92	96.715625	97.3528804347826
7	93	96.795	97.3192473118279
6	94	96.7391666666667	97.2807446808511
5	95	96.566	97.2548947368421
4	96	96.82625	97.2046875
3	97	96.635	97.1827319587629
2	98	96.545	97.1379081632653
1	99	96.44	97.0805555555556
0	100	0	97.02555
