num_of_generous_TFT	num_of_shame_driven_hiding	average_fitness_of_generous_TFT	average_fitness_of_shame_driven_hiding
50	0	150	0
49	1	149.958367346939	150.5
48	2	149.921666666667	150.44
47	3	149.878510638298	150.413333333333
46	4	149.839130434783	150.3925
45	5	149.812222222222	150.346
44	6	149.761590909091	150.311666666667
43	7	149.721162790698	150.277142857143
42	8	149.673095238095	150.24
41	9	149.639268292683	150.147777777778
40	10	149.6015	150.115
39	11	149.547692307692	150.088181818182
38	12	149.508421052632	150.05
37	13	149.484324324324	150.034615384615
36	14	149.413888888889	149.981428571429
35	15	149.391428571429	149.932
34	16	149.347352941176	149.898125
33	17	149.314545454546	149.857647058824
32	18	149.266875	149.823333333333
31	19	149.255806451613	149.776842105263
30	20	149.199666666667	149.7415
29	21	149.149655172414	149.70380952381
28	22	149.128928571429	149.682727272727
27	23	149.032592592593	149.596086956522
26	24	149.034230769231	149.565416666667
25	25	148.9792	149.5112
24	26	148.944166666667	149.489230769231
23	27	148.901304347826	149.421851851852
22	28	148.851818181818	149.400357142857
21	29	148.827142857143	149.385172413793
20	30	148.757	149.346
19	31	148.743684210526	149.280322580645
18	32	148.698888888889	149.2409375
17	33	148.664705882353	149.200303030303
16	34	148.618125	149.162058823529
15	35	148.602666666667	149.115142857143
14	36	148.56	149.074166666667
13	37	148.520769230769	149.036486486486
12	38	148.470833333333	149.007105263158
11	39	148.437272727273	148.945128205128
10	40	148.383	148.91925
9	41	148.33	148.869268292683
8	42	148.29625	148.818095238095
7	43	148.232857142857	148.790697674419
6	44	148.218333333333	148.750681818182
5	45	148.172	148.707333333333
4	46	148.11	148.667608695652
3	47	148.056666666667	148.611914893617
2	48	148.06	148.586875
1	49	148	148.540204081633
0	50	0	148.5
