num_of_generous_TFT	num_of_TFT_with_trembling_hand	average_fitness_of_generous_TFT	average_fitness_of_TFT_with_trembling_hand
50	0	150	0
49	1	149.951734693877	150.0825
48	2	149.913125	149.99375
47	3	149.87085106383	149.964166666667
46	4	149.827173913043	149.84375
45	5	149.772833333333	149.7665
44	6	149.732727272727	149.7075
43	7	149.693546511628	149.625714285714
42	8	149.633392857143	149.5396875
41	9	149.615670731707	149.423611111111
40	10	149.5595	149.29925
39	11	149.510961538462	149.177272727273
38	12	149.443618421053	149.075
37	13	149.416689189189	149.005
36	14	149.386111111111	148.94875
35	15	149.343357142857	148.869666666667
34	16	149.285735294118	148.72734375
33	17	149.226515151515	148.697352941177
32	18	149.209375	148.522083333333
31	19	149.145161290323	148.455263157895
30	20	149.12325	148.372125
29	21	149.053017241379	148.262976190476
28	22	149.016785714286	148.222386363636
27	23	148.989444444444	148.085108695652
26	24	148.922211538462	147.961354166667
25	25	148.8803	147.9055
24	26	148.8634375	147.797692307692
23	27	148.783043478261	147.808240740741
22	28	148.759090909091	147.624107142857
21	29	148.728095238095	147.498706896552
20	30	148.66	147.4765
19	31	148.593026315789	147.434919354839
18	32	148.575833333333	147.214609375
17	33	148.5225	147.096212121212
16	34	148.48046875	147.118455882353
15	35	148.445666666667	146.932428571429
14	36	148.308214285714	146.868263888889
13	37	148.373846153846	146.789324324324
12	38	148.271875	146.643552631579
11	39	148.242045454546	146.61858974359
10	40	148.2115	146.5176875
9	41	148.198611111111	146.438780487805
8	42	148.11375	146.311309523809
7	43	148.0975	146.223779069767
6	44	148.067083333333	146.127329545455
5	45	147.954	146.059277777778
4	46	147.92375	145.927826086956
3	47	147.88	145.872606382979
2	48	147.85875	145.7428125
1	49	147.8125	145.659387755102
0	50	0	145.5541
