num_of_generous_TFT	num_of_shame_driven_denying	average_fitness_of_generous_TFT	average_fitness_of_shame_driven_denying
50	0	150	0
49	1	149.8825	150.6325
48	2	149.760104166667	150.29875
47	3	149.635425531915	150.293333333333
46	4	149.529456521739	149.991875
45	5	149.383055555556	149.9115
44	6	149.281420454545	149.700416666667
43	7	149.185058139535	149.550357142857
42	8	149.103928571429	149.3575
41	9	148.934878048781	149.263611111111
40	10	148.82925	149.1005
39	11	148.728141025641	148.913181818182
38	12	148.581381578947	148.791875
37	13	148.464391891892	148.643269230769
36	14	148.420486111111	148.373571428571
35	15	148.253571428571	148.107833333333
34	16	148.150073529412	148.18171875
33	17	148.048560606061	147.905441176471
32	18	147.88375	147.807083333333
31	19	147.79564516129	147.630921052632
30	20	147.618083333333	147.44175
29	21	147.464224137931	147.405833333333
28	22	147.376696428571	147.161704545455
27	23	147.295185185185	147.021413043478
26	24	147.202307692308	146.876145833333
25	25	147.1363	146.7504
24	26	147.064895833333	146.526634615385
23	27	146.830869565217	146.306481481482
22	28	146.680454545455	146.223125
21	29	146.627738095238	146.031810344828
20	30	146.412125	145.8625
19	31	146.455394736842	145.673387096774
18	32	146.213611111111	145.478359375
17	33	145.973676470588	145.343106060606
16	34	145.9453125	145.234632352941
15	35	145.891166666667	145.055357142857
14	36	145.820714285714	144.895972222222
13	37	145.624807692308	144.681486486486
12	38	145.358541666667	144.598157894737
11	39	145.438863636364	144.407692307692
10	40	145.18475	144.2129375
9	41	145.188888888889	144.050121951219
8	42	145.005625	143.905714285714
7	43	145.041785714286	143.809302325581
6	44	144.746666666667	143.579772727273
5	45	144.6615	143.411222222222
4	46	144.691875	143.281141304348
3	47	144.549166666667	143.131117021277
2	48	144.4725	142.899270833333
1	49	144.4075	142.821020408163
0	50	0	142.6274
