num_of_generous_TFT	num_of_always_trembling	average_fitness_of_generous_TFT	average_fitness_of_always_trembling
50	0	150	0
49	1	148.055306122449	158.9225
48	2	146.03390625	157.68625
47	3	144.13920212766	155.445
46	4	142.17527173913	154.04375
45	5	140.194222222222	152.013
44	6	138.127954545455	150.86375
43	7	136.282848837209	148.766071428571
42	8	134.276666666667	147.260625
41	9	132.437317073171	145.606944444444
40	10	130.3763125	143.4175
39	11	128.568974358974	142.020909090909
38	12	126.505526315789	140.259166666667
37	13	124.538716216216	138.620384615385
36	14	122.407847222222	136.485535714286
35	15	120.584428571429	135.5075
34	16	118.495	133.30421875
33	17	116.593181818182	131.726323529412
32	18	114.781328125	129.995694444444
31	19	112.784112903226	128.290131578947
30	20	110.8135	126.52
29	21	108.960172413793	124.738690476191
28	22	106.959642857143	123.139318181818
27	23	104.860185185185	121.550869565217
26	24	102.703942307692	119.65
25	25	100.9671	117.7975
24	26	99.0760416666667	116.253173076923
23	27	96.9496739130435	114.571851851852
22	28	95.11	112.738660714286
21	29	93.0042857142857	111.008103448276
20	30	91.20575	109.374
19	31	89.2011842105263	107.518548387097
18	32	87.1869444444445	105.615625
17	33	84.9986764705882	104.214090909091
16	34	83.46109375	102.607941176471
15	35	81.3566666666667	101.050928571429
14	36	79.31625	99.21
13	37	77.3246153846154	97.2047297297297
12	38	75.555	95.3851973684211
11	39	73.1327272727273	94.0091666666666
10	40	71.60275	92.359375
9	41	69.6558333333333	90.515487804878
8	42	67.185	88.8660119047619
7	43	65.805	87.1760465116279
6	44	63.9604166666667	85.1633522727272
5	45	61.8625	83.4927222222222
4	46	60.138125	81.9890760869565
3	47	58.2491666666667	79.9996276595745
2	48	55.89375	78.53859375
1	49	54.1325	76.6612755102041
0	50	0	74.9908
