num_of_generous_TFT	num_of_Pavlov	average_fitness_of_generous_TFT	average_fitness_of_Pavlov
50	0	150	0
49	1	149.897551020408	155.7
48	2	149.797864583333	155.28625
47	3	149.684308510638	154.600833333333
46	4	149.594673913044	154.211875
45	5	149.536277777778	153.159
44	6	149.418579545455	152.471666666667
43	7	149.295930232558	152.200357142857
42	8	149.224107142857	151.2496875
41	9	149.075426829268	150.371388888889
40	10	148.9571875	149.61125
39	11	148.908141025641	148.894318181818
38	12	148.795855263158	148.197083333333
37	13	148.764054054054	147.442884615385
36	14	148.658125	146.665535714286
35	15	148.546714285714	145.739333333333
34	16	148.388529411765	144.92859375
33	17	148.284318181818	144.120882352941
32	18	148.204296875	143.319861111111
31	19	148.10564516129	142.785657894737
30	20	148.082166666667	141.76025
29	21	147.928965517241	141.125952380952
28	22	147.819732142857	140.155568181818
27	23	147.732407407407	139.362608695652
26	24	147.671153846154	138.575729166667
25	25	147.5553	137.5174
24	26	147.456041666667	136.515673076923
23	27	147.41	135.253981481481
22	28	147.252386363636	134.614107142857
21	29	147.175	133.800689655172
20	30	147.021	132.962916666667
19	31	147.036842105263	131.936693548387
18	32	146.728472222222	131.18984375
17	33	146.747352941176	130.202803030303
16	34	146.63515625	129.391029411765
15	35	146.6075	128.463571428571
14	36	146.409107142857	127.358263888889
13	37	146.293653846154	126.191689189189
12	38	146.325625	125.6775
11	39	146.044545454545	124.432243589744
10	40	146.04225	123.5261875
9	41	146.036944444444	122.517743902439
8	42	145.823125	121.33380952381
7	43	145.546785714286	120.372209302326
6	44	145.684166666667	119.038295454545
5	45	145.512	118.6
4	46	145.300625	117.231739130435
3	47	145.344166666667	115.817074468085
2	48	145.27875	115.158333333333
1	49	145.0125	114.043163265306
0	50	0	113.15045
