num_of_always_trembling	num_of_Pavlov	average_fitness_of_always_trembling	average_fitness_of_Pavlov
100	0	25.1909	0
99	1	25.4035858585859	25.39
98	2	25.7566071428571	24.4725
97	3	26.1212628865979	25.1425
96	4	26.2795833333333	24.991875
95	5	26.6613157894737	26.0795
94	6	27.0873936170213	27.2325
93	7	27.5059139784946	26.4367857142857
92	8	27.7904076086956	27.759375
91	9	28.1660714285714	27.3275
90	10	28.3238611111111	28.07075
89	11	28.8414325842697	28.5838636363636
88	12	29.1725	28.4616666666667
87	13	29.5109195402299	28.6209615384615
86	14	30.0155813953488	28.9603571428572
85	15	30.2353823529412	29.6698333333333
84	16	30.5862202380952	29.84203125
83	17	30.8725301204819	30.0648529411765
82	18	31.5032317073171	30.7509722222222
81	19	31.4738271604938	30.6005263157895
80	20	31.9328125	31.64325
79	21	32.1900316455696	31.5833333333333
78	22	32.7882371794872	32.0756818181818
77	23	32.946525974026	32.0820652173913
76	24	33.3864802631579	32.738125
75	25	33.7263	32.9853
74	26	34.1306081081081	33.4091346153846
73	27	34.3585273972603	33.8798148148148
72	28	34.7013888888889	34.1767857142857
71	29	35.0346478873239	34.434224137931
70	30	35.5811785714286	34.692
69	31	35.6296376811594	35.1582258064516
68	32	36.1813970588235	35.38546875
67	33	36.3810820895522	36.0161363636364
66	34	36.9680303030303	36.0430882352941
65	35	37.0606538461538	36.3945
64	36	37.6572265625	36.63875
63	37	37.8398015873016	37.1651351351351
62	38	38.2100403225806	37.5121052631579
61	39	38.5087295081967	38.0911538461538
60	40	38.7385	38.3971875
59	41	39.2601271186441	38.8101829268293
58	42	39.324525862069	38.8883928571428
57	43	39.8617105263158	39.2485465116279
56	44	40.2753125	39.4794886363636
55	45	40.5223181818182	40.2438888888889
54	46	40.9751851851852	40.349347826087
53	47	41.1369339622642	40.5156382978723
52	48	41.8211538461538	40.86953125
51	49	41.8085294117647	41.4489285714286
50	50	42.30005	41.7978
49	51	42.5123979591837	42.1724019607843
48	52	43.2750520833334	42.3405288461539
47	53	43.2815425531915	42.6600471698113
46	54	43.8077173913044	43.0033333333333
45	55	43.9606666666667	43.3433181818182
44	56	44.6347727272727	43.7459375
43	57	45.0193023255814	44.0035526315789
42	58	45.0297619047619	44.649224137931
41	59	45.502012195122	44.7622457627119
40	60	45.9016875	45.22775
39	61	46.245	45.5533196721312
38	62	46.5044078947369	45.8127419354839
37	63	46.9997297297297	46.1716666666667
36	64	47.2508333333333	46.4607421875
35	65	47.5205714285715	47.0847692307692
34	66	47.8256617647059	47.2881818181818
33	67	48.2151515151515	47.6010074626866
32	68	48.524296875	47.8726838235294
31	69	48.763870967742	48.2722826086956
30	70	49.1213333333333	48.6630357142857
29	71	49.6643965517241	49.1275704225352
28	72	50.1321428571429	49.2445486111111
27	73	50.4736111111111	49.5838356164383
26	74	50.6671153846154	50.1121959459459
25	75	50.6745	50.4448666666667
24	76	51.2202083333333	50.8176315789474
23	77	51.7472826086957	51.1499025974026
22	78	51.9554545454545	51.3621474358975
21	79	52.5442857142857	51.8087974683544
20	80	53.032625	52.01534375
19	81	53.0077631578947	52.4558641975309
18	82	53.4427777777778	52.8287195121951
17	83	53.7730882352941	53.0923493975904
16	84	54.406875	53.5145238095238
15	85	54.3775	53.9217352941176
14	86	54.9569642857143	54.2395639534884
13	87	54.8980769230769	54.555316091954
12	88	55.7035416666667	54.9770738636364
11	89	55.5193181818182	55.3915449438202
10	90	56.4305	55.51425
9	91	56.6675	55.9656593406593
8	92	57.1375	56.2814402173913
7	93	57.5510714285714	56.6558602150538
6	94	57.7170833333333	57.0087234042553
5	95	57.6265	57.2479736842105
4	96	57.91125	57.6516927083333
3	97	59.1466666666667	58.0936597938144
2	98	60.28	58.2957908163265
1	99	60.07	58.7776515151515
0	100	0	59.141175
