num_of_always_trembling	num_of_shame_driven_denying	average_fitness_of_always_trembling	average_fitness_of_shame_driven_denying
100	0	25.047075	0
99	1	25.2809343434343	5.425
98	2	25.4983928571429	5.7925
97	3	25.8972164948454	5.95416666666667
96	4	26.1720833333333	5.96875
95	5	26.4047894736842	5.8915
94	6	26.6668617021277	6.09416666666667
93	7	26.897311827957	6.87392857142857
92	8	27.195	6.901875
91	9	27.4176098901099	7.32027777777778
90	10	27.6206666666667	7.431
89	11	28.1882303370786	7.87113636363636
88	12	28.1455681818182	8.28354166666666
87	13	28.6593390804598	8.78769230769231
86	14	28.7411627906977	8.91089285714285
85	15	29.2232941176471	9.39633333333333
84	16	29.3288988095238	9.386875
83	17	29.8165662650602	10.0302941176471
82	18	29.9321036585366	10.5961111111111
81	19	30.1636111111111	10.4347368421053
80	20	30.40534375	10.962625
79	21	30.7044303797468	11.3360714285714
78	22	30.9640705128205	11.7139772727273
77	23	31.3230844155844	12.2361956521739
76	24	31.5654276315789	12.5580208333333
75	25	31.6968333333333	12.6012
74	26	32.0941891891892	13.0154807692308
73	27	32.2305136986301	13.3061111111111
72	28	32.7145833333333	13.7113392857143
71	29	32.9697183098592	14.0613793103448
70	30	33.4263214285714	14.4085833333333
69	31	33.5739855072464	14.6504838709677
68	32	33.9227205882353	14.936484375
67	33	34.0033955223881	15.5137878787879
66	34	34.3145833333333	15.7341911764706
65	35	34.6590384615385	15.9997857142857
64	36	34.8807421875	16.3202083333333
63	37	35.2612698412698	16.694527027027
62	38	35.5653225806452	17.0079605263158
61	39	35.6992213114754	17.2855128205128
60	40	36.0099166666667	17.6333125
59	41	36.1391525423729	18.0342073170732
58	42	36.4794396551724	18.3088690476191
57	43	36.8290789473684	18.7393604651163
56	44	36.9942857142857	18.9947159090909
55	45	37.4892272727273	19.4753888888889
54	46	37.6263425925926	19.6380434782609
53	47	37.8894339622641	20.0845744680851
52	48	38.2124519230769	20.33546875
51	49	38.4681862745098	20.7178571428571
50	50	38.7457	21.15685
49	51	38.9782653061224	21.3979901960784
48	52	39.1379166666667	21.7159134615385
47	53	39.5171808510639	21.9740094339623
46	54	39.8894021739131	22.349212962963
45	55	39.9824444444444	22.7475454545455
44	56	40.2473295454545	22.9849107142857
43	57	40.6877325581395	23.3169736842105
42	58	41.1258333333333	23.5884482758621
41	59	41.132012195122	24.0042372881356
40	60	41.68625	24.3604166666667
39	61	41.6528205128205	24.8476229508197
38	62	41.8666447368421	24.9889112903226
37	63	42.3974324324324	25.4200396825397
36	64	42.4304166666667	25.613984375
35	65	42.8414285714286	25.9568461538462
34	66	43.1053676470588	26.3480303030303
33	67	43.3958333333333	26.7245895522388
32	68	43.856953125	27.0197058823529
31	69	43.8925	27.373768115942
30	70	44.0249166666667	27.6764642857143
29	71	44.4080172413793	27.9720422535211
28	72	44.6179464285714	28.3888541666667
27	73	45.1650925925926	28.6707191780822
26	74	45.2386538461538	29.0929391891892
25	75	45.4465	29.3862333333333
24	76	45.9209375	29.7388486842105
23	77	46.0465217391304	30.0800324675325
22	78	46.4460227272727	30.2861538461539
21	79	46.6459523809524	30.7559810126582
20	80	47.086	31.10953125
19	81	47.4525	31.3511728395062
18	82	47.2311111111111	31.6567682926829
17	83	47.7876470588235	32.1009337349398
16	84	47.91140625	32.3568452380952
15	85	48.1735	32.7419705882353
14	86	48.5392857142857	33.0395639534884
13	87	48.7076923076923	33.3851436781609
12	88	48.8952083333333	33.6471022727273
11	89	49.265	34.0687640449438
10	90	49.6845	34.3256111111111
9	91	49.8577777777778	34.7286538461538
8	92	49.89375	35.0032065217391
7	93	50.3060714285714	35.3480107526882
6	94	50.7720833333333	35.7421808510638
5	95	51.0225	36.0433421052632
4	96	51.064375	36.4460677083333
3	97	51.3158333333333	36.7626288659794
2	98	51.55625	37.0675
1	99	52.2425	37.415101010101
0	100	0	37.7511
