num_of_always_defect	num_of_shame_driven_denying	average_fitness_of_always_defect	average_fitness_of_shame_driven_denying
100	0	0	0
99	1	0.839898989898989	-62.355
98	2	1.66948979591837	-61.395
97	3	2.51680412371134	-60.1416666666667
96	4	3.35958333333333	-59.334375
95	5	4.19547368421053	-58.3245
94	6	5.03617021276596	-57.2604166666667
93	7	5.88193548387097	-56.1857142857143
92	8	6.71152173913043	-55.2521875
91	9	7.54747252747253	-54.3741666666666
90	10	8.42066666666667	-53.26525
89	11	9.24348314606742	-52.1418181818182
88	12	10.0769318181818	-51.169375
87	13	10.9325287356322	-50.2390384615385
86	14	11.7623255813954	-49.2430357142857
85	15	12.5876470588235	-48.1788333333333
84	16	13.4040476190476	-47.1471875
83	17	14.2443373493976	-46.2735294117647
82	18	15.0989024390244	-45.3193055555555
81	19	15.9576543209876	-44.1121052631579
80	20	16.762375	-43.133125
79	21	17.6064556962025	-42.1819047619048
78	22	18.4429487179487	-40.9776136363636
77	23	19.2994805194805	-39.9694565217391
76	24	20.1514473684211	-39.01625
75	25	21.0048	-38.0205
74	26	21.8282432432432	-36.9896153846154
73	27	22.6608219178082	-36.0848148148148
72	28	23.4723611111111	-35.0061607142857
71	29	24.3421126760563	-34.0618103448276
70	30	25.171	-32.937
69	31	26.0208695652174	-32.0334677419355
68	32	26.8757352941176	-30.9815625
67	33	27.7061194029851	-30.0294696969697
66	34	28.5477272727273	-28.9169852941176
65	35	29.3703076923077	-27.9332857142857
64	36	30.19	-26.8852777777778
63	37	31.0166666666667	-25.9609459459459
62	38	31.9175806451613	-24.9249342105263
61	39	32.7645901639344	-23.8432692307692
60	40	33.587	-22.8275625
59	41	34.3810169491526	-21.8598780487805
58	42	35.2825862068966	-20.9046428571429
57	43	36.0982456140351	-19.9245930232558
56	44	36.8816071428571	-18.9273295454545
55	45	37.7552727272727	-17.8661111111111
54	46	38.567037037037	-16.7883695652174
53	47	39.4669811320755	-15.7933510638298
52	48	40.2880769230769	-14.8346354166667
51	49	41.1278431372549	-13.8241836734694
50	50	41.9984	-12.77005
49	51	42.7869387755102	-11.7478921568627
48	52	43.6120833333333	-10.8035576923077
47	53	44.5114893617021	-9.7445283018868
46	54	45.3060869565217	-8.64078703703703
45	55	46.1793333333333	-7.83881818181818
44	56	47.0675	-6.75977678571429
43	57	47.7886046511628	-5.76539473684211
42	58	48.6483333333333	-4.67237068965517
41	59	49.4692682926829	-3.72449152542373
40	60	50.35875	-2.71433333333333
39	61	51.2107692307692	-1.65889344262295
38	62	51.9489473684211	-0.694475806451613
37	63	52.8683783783784	0.36
36	64	53.6902777777778	1.3515625
35	65	54.606	2.27126923076923
34	66	55.4373529411765	3.33348484848485
33	67	56.2839393939394	4.38444029850746
32	68	57.086875	5.3852205882353
31	69	57.9348387096774	6.40673913043478
30	70	58.7553333333333	7.39335714285714
29	71	59.6524137931035	8.45056338028169
28	72	60.4578571428571	9.45753472222222
27	73	61.1907407407407	10.4802397260274
26	74	62.0434615384615	11.4204391891892
25	75	62.9652	12.439
24	76	63.8075	13.4889144736842
23	77	64.6508695652174	14.5087337662338
22	78	65.4977272727273	15.5271153846154
21	79	66.297619047619	16.4837974683544
20	80	67.2065	17.54771875
19	81	68.021052631579	18.5935185185185
18	82	68.9	19.5262804878049
17	83	69.7370588235294	20.6066265060241
16	84	70.53375	21.606369047619
15	85	71.4046666666667	22.5678235294118
14	86	72.1314285714285	23.5906104651163
13	87	73.1023076923077	24.5880747126437
12	88	73.8241666666666	25.6096022727273
11	89	74.7009090909091	26.6040168539326
10	90	75.707	27.5946388888889
9	91	76.2922222222222	28.6483516483516
8	92	77.16125	29.6504347826087
7	93	77.9571428571429	30.6577688172043
6	94	78.6416666666667	31.6590425531915
5	95	79.746	32.6996052631579
4	96	80.47	33.6586458333333
3	97	81.53	34.6820103092784
2	98	82.43	35.6814540816327
1	99	83.14	36.7418434343434
0	100	0	37.7263
