num_of_always_cooperate	num_of_shame_driven_hiding	average_fitness_of_always_cooperate	average_fitness_of_shame_driven_hiding
100	0	50	0
99	1	49.8144444444445	65
98	2	49.6345918367347	64.83
97	3	49.4358762886598	64.6466666666667
96	4	49.2663541666667	64.4825
95	5	49.0665263157895	64.228
94	6	48.908085106383	64.0033333333333
93	7	48.7125806451613	63.9071428571429
92	8	48.5192391304348	63.6775
91	9	48.3540659340659	63.4877777777778
90	10	48.1468888888889	63.319
89	11	47.9551685393258	63.1281818181819
88	12	47.7472727272727	62.965
87	13	47.5770114942529	62.6892307692308
86	14	47.4075581395349	62.5428571428572
85	15	47.1997647058823	62.4013333333334
84	16	47.0144047619048	62.219375
83	17	46.8151807228916	61.9764705882353
82	18	46.6707317073171	61.8016666666667
81	19	46.4348148148148	61.5126315789474
80	20	46.24775	61.4355
79	21	46.0822784810126	61.2033333333333
78	22	45.8744871794872	61.09
77	23	45.6793506493506	60.8904347826087
76	24	45.5086842105263	60.6529166666666
75	25	45.3208	60.5092
74	26	45.1021621621622	60.3107692307692
73	27	44.9352054794521	60.0233333333333
72	28	44.6984722222222	59.8871428571429
71	29	44.5577464788732	59.7420689655172
70	30	44.3047142857143	59.4586666666667
69	31	44.1266666666667	59.2577419354838
68	32	43.9433823529412	59.09125
67	33	43.7908955223881	58.9236363636364
66	34	43.6015151515152	58.6811764705882
65	35	43.3863076923077	58.4268571428571
64	36	43.1321875	58.4122222222222
63	37	43.0071428571429	58.0808108108108
62	38	42.7829032258064	57.9647368421053
61	39	42.5588524590164	57.7379487179487
60	40	42.3493333333333	57.56425
59	41	42.2177966101695	57.3251219512195
58	42	41.9905172413793	57.1438095238095
57	43	41.8012280701754	56.9325581395349
56	44	41.61125	56.7265909090909
55	45	41.3921818181818	56.4744444444445
54	46	41.2018518518519	56.3202173913043
53	47	41.0166037735849	56.1134042553192
52	48	40.7492307692308	55.9447916666667
51	49	40.55	55.7006122448979
50	50	40.3938	55.5058
49	51	40.1785714285714	55.3107843137255
48	52	39.9964583333333	55.1365384615385
47	53	39.863829787234	54.8839622641509
46	54	39.57	54.7455555555556
45	55	39.446	54.5525454545455
44	56	39.1672727272727	54.2726785714286
43	57	38.9423255813953	54.1366666666667
42	58	38.7640476190476	53.8891379310344
41	59	38.5458536585366	53.6776271186441
40	60	38.38875	53.5153333333333
39	61	38.1535897435897	53.3019672131148
38	62	38.0205263157895	53.1130645161291
37	63	37.777027027027	52.9536507936508
36	64	37.5216666666667	52.7021875
35	65	37.3551428571429	52.5253846153846
34	66	37.0979411764706	52.2657575757576
33	67	36.8945454545455	52.0365671641791
32	68	36.7396875	51.8433823529412
31	69	36.428064516129	51.6221739130435
30	70	36.3186666666667	51.4112857142857
29	71	36.0886206896552	51.2284507042254
28	72	35.8907142857143	51.0186111111111
27	73	35.6118518518519	50.8153424657534
26	74	35.4273076923077	50.5910810810811
25	75	35.2192	50.3654666666667
24	76	35.0479166666667	50.2047368421052
23	77	34.8182608695652	49.9442857142857
22	78	34.5345454545455	49.7811538461538
21	79	34.3566666666667	49.5427848101266
20	80	34.0995	49.35625
19	81	33.9036842105263	49.1313580246914
18	82	33.7172222222222	48.8918292682927
17	83	33.4747058823529	48.7178313253012
16	84	33.3275	48.4735714285714
15	85	33.152	48.2694117647058
14	86	32.875	48.0395348837209
13	87	32.6907692307692	47.8385057471264
12	88	32.4566666666667	47.6169318181818
11	89	32.2318181818182	47.3739325842697
10	90	32	47.2158888888889
9	91	31.8077777777778	46.9836263736264
8	92	31.6	46.7502173913043
7	93	31.2985714285714	46.5388172043011
6	94	31.1083333333333	46.351170212766
5	95	30.914	46.1078947368421
4	96	30.735	45.8785416666667
3	97	30.3833333333333	45.6560824742268
2	98	30.265	45.4417346938775
1	99	30	45.2235353535353
0	100	0	45
