num_of_always_defect	num_of_guilt_driven_amending	average_fitness_of_always_defect	average_fitness_of_guilt_driven_amending
100	0	0	0
99	1	0.837575757575757	-62.4675
98	2	1.68224489795918	-61.3525
97	3	2.5120618556701	-60.235
96	4	3.35333333333333	-59.24625
95	5	4.19947368421053	-57.971
94	6	5.03968085106383	-56.8691666666667
93	7	5.87129032258065	-55.8939285714286
92	8	6.69521739130435	-55.0190625
91	9	7.5432967032967	-53.8152777777778
90	10	8.40933333333333	-52.6005
89	11	9.22820224719101	-51.4745454545454
88	12	10.0956818181818	-50.580625
87	13	10.9109195402299	-49.5063461538462
86	14	11.7512790697674	-48.5192857142857
85	15	12.5690588235294	-47.4335
84	16	13.4355952380952	-46.33921875
83	17	14.2607228915663	-45.2813235294118
82	18	15.0839024390244	-44.1625
81	19	15.9445679012346	-43.1001315789474
80	20	16.791875	-42.066375
79	21	17.6212658227848	-40.9694047619048
78	22	18.4716666666667	-40.0413636363636
77	23	19.3315584415584	-38.8541304347826
76	24	20.1556578947368	-37.7647916666667
75	25	20.9858666666667	-36.7262
74	26	21.8095945945946	-35.6525
73	27	22.6682191780822	-34.6084259259259
72	28	23.4970833333333	-33.5688392857143
71	29	24.3430985915493	-32.4410344827586
70	30	25.1872857142857	-31.47725
69	31	25.9939130434783	-30.3522580645161
68	32	26.8539705882353	-29.3378125
67	33	27.6449253731343	-28.0860606060606
66	34	28.5310606060606	-27.1790441176471
65	35	29.3523076923077	-26.0567142857143
64	36	30.1803125	-24.963125
63	37	31.0704761904762	-23.9147972972973
62	38	31.8993548387097	-22.9559210526316
61	39	32.7972131147541	-22.0160897435897
60	40	33.5575	-20.7311875
59	41	34.4132203389831	-19.7425
58	42	35.2822413793104	-18.548869047619
57	43	36.0884210526316	-17.5654069767442
56	44	36.9369642857143	-16.53625
55	45	37.706	-15.4473333333333
54	46	38.572962962963	-14.3986956521739
53	47	39.3537735849056	-13.2927127659574
52	48	40.2767307692307	-12.2636979166667
51	49	41.1211764705882	-11.2170918367347
50	50	41.946	-10.17285
49	51	42.7755102040816	-9.19656862745098
48	52	43.650625	-8.07389423076923
47	53	44.4327659574468	-6.90966981132076
46	54	45.2791304347826	-5.8737962962963
45	55	46.1022222222222	-4.7755
44	56	46.9831818181818	-3.67504464285714
43	57	47.9248837209302	-2.57776315789474
42	58	48.7054761904762	-1.66215517241379
41	59	49.4753658536585	-0.516906779661017
40	60	50.3665	0.529666666666667
39	61	51.2228205128205	1.61483606557377
38	62	52.0868421052631	2.63157258064516
37	63	52.8405405405405	3.77503968253968
36	64	53.6636111111111	4.69390625
35	65	54.5145714285714	5.77684615384615
34	66	55.3717647058823	6.86818181818182
33	67	56.3190909090909	7.90824626865672
32	68	57.0346875	9.031875
31	69	57.9051612903226	10.0524637681159
30	70	58.7813333333334	11.1172857142857
29	71	59.6341379310344	12.1977464788732
28	72	60.4328571428572	13.3447569444444
27	73	61.2211111111111	14.3080136986301
26	74	62.1007692307693	15.4690878378378
25	75	62.9116	16.4921
24	76	63.7791666666667	17.5376315789474
23	77	64.6595652173913	18.5409415584415
22	78	65.4568181818182	19.6825320512821
21	79	66.2571428571429	20.6940189873418
20	80	67.1605	21.839625
19	81	68.0468421052632	22.94
18	82	68.7166666666666	23.9021951219512
17	83	69.6982352941176	25.0482530120482
16	84	70.4675	26.1208630952381
15	85	71.374	27.0796176470588
14	86	72.1907142857143	28.2169476744186
13	87	72.9646153846153	29.2471264367816
12	88	73.9116666666667	30.3631534090909
11	89	74.7354545454545	31.3883146067416
10	90	75.564	32.4773333333333
9	91	76.4733333333334	33.5068131868132
8	92	77.29625	34.5555434782609
7	93	77.9757142857143	35.6753225806452
6	94	78.9616666666667	36.7177659574468
5	95	79.758	37.7420526315789
4	96	80.4625	38.841796875
3	97	81.4166666666667	39.9092783505155
2	98	82.24	40.9588010204082
1	99	83.11	42.0380555555556
0	100	0	43.0887
