num_of_always_defect	num_of_TFT_with_trembling_hand	average_fitness_of_always_defect	average_fitness_of_TFT_with_trembling_hand
100	0	0	0
99	1	0.837575757575757	-62.385
98	2	1.68367346938775	-61.25625
97	3	2.52103092783505	-60.2916666666667
96	4	3.3615625	-59.178125
95	5	4.20642105263158	-58.201
94	6	5.04351063829787	-56.9233333333333
93	7	5.8705376344086	-56.0214285714286
92	8	6.72021739130435	-54.6890625
91	9	7.55604395604396	-53.8358333333333
90	10	8.37477777777778	-52.9525
89	11	9.24483146067416	-51.655
88	12	10.0456818181818	-50.7920833333333
87	13	10.8847126436782	-49.6680769230769
86	14	11.7598837209302	-48.5973214285714
85	15	12.5854117647059	-47.5958333333333
84	16	13.4346428571429	-46.66921875
83	17	14.249156626506	-45.5260294117647
82	18	15.1065853658537	-44.5772222222222
81	19	15.9451851851852	-43.3802631578948
80	20	16.816875	-42.38325
79	21	17.6216455696203	-41.3775
78	22	18.4721794871795	-40.4172727272727
77	23	19.2907792207792	-39.4076086956522
76	24	20.1105263157895	-38.2417708333333
75	25	20.9529333333333	-37.1511
74	26	21.804054054054	-36.1319230769231
73	27	22.6353424657534	-35.0855555555555
72	28	23.5130555555555	-34.0652678571429
71	29	24.3102816901408	-32.9706896551724
70	30	25.1921428571429	-31.9323333333333
69	31	26.0271014492754	-30.8325806451613
68	32	26.8569117647059	-29.867265625
67	33	27.6880597014925	-28.7223484848485
66	34	28.5330303030303	-27.9154411764706
65	35	29.3793846153846	-26.7867142857143
64	36	30.21859375	-25.7028472222222
63	37	31.1128571428571	-24.5693918918919
62	38	31.9020967741935	-23.5172368421053
61	39	32.7468852459016	-22.4446794871795
60	40	33.5911666666667	-21.3969375
59	41	34.3762711864407	-20.419756097561
58	42	35.206724137931	-19.4608333333333
57	43	36.0473684210526	-18.3702906976744
56	44	36.92875	-17.2315909090909
55	45	37.7129090909091	-16.2252777777778
54	46	38.6427777777778	-15.2014673913044
53	47	39.4547169811321	-13.9906382978723
52	48	40.3003846153846	-13.1819791666667
51	49	41.1686274509804	-12.0707653061224
50	50	41.961	-10.9568
49	51	42.7797959183673	-9.94397058823529
48	52	43.6152083333333	-8.90956730769231
47	53	44.4640425531915	-7.84825471698113
46	54	45.3569565217391	-6.86791666666666
45	55	46.1488888888889	-5.74172727272727
44	56	46.9581818181818	-4.72870535714286
43	57	47.803488372093	-3.66070175438597
42	58	48.6630952380952	-2.55012931034483
41	59	49.5426829268293	-1.50661016949153
40	60	50.35675	-0.45225
39	61	51.1194871794872	0.533360655737705
38	62	52.0957894736842	1.61326612903226
37	63	52.7924324324324	2.63222222222222
36	64	53.7252777777778	3.717734375
35	65	54.4777142857143	4.71042307692308
34	66	55.42	5.69761363636364
33	67	56.2187878787879	6.79100746268657
32	68	57.05	7.85823529411765
31	69	57.9412903225807	8.98333333333333
30	70	58.77	9.95632142857143
29	71	59.5634482758621	10.9889084507042
28	72	60.4589285714286	12.0937847222222
27	73	61.2325925925926	13.1291095890411
26	74	62.1907692307692	14.1687162162162
25	75	63.0796	15.1196333333333
24	76	63.8333333333333	16.2145394736842
23	77	64.6304347826087	17.3283116883117
22	78	65.4622727272727	18.3766346153846
21	79	66.332380952381	19.3250632911392
20	80	67.1995	20.43115625
19	81	68.0347368421053	21.4172530864198
18	82	68.8422222222222	22.5161890243902
17	83	69.5282352941176	23.5747891566265
16	84	70.524375	24.5503571428572
15	85	71.3253333333334	25.6585588235294
14	86	72.205	26.7152906976744
13	87	73.0338461538462	27.7301724137931
12	88	73.8583333333333	28.8124715909091
11	89	74.8354545454546	29.8553089887641
10	90	75.35	30.8498888888889
9	91	76.43	32.0220604395604
8	92	77.19375	32.9671467391304
7	93	78.0157142857143	34.0387365591398
6	94	78.7816666666667	35.0822074468085
5	95	79.876	36.1392894736842
4	96	80.585	37.155078125
3	97	81.37	38.2303865979381
2	98	81.99	39.3154591836735
1	99	83.18	40.345303030303
0	100	0	41.35365
