num_of_always_trembling	num_of_guilt_driven_amending	average_fitness_of_always_trembling	average_fitness_of_guilt_driven_amending
100	0	25.06275	0
99	1	25.4261111111111	-1.075
98	2	25.7762244897959	-1.09375
97	3	26.1597422680412	0.0483333333333334
96	4	26.4368489583333	1.32125
95	5	26.7356052631579	1.2025
94	6	26.9260106382979	1.35666666666667
93	7	27.3375	2.04071428571429
92	8	27.653152173913	2.4265625
91	9	28.1546153846154	2.74916666666667
90	10	28.4005833333333	3.517
89	11	28.7922191011236	3.85431818181818
88	12	29.1260795454545	4.30645833333333
87	13	29.4801149425287	4.69134615384615
86	14	29.8571220930233	5.31392857142857
85	15	30.2579705882353	5.81666666666667
84	16	30.5372321428571	6.19078125
83	17	31.0175	6.33926470588235
82	18	31.0211585365854	6.82861111111111
81	19	31.5594135802469	7.47223684210526
80	20	31.79103125	7.496375
79	21	32.1448734177215	8.14595238095238
78	22	32.5097756410257	8.66590909090909
77	23	32.916038961039	9.21630434782608
76	24	33.2794078947369	9.53927083333333
75	25	33.5175333333333	9.9537
74	26	33.9334459459459	10.5554807692308
73	27	34.3563356164384	10.9921296296296
72	28	34.6150694444444	11.478125
71	29	35.0571126760563	11.5877586206897
70	30	35.0764285714286	12.1925833333333
69	31	35.6397826086957	12.7624193548387
68	32	36.0982352941176	13.145625
67	33	36.2671268656716	13.6929545454545
66	34	36.8144696969697	14.0186029411765
65	35	36.8227692307692	14.4805
64	36	37.247421875	14.9586111111111
63	37	37.6260714285714	15.2723648648649
62	38	38.3142338709677	15.7878947368421
61	39	38.4018852459017	16.3114743589744
60	40	38.775	16.77125
59	41	39.1069491525424	16.9979878048781
58	42	39.465	17.6148214285714
57	43	39.7997807017544	17.9276162790698
56	44	40.2372321428572	18.4866477272727
55	45	40.5124545454545	18.8747222222222
54	46	40.6523611111111	19.3786956521739
53	47	41.2516037735849	19.7965957446809
52	48	41.5057211538461	20.2711979166667
51	49	41.8144117647059	20.5789795918367
50	50	42.3279	21.0454
49	51	42.4905612244898	21.4903431372549
48	52	42.9947916666667	21.9417788461538
47	53	43.2336170212766	22.366179245283
46	54	43.6885869565217	22.757037037037
45	55	44.0798888888889	23.1242727272727
44	56	44.3109659090909	23.7525892857143
43	57	44.5557558139535	24.1177192982456
42	58	44.8557738095238	24.562974137931
41	59	45.4091463414634	25.0699152542373
40	60	45.5453125	25.44725
39	61	46.0105769230769	25.8508196721311
38	62	46.3456578947369	26.4006451612903
37	63	46.7414189189189	26.7879761904762
36	64	47.0322222222222	27.258203125
35	65	47.478	27.6515384615385
34	66	47.799705882353	28.0421212121212
33	67	47.9106060606061	28.6039179104478
32	68	48.54203125	29.0943014705882
31	69	48.7308064516129	29.4919202898551
30	70	49.1985	29.8613928571429
29	71	49.4749137931035	30.2779929577465
28	72	49.8258928571429	30.7773958333333
27	73	50.4139814814815	31.1807534246575
26	74	50.4361538461539	31.6598986486486
25	75	50.7938	32.0562
24	76	50.991875	32.5191776315789
23	77	51.2780434782609	32.9650324675325
22	78	51.8472727272727	33.4046794871795
21	79	51.8785714285714	33.8924683544304
20	80	52.649125	34.32225
19	81	52.8022368421052	34.7417283950617
18	82	53.1756944444444	35.1910670731707
17	83	53.3008823529412	35.5777710843373
16	84	54.06875	36.0958333333333
15	85	54.1188333333333	36.5012941176471
14	86	54.8271428571429	36.8667151162791
13	87	54.8817307692307	37.4212356321839
12	88	55.3460416666667	37.8426420454545
11	89	55.4213636363636	38.2851966292135
10	90	55.71275	38.6795
9	91	56.2333333333333	39.1647802197802
8	92	56.7771875	39.5976086956522
7	93	56.9285714285714	40.0101612903226
6	94	57.5370833333333	40.5212234042553
5	95	57.826	40.8572105263158
4	96	57.68	41.3552864583333
3	97	58.8958333333333	41.7746134020619
2	98	58.83125	42.1711224489796
1	99	58.625	42.649595959596
0	100	0	43.0604
