num_of_always_defect	num_of_Pavlov	average_fitness_of_always_defect	average_fitness_of_Pavlov
100	0	0	0
99	1	1.2359595959596	-74.8875
98	2	2.45775510204082	-73.75625
97	3	3.71185567010309	-72.5608333333334
96	4	4.87260416666667	-71.240625
95	5	6.146	-69.5135
94	6	7.33148936170213	-68.2891666666667
93	7	8.56623655913978	-66.8953571428572
92	8	9.81108695652174	-65.680625
91	9	11.0445054945055	-64.1741666666667
90	10	12.2396666666667	-62.933
89	11	13.487191011236	-61.5163636363636
88	12	14.6819318181818	-60.2652083333333
87	13	15.9312643678161	-58.8623076923077
86	14	17.2759302325581	-57.4233928571429
85	15	18.4289411764706	-56.3226666666667
84	16	19.649880952381	-54.75734375
83	17	20.8695180722892	-53.4225
82	18	22.0639024390244	-51.9834722222222
81	19	23.2881481481482	-50.6881578947368
80	20	24.49925	-49.318875
79	21	25.7587341772152	-48.0809523809524
78	22	27.0046153846154	-46.8802272727273
77	23	28.2002597402597	-45.2756521739131
76	24	29.5127631578947	-43.9265625
75	25	30.7413333333333	-42.4746
74	26	31.9914864864865	-41.2044230769231
73	27	33.0635616438356	-40.0222222222222
72	28	34.4331944444444	-38.6966964285714
71	29	35.5049295774648	-37.0553448275862
70	30	36.7128571428572	-35.6249166666667
69	31	38.0305797101449	-34.4303225806452
68	32	39.3048529411765	-33.1603125
67	33	40.4458208955224	-31.7740909090909
66	34	41.7328787878788	-30.3383088235294
65	35	42.9612307692308	-29.1648571428571
64	36	44.169375	-27.5828472222222
63	37	45.4088888888889	-26.2135810810811
62	38	46.5748387096774	-25.0742105263158
61	39	47.8752459016393	-23.7224358974359
60	40	49.068	-22.262375
59	41	50.3067796610169	-20.8110365853659
58	42	51.5444827586207	-19.4126785714286
57	43	52.7129824561403	-18.0842441860465
56	44	53.9957142857143	-16.8484659090909
55	45	55.252	-15.6347222222222
54	46	56.3966666666667	-14.0552717391304
53	47	57.6824528301887	-12.6738829787234
52	48	58.8311538461539	-11.4461458333333
51	49	60.0670588235294	-10.1163265306122
50	50	61.3424	-8.5991
49	51	62.5048979591836	-7.24583333333333
48	52	63.7589583333333	-5.86120192307692
47	53	65.0072340425532	-4.49405660377359
46	54	66.1430434782609	-3.12171296296296
45	55	67.4986666666667	-1.85572727272727
44	56	68.7095454545455	-0.516116071428572
43	57	69.8313953488372	0.858201754385965
42	58	71.23	2.20939655172414
41	59	72.4548780487805	3.59084745762712
40	60	73.56825	4.96045833333333
39	61	74.7864102564102	6.38004098360656
38	62	76.2255263157895	7.73971774193548
37	63	77.2643243243243	8.88769841269842
36	64	78.5597222222222	10.4196875
35	65	79.7157142857143	11.8663076923077
34	66	81.14	12.9944318181818
33	67	82.1663636363636	14.4630970149254
32	68	83.4696875	15.7779779411765
31	69	84.7777419354839	17.2605072463768
30	70	85.9156666666667	18.4534285714286
29	71	87.0820689655172	19.8385211267606
28	72	88.2832142857143	21.3007986111111
27	73	89.5022222222222	22.6299315068493
26	74	90.7869230769231	23.9724662162162
25	75	91.9788	25.2858666666667
24	76	93.2475	26.6563815789474
23	77	94.5665217391304	27.9678571428571
22	78	95.7722727272727	29.2708012820513
21	79	96.9157142857143	30.6081962025317
20	80	98.0505	32.10765625
19	81	99.278947368421	33.2972839506173
18	82	100.446666666667	34.7804573170732
17	83	101.777647058824	36.0922590361446
16	84	103.16	37.5111011904762
15	85	104.292	38.8493529411765
14	86	105.583571428571	40.1712209302326
13	87	106.812307692308	41.6679022988506
12	88	108.068333333333	42.6496306818182
11	89	109.097272727273	44.2465449438202
10	90	110.708	45.5733055555556
9	91	111.721111111111	47.0496978021978
8	92	112.74625	48.3084782608696
7	93	114.328571428571	49.6701344086022
6	94	115.225	51.0996010638298
5	95	116.53	52.2569210526316
4	96	118.0475	53.778984375
3	97	118.483333333333	55.0292525773196
2	98	120.24	56.3169387755102
1	99	121.87	57.6453787878788
0	100	0	59.0622
