num_of_always_trembling	num_of_TFT_with_trembling_hand	average_fitness_of_always_trembling	average_fitness_of_TFT_with_trembling_hand
100	0	25.0012	0
99	1	25.4211111111111	0.315
98	2	25.7185714285715	0.8725
97	3	26.0157989690722	1.36583333333333
96	4	26.3701041666667	1.994375
95	5	26.4458157894737	2.102
94	6	26.9335106382979	2.34833333333333
93	7	27.2675268817204	3.03357142857143
92	8	27.6463043478261	2.9459375
91	9	27.9743131868132	3.61277777777778
90	10	28.1983888888889	4.101
89	11	28.5668539325843	4.89227272727273
88	12	28.9205681818182	5.19041666666667
87	13	29.2569827586207	5.52865384615385
86	14	29.5642441860465	5.6625
85	15	29.9883529411765	6.39816666666667
84	16	30.4720535714286	6.56453125
83	17	30.6790963855422	7.03735294117647
82	18	31.0716768292683	7.35111111111111
81	19	31.3532716049383	7.88105263157895
80	20	31.666125	8.076
79	21	31.8666772151899	8.63214285714286
78	22	32.3440384615385	9.02602272727273
77	23	32.6378896103896	9.48108695652174
76	24	33.0550986842105	10.0910416666667
75	25	33.2647	10.4743
74	26	33.7180743243243	10.7675961538462
73	27	34.0035273972603	11.2538888888889
72	28	34.3941666666667	11.7054464285714
71	29	34.6089436619718	12.0914655172414
70	30	34.96025	12.5458333333333
69	31	35.3106884057971	12.9927419354839
68	32	35.5543382352941	13.260234375
67	33	35.8182835820896	13.5964393939394
66	34	36.3462121212121	14.1491176470588
65	35	36.6123461538462	14.5262857142857
64	36	36.7867578125	14.8102083333333
63	37	37.1481349206349	15.3446621621622
62	38	37.580685483871	15.7331578947368
61	39	37.7406967213115	16.2355769230769
60	40	38.3662083333333	16.5801875
59	41	38.4012711864407	17.0839024390244
58	42	38.7555603448276	17.5546428571429
57	43	39.3063596491228	17.9108139534884
56	44	39.4383482142857	18.1954545454545
55	45	39.823	18.601
54	46	40.1110185185185	19.0209239130435
53	47	40.6753301886792	19.3370744680851
52	48	40.8821634615385	19.7915104166667
51	49	41.2684803921569	20.1294897959184
50	50	41.68855	20.70475
49	51	41.8546428571429	21.1733823529412
48	52	42.1998958333333	21.5511538461538
47	53	42.3151595744681	21.854858490566
46	54	42.6959782608696	22.3944907407407
45	55	43.1901666666667	22.7356818181818
44	56	43.4229545454545	23.1458482142857
43	57	43.8308720930233	23.5506140350877
42	58	44.0966071428571	24.0297413793103
41	59	44.5254268292683	24.3362711864407
40	60	44.9105	24.8187083333333
39	61	45.1760256410256	25.1731147540984
38	62	45.5025	25.6496370967742
37	63	45.8258783783784	26.0984523809524
36	64	45.9947916666667	26.5078515625
35	65	46.4570714285714	26.9407307692308
34	66	46.94125	27.2760984848485
33	67	47.3090151515152	27.679552238806
32	68	47.438125	28.1425735294118
31	69	47.6100806451613	28.5411231884058
30	70	48.1964166666667	28.9361071428571
29	71	48.431724137931	29.3608450704225
28	72	48.6904464285714	29.7956944444444
27	73	49.1849074074074	30.1890068493151
26	74	49.6183653846154	30.6936486486487
25	75	49.6238	31.0194333333333
24	76	50.2061458333333	31.4795394736842
23	77	50.365652173913	31.9730519480519
22	78	50.8939772727273	32.3466666666667
21	79	51.205119047619	32.706329113924
20	80	51.4725	33.0879375
19	81	51.7971052631579	33.5357407407407
18	82	52.1429166666667	33.917743902439
17	83	52.4045588235294	34.3403313253012
16	84	52.784375	34.7147916666667
15	85	53.223	35.1721176470588
14	86	53.5225	35.5518604651163
13	87	53.5423076923077	36.0084195402299
12	88	54.0222916666667	36.4399431818182
11	89	54.4486363636364	36.8327247191011
10	90	54.55175	37.2971666666667
9	91	55.2055555555555	37.6589285714286
8	92	55.4359375	38.0100543478261
7	93	55.2607142857143	38.4533602150538
6	94	55.84625	38.8896542553192
5	95	56.4875	39.2904736842105
4	96	56.610625	39.71578125
3	97	56.9825	40.1236082474227
2	98	56.665	40.5321173469388
1	99	58.2625	40.9765151515151
0	100	0	41.3441
