num_of_always_cooperate	num_of_shame_driven_denying	average_fitness_of_always_cooperate	average_fitness_of_shame_driven_denying
100	0	50	0
99	1	49.6234343434344	78.065
98	2	49.2261224489796	77.07875
97	3	48.8782474226804	76.9791666666667
96	4	48.4964583333333	76.56625
95	5	48.1138947368421	76.2565
94	6	47.6938297872341	75.88
93	7	47.3511827956989	75.3714285714286
92	8	46.9631521739131	74.9671875
91	9	46.6823076923077	74.4480555555556
90	10	46.2383333333334	74.09875
89	11	45.8679775280899	73.7065909090909
88	12	45.4581818181818	73.5708333333333
87	13	45.1488505747126	72.9569230769231
86	14	44.8183720930233	72.4291071428571
85	15	44.3271764705882	71.9706666666666
84	16	44.0390476190476	71.79296875
83	17	43.6402409638554	71.1897058823529
82	18	43.2420731707317	70.8566666666667
81	19	42.9014814814815	70.5652631578948
80	20	42.4745	70.07925
79	21	42.1005063291139	69.6523809523809
78	22	41.8202564102564	69.6315909090909
77	23	41.2738961038961	68.8685869565217
76	24	40.9955263157895	68.443125
75	25	40.5957333333333	68.1117
74	26	40.2790540540541	67.7814423076923
73	27	39.9090410958904	67.1041666666667
72	28	39.5041666666667	66.9375892857143
71	29	39.2008450704225	66.4499137931034
70	30	38.7917142857143	66.0948333333333
69	31	38.4036231884058	65.6731451612903
68	32	38.1001470588235	65.31015625
67	33	37.6226865671642	64.7689393939394
66	34	37.2718181818182	64.4178676470588
65	35	36.9326153846154	64.1043571428571
64	36	36.58921875	63.6556944444444
63	37	36.0487301587302	63.2065540540541
62	38	35.8240322580645	62.7296052631579
61	39	35.3670491803279	62.4519230769231
60	40	34.9578333333333	61.97325
59	41	34.5803389830508	61.6010365853659
58	42	34.2753448275862	61.2325
57	43	33.9001754385965	60.8086046511628
56	44	33.5771428571429	60.3403977272727
55	45	33.1543636363636	60.2092777777778
54	46	32.7868518518518	59.5984239130435
53	47	32.3541509433962	59.1239893617021
52	48	32.0221153846154	58.82703125
51	49	31.6698039215686	58.4658163265306
50	50	31.276	57.98275
49	51	31.0608163265306	57.481862745098
48	52	30.4960416666667	57.1369230769231
47	53	30.1108510638298	56.7482075471698
46	54	29.7423913043478	56.432962962963
45	55	29.3055555555555	56.0639545454545
44	56	29.0775	55.5581696428572
43	57	28.7076744186047	55.0075438596491
42	58	28.2690476190476	54.8139224137931
41	59	27.9878048780488	54.3923305084746
40	60	27.564	53.8824166666667
39	61	27.0502564102564	53.5193852459016
38	62	26.7323684210526	53.0879435483871
37	63	26.4508108108108	52.7443253968254
36	64	25.9383333333333	52.3609375
35	65	25.7688571428571	51.8987307692308
34	66	25.1397058823529	51.4556818181818
33	67	24.8269696969697	51.1028358208955
32	68	24.683125	50.7026102941176
31	69	24.0361290322581	50.2871739130435
30	70	23.856	49.8971071428572
29	71	23.4044827586207	49.4600352112676
28	72	22.9746428571429	49.1095833333333
27	73	22.7192592592593	48.6545890410959
26	74	22.5688461538462	48.2680405405406
25	75	21.8132	47.8782666666667
24	76	21.74875	47.3867434210526
23	77	21.054347826087	47.0621103896104
22	78	20.7927272727273	46.6769871794872
21	79	20.3885714285714	46.191170886076
20	80	20.231	45.8100625
19	81	19.7542105263158	45.4539506172839
18	82	19.4311111111111	45.0308536585366
17	83	19.0352941176471	44.6229819277108
16	84	18.546875	44.2337797619048
15	85	18.0993333333333	43.8205588235294
14	86	17.915	43.4600290697674
13	87	17.5069230769231	43.0467528735632
12	88	17.1075	42.6019318181818
11	89	16.7018181818182	42.2268539325843
10	90	16.073	41.7957222222222
9	91	15.9011111111111	41.356510989011
8	92	15.31125	40.9735054347826
7	93	15.6414285714286	40.5735215053763
6	94	14.4783333333333	40.126170212766
5	95	14.614	39.7284736842105
4	96	13.97	39.3725520833333
3	97	13.1466666666667	38.9236855670103
2	98	13.775	38.5668367346939
1	99	13.27	38.1327272727273
0	100	0	37.757775
