num_of_always_trembling	num_of_shame_driven_hiding	average_fitness_of_always_trembling	average_fitness_of_shame_driven_hiding
100	0	25.0098	0
99	1	25.2306313131313	1.215
98	2	25.8462755102041	2.54625
97	3	25.9915206185567	2.49416666666667
96	4	26.2677083333333	2.986875
95	5	26.5218947368421	3.446
94	6	26.8499734042553	3.78791666666667
93	7	27.2509139784946	4.44821428571429
92	8	27.7554076086957	4.28875
91	9	27.8985714285714	4.78916666666667
90	10	28.1492222222222	5.091
89	11	28.5216011235955	5.66795454545455
88	12	28.7057386363636	6.001875
87	13	28.9659195402299	6.47076923076923
86	14	29.2594476744186	6.95107142857143
85	15	29.5425294117647	7.06016666666667
84	16	30.096994047619	7.7171875
83	17	30.3860240963856	8.36117647058823
82	18	30.6726829268293	8.54416666666667
81	19	30.8776851851852	9.00276315789474
80	20	31.29784375	9.42975
79	21	31.7428164556962	9.79416666666667
78	22	32.0515384615385	10.2990909090909
77	23	32.3131818181818	10.7345652173913
76	24	32.6875328947368	11.0132291666667
75	25	32.6918666666667	11.4902
74	26	33.0494256756757	11.9625961538462
73	27	33.5412671232877	12.2565740740741
72	28	33.9024652777778	12.8523214285714
71	29	34.032676056338	13.2678448275862
70	30	34.4949642857143	13.7176666666667
69	31	34.7014130434783	14.0332258064516
68	32	35.0352205882353	14.443828125
67	33	35.3459701492537	14.7474242424242
66	34	35.5563636363636	15.4254411764706
65	35	36.0909230769231	15.8207857142857
64	36	36.3912890625	16.2311111111111
63	37	36.6752380952381	16.552027027027
62	38	37.0033064516129	17.0590789473684
61	39	37.1260655737705	17.4725641025641
60	40	37.64625	17.7966875
59	41	37.9804661016949	18.2685975609756
58	42	38.0984913793103	18.8203571428571
57	43	38.2825438596491	19.1286046511628
56	44	38.7544196428571	19.6261931818182
55	45	38.9795454545455	20.0582222222222
54	46	39.4226388888889	20.4832608695652
53	47	39.7058490566038	20.8182446808511
52	48	39.9830288461538	21.28765625
51	49	40.3945588235294	21.7789795918367
50	50	40.78945	22.3185
49	51	41.1112244897959	22.6713725490196
48	52	41.2304166666667	23.1248076923077
47	53	41.7083510638298	23.5069811320755
46	54	41.9113043478261	23.8739351851852
45	55	42.1933333333333	24.4102727272727
44	56	42.4763636363636	24.8641071428571
43	57	42.8270348837209	25.2284649122807
42	58	43.0632738095238	25.6768965517241
41	59	43.4569512195122	26.1337288135593
40	60	43.74	26.6452083333333
39	61	44.2214743589743	27.153237704918
38	62	44.6936184210526	27.4811290322581
37	63	44.8696621621622	27.859246031746
36	64	45.1321527777778	28.371640625
35	65	45.5796428571428	28.8338461538462
34	66	45.7027941176471	29.2029545454545
33	67	46.1282575757576	29.8191044776119
32	68	46.5028125	30.2307720588235
31	69	46.6795161290323	30.500652173913
30	70	47.06775	31.0198928571429
29	71	47.4612931034483	31.5089788732394
28	72	47.8270535714286	31.9929166666667
27	73	47.9217592592593	32.4216095890411
26	74	48.4570192307692	32.8707432432432
25	75	48.8524	33.2624666666667
24	76	48.8116666666667	33.7371052631579
23	77	49.4039130434782	34.2722402597403
22	78	49.5556818181818	34.7257692307692
21	79	50.0652380952381	35.1275949367089
20	80	50.311625	35.61775
19	81	50.2007894736842	36.042962962963
18	82	50.5608333333333	36.5381402439024
17	83	51.2136764705882	36.9525602409639
16	84	51.46390625	37.4614285714286
15	85	51.7796666666667	37.9106470588235
14	86	51.84125	38.4018313953488
13	87	52.3901923076923	38.8339942528736
12	88	52.6916666666667	39.3557386363636
11	89	53.0293181818182	39.7225842696629
10	90	53.202	40.2359722222222
9	91	53.8183333333333	40.6926923076923
8	92	54.0275	41.1978260869565
7	93	54.1557142857143	41.655564516129
6	94	54.27	42.1333776595745
5	95	54.867	42.6280263157895
4	96	55.224375	43.079296875
3	97	55.9291666666667	43.5673969072165
2	98	55.77375	44.0550765306123
1	99	56.525	44.5276262626263
0	100	0	45
