num_of_always_defect	num_of_shame_driven_hiding	average_fitness_of_always_defect	average_fitness_of_shame_driven_hiding
100	0	0	0
99	1	0.842525252525252	-62.6775
98	2	1.68357142857143	-61.3275
97	3	2.52350515463918	-60.6133333333333
96	4	3.36489583333333	-59.31
95	5	4.19915789473684	-58.528
94	6	5.02287234042553	-57.2804166666667
93	7	5.86010752688172	-56.5742857142857
92	8	6.69054347826087	-55.5240625
91	9	7.53714285714285	-54.5844444444445
90	10	8.40233333333333	-53.31
89	11	9.22707865168539	-52.4909090909091
88	12	10.0556818181818	-51.5033333333334
87	13	10.9014942528736	-50.4571153846154
86	14	11.7529069767442	-49.5555357142857
85	15	12.5909411764706	-48.5365
84	16	13.4005952380952	-47.40125
83	17	14.2839759036144	-46.6464705882353
82	18	15.0932926829268	-45.4202777777778
81	19	15.9585185185185	-44.4894736842105
80	20	16.7715	-43.606125
79	21	17.6279746835443	-42.35
78	22	18.4207692307692	-41.3714772727273
77	23	19.2941558441558	-40.4447826086956
76	24	20.1640789473684	-39.3254166666667
75	25	21.008	-38.4257
74	26	21.8298648648649	-37.4428846153846
73	27	22.6561643835616	-36.2810185185185
72	28	23.5023611111111	-35.3466071428571
71	29	24.3671830985915	-34.3900862068966
70	30	25.1525714285714	-33.277
69	31	25.9888405797102	-32.2266935483871
68	32	26.8639705882353	-31.428671875
67	33	27.6855223880597	-30.1937121212121
66	34	28.5204545454545	-29.1558088235294
65	35	29.3713846153846	-28.1168571428571
64	36	30.23234375	-27.0948611111111
63	37	31.045873015873	-25.9950675675676
62	38	31.9217741935484	-25.0223684210526
61	39	32.722131147541	-23.9475
60	40	33.583	-22.9040625
59	41	34.4298305084746	-21.917743902439
58	42	35.2513793103448	-20.7453571428571
57	43	36.1056140350877	-19.7775581395349
56	44	36.9246428571429	-18.7620454545455
55	45	37.768	-17.6378333333333
54	46	38.6518518518518	-16.5832608695652
53	47	39.4360377358491	-15.5295212765957
52	48	40.2759615384615	-14.4169791666667
51	49	41.0319607843137	-13.4021428571429
50	50	41.9632	-12.38255
49	51	42.7973469387755	-11.2080392156863
48	52	43.598125	-10.1097596153846
47	53	44.4612765957447	-9.05622641509434
46	54	45.3652173913043	-7.99722222222222
45	55	46.112	-6.90531818181818
44	56	46.9377272727273	-5.795625
43	57	47.8186046511628	-4.7434649122807
42	58	48.6854761904762	-3.63443965517241
41	59	49.4946341463414	-2.55550847457627
40	60	50.378	-1.46804166666667
39	61	51.0971794871795	-0.366106557377049
38	62	52.043947368421	0.762943548387097
37	63	52.8864864864865	1.76305555555556
36	64	53.6952777777778	2.8740625
35	65	54.5025714285714	3.97126923076923
34	66	55.3302941176471	5.16314393939394
33	67	56.2066666666666	6.24951492537313
32	68	57.08125	7.37408088235294
31	69	57.9454838709677	8.445
30	70	58.8053333333334	9.61203571428572
29	71	59.5434482758621	10.7468309859155
28	72	60.4028571428572	11.8823958333333
27	73	61.2055555555556	13.0710616438356
26	74	62.0488461538461	14.1860135135135
25	75	62.9452	15.2866
24	76	63.8491666666666	16.3626315789474
23	77	64.6495652173913	17.5763311688312
22	78	65.4772727272727	18.7772756410256
21	79	66.2628571428572	19.9066139240506
20	80	67.077	21.07778125
19	81	68.0442105263158	22.3036111111111
18	82	68.7433333333333	23.426493902439
17	83	69.6770588235294	24.559578313253
16	84	70.47125	25.6758035714286
15	85	71.422	26.9277647058824
14	86	72.1521428571429	28.0433430232558
13	87	73.1607692307692	29.2679022988506
12	88	73.8158333333333	30.4796875
11	89	74.6181818181818	31.6222191011236
10	90	75.539	32.8414722222222
9	91	76.4355555555555	34.0662362637363
8	92	77.3575	35.2099184782609
7	93	78.2042857142857	36.4667204301075
6	94	78.9683333333333	37.6352925531915
5	95	80.04	38.8735
4	96	80.2425	40.0677864583333
3	97	81.77	41.2914948453608
2	98	82.1	42.5151275510204
1	99	83.41	43.772398989899
0	100	0	45
