num_of_always_cooperate	num_of_TFT_with_trembling_hand	average_fitness_of_always_cooperate	average_fitness_of_TFT_with_trembling_hand
100	0	50	0
99	1	49.8014141414141	65
98	2	49.600612244898	64.73125
97	3	49.3832989690722	64.4916666666667
96	4	49.1783333333334	64.231875
95	5	49.0054736842105	64.053
94	6	48.8003191489362	63.8533333333333
93	7	48.5631182795699	63.5528571428571
92	8	48.4045652173913	63.2809375
91	9	48.1982417582417	63.1388888888889
90	10	47.9818888888889	62.783
89	11	47.7732584269663	62.6518181818182
88	12	47.5677272727273	62.3933333333333
87	13	47.3547126436782	62.1261538461538
86	14	47.1603488372093	61.9101785714286
85	15	46.9745882352941	61.6868333333333
84	16	46.7705952380952	61.37234375
83	17	46.5789156626506	61.2433823529412
82	18	46.3820731707317	60.9494444444444
81	19	46.1517283950617	60.6784210526316
80	20	45.943	60.456875
79	21	45.7635443037975	60.2353571428572
78	22	45.5755128205128	60.1014772727273
77	23	45.4002597402597	59.7278260869565
76	24	45.1676315789474	59.506875
75	25	44.9398666666667	59.2247
74	26	44.755	59.0675961538461
73	27	44.5209589041096	58.7909259259259
72	28	44.3698611111111	58.5222321428572
71	29	44.1614084507042	58.2444827586207
70	30	43.9471428571429	58.0875
69	31	43.7349275362319	57.8066935483871
68	32	43.5426470588235	57.576171875
67	33	43.3497014925373	57.4249242424242
66	34	43.1375757575758	57.1148529411765
65	35	42.9056923076923	56.9239285714285
64	36	42.7359375	56.6945138888889
63	37	42.5390476190476	56.4268243243244
62	38	42.316935483871	56.1536184210526
61	39	42.1380327868853	55.9751282051283
60	40	41.9071666666667	55.6219375
59	41	41.7381355932203	55.4610365853658
58	42	41.5163793103448	55.2352976190476
57	43	41.3354385964912	54.9347093023256
56	44	41.0992857142857	54.6938068181818
55	45	40.9096363636364	54.4811666666667
54	46	40.7033333333333	54.3080434782609
53	47	40.5175471698113	54.0742553191489
52	48	40.295	53.8111979166667
51	49	40.0729411764706	53.4810714285714
50	50	39.8798	53.32975
49	51	39.7216326530612	53.0560784313725
48	52	39.4852083333333	52.84625
47	53	39.308085106383	52.5337735849057
46	54	39.1004347826087	52.3428240740741
45	55	38.9373333333333	52.0810909090909
44	56	38.6786363636364	51.9051785714286
43	57	38.4855813953488	51.5723245614035
42	58	38.2840476190476	51.4158620689655
41	59	38.1948780487805	51.145720338983
40	60	37.88125	50.981625
39	61	37.7305128205128	50.7066393442623
38	62	37.4810526315789	50.406935483871
37	63	37.2956756756757	50.2071031746032
36	64	37.0858333333333	49.9798828125
35	65	36.8002857142857	49.6882692307692
34	66	36.6691176470588	49.4143181818182
33	67	36.4463636363636	49.2111567164179
32	68	36.295625	49.0655514705882
31	69	36.0132258064516	48.7849275362319
30	70	35.817	48.49625
29	71	35.6313793103448	48.3024295774648
28	72	35.4160714285714	48.0854513888889
27	73	35.2225925925926	47.768595890411
26	74	35.0830769230769	47.5498986486486
25	75	34.8768	47.3569333333333
24	76	34.6370833333333	47.0988815789473
23	77	34.4134782608696	46.8603246753247
22	78	34.2704545454545	46.6575641025641
21	79	33.9904761904762	46.3848734177215
20	80	33.797	46.17434375
19	81	33.6594736842105	45.9073456790123
18	82	33.4977777777778	45.6811585365854
17	83	33.1976470588235	45.465
16	84	33.01125	45.108244047619
15	85	32.8193333333333	44.9122941176471
14	86	32.6	44.6834011627907
13	87	32.4184615384615	44.4794252873563
12	88	32.32	44.2117613636364
11	89	32.0827272727273	44.0161516853933
10	90	31.835	43.7475
9	91	31.6555555555556	43.4987362637363
8	92	31.43875	43.2432608695652
7	93	31.1342857142857	43.0549462365591
6	94	31.075	42.8219680851064
5	95	30.806	42.5326842105263
4	96	30.655	42.3147135416667
3	97	30.4366666666667	42.0817783505155
2	98	30.22	41.8328826530612
1	99	30	41.5652272727273
0	100	0	41.3601
