num_of_guilt_driven_amending	num_of_Pavlov	average_fitness_of_guilt_driven_amending	average_fitness_of_Pavlov
100	0	43.11705	0
99	1	42.9867929292929	57.8375
98	2	42.8736479591837	58.77875
97	3	42.8308762886598	59.18
96	4	42.77046875	59.0875
95	5	42.6666842105263	59.2425
94	6	42.5576329787234	59.08
93	7	42.4856182795699	59.3142857142857
92	8	42.4023913043478	59.0809375
91	9	42.2630769230769	59.1316666666667
90	10	42.1771388888889	58.9882499999999
89	11	42.0895505617978	59.1163636363636
88	12	41.9509375	59.109375
87	13	41.9402298850575	59.0538461538461
86	14	41.8327325581396	58.92875
85	15	41.6974117647059	59.2118333333334
84	16	41.6393452380952	59.2009375
83	17	41.5135240963855	58.9360294117647
82	18	41.4138719512195	58.9930555555556
81	19	41.3398456790123	59.1719736842105
80	20	41.30375	58.918625
79	21	41.1112658227848	58.9396428571428
78	22	41.0697435897436	59.0032954545455
77	23	40.9500974025974	58.9825
76	24	40.8740460526316	58.8746875
75	25	40.7191666666667	59.1403
74	26	40.6839864864865	59.3174038461538
73	27	40.5753767123288	59.092962962963
72	28	40.4529513888889	59.0671428571429
71	29	40.404823943662	59.1623275862069
70	30	40.3861785714286	59.3265
69	31	40.2431884057971	59.0549193548387
68	32	40.1301838235294	59.020234375
67	33	40.0002611940298	59.0278787878788
66	34	39.9477272727273	58.9010294117647
65	35	39.8215384615385	59.0497142857143
64	36	39.76875	59.1095833333333
63	37	39.7291666666667	58.9876351351351
62	38	39.5673387096774	59.0949342105263
61	39	39.5464344262295	59.1136538461538
60	40	39.4074583333334	59.079625
59	41	39.2605084745763	59.0957926829268
58	42	39.2253448275862	59.0395238095238
57	43	39.0757894736842	58.9311046511628
56	44	39.0345089285714	58.9640909090909
55	45	38.9709090909091	59.1388333333333
54	46	38.8550925925926	59.0371739130435
53	47	38.7454716981132	59.1244680851064
52	48	38.6797596153846	59.13359375
51	49	38.7035294117647	58.9460204081633
50	50	38.55395	59.01655
49	51	38.3591326530612	58.9566176470588
48	52	38.25921875	59.0722115384616
47	53	38.1488829787234	59.1291037735849
46	54	38.0739673913044	58.9743518518518
45	55	37.9822222222222	58.9885454545454
44	56	37.851875	59.2691517857143
43	57	37.7865697674419	59.2026315789474
42	58	37.6964285714286	59.0872413793103
41	59	37.6185365853659	59.0925
40	60	37.625875	59.1054166666667
39	61	37.4335897435897	59.1238524590164
38	62	37.28875	59.1227822580645
37	63	37.2543918918919	59.1586507936508
36	64	37.1405555555556	59.184140625
35	65	37.0618571428571	59.1331538461539
34	66	37.1821323529412	59.0530303030303
33	67	36.9902272727273	59.010223880597
32	68	36.724921875	59.0634926470588
31	69	36.6958870967742	59.1114855072464
30	70	36.7255833333333	59.0623214285714
29	71	36.5968965517242	59.0671478873239
28	72	36.3508928571428	59.1138194444445
27	73	36.3325	59.0827397260274
26	74	36.1414423076923	59.1193581081081
25	75	36.2877	59.0195333333333
24	76	36.091875	59.0683881578948
23	77	35.8519565217391	59.1589935064935
22	78	35.8069318181818	59.160641025641
21	79	35.8469047619047	59.095
20	80	35.621875	59.202375
19	81	35.6468421052632	59.1412345679012
18	82	35.4434722222222	59.0312804878049
17	83	35.3276470588235	58.9367469879518
16	84	35.29484375	58.957380952381
15	85	35.343	59.1029705882353
14	86	35.2073214285714	58.9543023255814
13	87	34.945	59.1679022988506
12	88	34.9985416666667	59.0617897727273
11	89	35.0661363636364	59.1490730337079
10	90	34.69525	59.0186111111111
9	91	34.5669444444444	59.1223626373626
8	92	34.549375	59.1580434782609
7	93	34.6032142857143	59.1147311827957
6	94	34.2604166666667	59.0498404255319
5	95	34.142	59.0791315789474
4	96	34.574375	59.1135416666666
3	97	34.0775	59.1190463917526
2	98	33.71	59.0622193877551
1	99	32.7225	59.092297979798
0	100	0	59.16045
