num_of_shame_driven_hiding	num_of_shame_driven_denying	average_fitness_of_shame_driven_hiding	average_fitness_of_shame_driven_denying
100	0	45	0
99	1	44.9460606060606	40.7425
98	2	44.8822959183673	40.89125
97	3	44.8360567010309	40.5166666666667
96	4	44.773515625	40.5925
95	5	44.7272894736842	40.628
94	6	44.6692819148936	40.5670833333333
93	7	44.6116397849463	40.5885714285714
92	8	44.5579619565218	40.6209375
91	9	44.5130494505495	40.4569444444444
90	10	44.4625555555556	40.53125
89	11	44.4218539325843	40.3686363636364
88	12	44.3655965909091	40.3845833333333
87	13	44.3147988505747	40.3173076923077
86	14	44.2482848837209	40.2419642857143
85	15	44.2151470588235	40.2538333333333
84	16	44.1348511904762	40.18828125
83	17	44.1131024096385	40.1264705882353
82	18	44.0444512195122	40.1886111111111
81	19	43.9777469135802	40.2298684210526
80	20	43.95246875	40.045
79	21	43.8806012658228	39.9538095238095
78	22	43.8239102564103	40.0354545454545
77	23	43.7987662337663	39.9431521739131
76	24	43.7178618421053	39.9742708333333
75	25	43.7281333333333	39.9573
74	26	43.6341891891892	39.83875
73	27	43.5915068493151	39.8935185185185
72	28	43.5510416666667	39.85875
71	29	43.5066901408451	39.7624137931034
70	30	43.4534285714286	39.7691666666667
69	31	43.4002898550725	39.7443548387097
68	32	43.3446323529412	39.68625
67	33	43.3038059701492	39.6543939393939
66	34	43.2872727272727	39.6213235294117
65	35	43.2556538461538	39.5581428571428
64	36	43.15984375	39.5747916666667
63	37	43.1281349206349	39.5226351351351
62	38	43.0747983870968	39.4863815789474
61	39	43.0462704918033	39.4483333333333
60	40	42.9931666666667	39.4455625
59	41	42.9499576271186	39.4170121951219
58	42	42.8828879310345	39.4017261904762
57	43	42.8113157894737	39.3147093023256
56	44	42.8057589285714	39.3131818181818
55	45	42.7299545454545	39.2403333333333
54	46	42.7229166666667	39.2884782608696
53	47	42.6914622641509	39.2257446808511
52	48	42.660625	39.1965104166667
51	49	42.6000980392157	39.1527551020408
50	50	42.52465	39.1467
49	51	42.5064285714286	39.074362745098
48	52	42.4213020833333	39.0768269230769
47	53	42.4059042553191	39.0897169811321
46	54	42.3607065217391	39.0667592592593
45	55	42.3046111111111	39.0035454545455
44	56	42.3153977272727	38.9717857142857
43	57	42.2371511627907	38.9204385964912
42	58	42.212619047619	38.8727155172414
41	59	42.1338414634146	38.7848305084746
40	60	42.1120625	38.906875
39	61	42.090641025641	38.8387704918033
38	62	42.0596052631579	38.7675806451613
37	63	41.9899324324324	38.7232539682539
36	64	41.9271527777778	38.70109375
35	65	41.8737142857143	38.6822692307692
34	66	41.8798529411765	38.684696969697
33	67	41.8618939393939	38.6646268656716
32	68	41.797421875	38.5886397058824
31	69	41.7072580645161	38.596847826087
30	70	41.7275	38.5579642857143
29	71	41.6449137931035	38.5166549295775
28	72	41.686875	38.4519444444445
27	73	41.6081481481481	38.4491780821918
26	74	41.5558653846154	38.4312162162162
25	75	41.4931	38.4312333333333
24	76	41.5177083333333	38.4041447368421
23	77	41.421847826087	38.3448701298701
22	78	41.4054545454545	38.316891025641
21	79	41.3413095238095	38.3189240506329
20	80	41.37025	38.2795625
19	81	41.218552631579	38.2575617283951
18	82	41.1573611111111	38.185
17	83	41.2439705882353	38.1853915662651
16	84	41.06703125	38.1341369047619
15	85	41.2045	38.148794117647
14	86	41.1467857142857	38.1065406976744
13	87	40.9861538461539	38.0709195402299
12	88	40.9208333333333	38.0426136363636
11	89	40.8545454545455	37.984606741573
10	90	40.99575	37.9995833333333
9	91	40.7658333333333	37.9732692307692
8	92	40.99125	37.9839402173913
7	93	40.9117857142857	37.9258064516129
6	94	40.8291666666667	37.8616755319149
5	95	40.718	37.828447368421
4	96	40.79125	37.8520833333333
3	97	40.5058333333333	37.849587628866
2	98	40.675	37.7992091836735
1	99	40.2	37.7166414141414
0	100	0	37.755925
