num_of_shame_driven_hiding	num_of_guilt_driven_amending	average_fitness_of_shame_driven_hiding	average_fitness_of_guilt_driven_amending
100	0	45	0
99	1	45.0980808080808	34.835
98	2	45.1921683673469	34.835
97	3	45.2836855670103	34.93
96	4	45.3677864583333	35.319375
95	5	45.480552631579	35.1435
94	6	45.5696010638298	35.20125
93	7	45.6595698924731	35.4728571428571
92	8	45.7480163043478	35.4709375
91	9	45.853956043956	35.5813888888889
90	10	45.9343333333333	35.54725
89	11	46.0352247191011	35.6604545454545
88	12	46.1195170454546	35.8902083333333
87	13	46.2270114942529	35.7888461538462
86	14	46.2984011627907	35.9575
85	15	46.4220882352941	36.1681666666667
84	16	46.4644642857143	36.18578125
83	17	46.590813253012	36.2642647058823
82	18	46.6636585365854	36.2309722222222
81	19	46.7877777777778	36.4346052631579
80	20	46.84009375	36.4915
79	21	46.9072784810127	36.7198809523809
78	22	47.0269230769231	36.5993181818182
77	23	47.1147077922078	36.8510869565217
76	24	47.2164802631579	36.9211458333333
75	25	47.2663333333333	37.0456
74	26	47.3851689189189	37.0597115384616
73	27	47.4821232876713	37.2415740740741
72	28	47.5578819444445	37.2682142857143
71	29	47.6676408450704	37.3541379310345
70	30	47.7323214285714	37.386
69	31	47.8248188405797	37.4945161290323
68	32	47.8805147058823	37.5340625
67	33	48.0112686567164	37.7509090909091
66	34	48.0412878787879	37.8238235294118
65	35	48.181	37.8433571428571
64	36	48.225625	37.9523611111111
63	37	48.3201587301587	38.0950675675676
62	38	48.4022580645161	38.0909210526316
61	39	48.527131147541	38.1665384615385
60	40	48.5669166666667	38.3445625
59	41	48.6268220338983	38.3751219512195
58	42	48.7441810344828	38.4982142857143
57	43	48.8466228070176	38.4756395348837
56	44	48.8885267857143	38.6852840909091
55	45	49.0117272727273	38.7333888888889
54	46	49.11875	38.8759782608695
53	47	49.1457075471698	38.8540425531915
52	48	49.2009134615384	38.990625
51	49	49.3388725490196	39.0482653061224
50	50	49.39685	39.1596
49	51	49.4918367346939	39.2614215686275
48	52	49.5500520833333	39.3616826923077
47	53	49.6501063829787	39.4328773584906
46	54	49.7398913043478	39.468287037037
45	55	49.8205555555555	39.6042272727273
44	56	49.8683522727273	39.6654017857143
43	57	49.9767441860465	39.725
42	58	50.0878571428571	39.7930172413793
41	59	50.1210365853659	39.915
40	60	50.2085	40.0407916666667
39	61	50.2779487179487	40.0806557377049
38	62	50.3540131578947	40.1808467741935
37	63	50.4646621621622	40.2173412698413
36	64	50.5245138888889	40.356171875
35	65	50.6368571428572	40.4099230769231
34	66	50.6748529411765	40.465
33	67	50.7456818181818	40.5625373134328
32	68	50.842109375	40.6377573529412
31	69	50.9720161290322	40.7513768115942
30	70	50.95525	40.8285357142857
29	71	51.0371551724138	40.8708098591549
28	72	51.1263392857143	40.974375
27	73	51.2423148148148	41.0670205479452
26	74	51.2972115384615	41.0842567567568
25	75	51.3761	41.2359333333333
24	76	51.4605208333333	41.2941118421053
23	77	51.5208695652174	41.3854220779221
22	78	51.5946590909091	41.4715064102564
21	79	51.7090476190476	41.4955063291139
20	80	51.78125	41.53353125
19	81	51.8469736842105	41.6570679012346
18	82	51.9301388888889	41.7324390243903
17	83	51.8980882352941	41.7681927710843
16	84	52.069375	41.921369047619
15	85	52.071	41.9613235294118
14	86	52.1030357142857	42.0459011627907
13	87	52.2494230769231	42.1594827586207
12	88	52.33875	42.2040056818182
11	89	52.3731818181818	42.3262359550562
10	90	52.58625	42.3602777777778
9	91	52.655	42.4155769230769
8	92	52.61625	42.49625
7	93	52.6482142857143	42.6228225806452
6	94	52.71375	42.6572872340426
5	95	52.851	42.7461052631579
4	96	52.956875	42.7980989583333
3	97	53.1541666666667	42.9095360824742
2	98	52.99875	42.9600255102041
1	99	52.9325	43.0176767676768
0	100	0	43.070475
