num_of_shame_driven_hiding	num_of_Pavlov	average_fitness_of_shame_driven_hiding	average_fitness_of_Pavlov
100	0	45	0
99	1	45.0012626262626	55.6025
98	2	44.9931887755102	56.8025
97	3	44.9951030927835	55.9775
96	4	44.9941145833333	56.1675
95	5	45.0024736842105	56.1215
94	6	44.9856117021277	56.2329166666667
93	7	44.9837903225806	55.9392857142857
92	8	44.9979891304348	56.5353125
91	9	44.9789285714286	56.2869444444444
90	10	44.9936666666667	56.38125
89	11	44.9791573033708	56.4859090909091
88	12	44.9905965909091	56.3679166666667
87	13	44.9874137931035	56.3576923076923
86	14	44.9928197674419	56.5973214285714
85	15	45.0063529411765	56.5096666666667
84	16	45.0030357142857	56.5909375
83	17	44.986234939759	56.5925
82	18	44.978993902439	56.7781944444445
81	19	44.9757407407407	56.7251315789474
80	20	44.978375	56.73475
79	21	44.9575949367089	56.7555952380952
78	22	44.9785897435897	56.6223863636364
77	23	44.9838636363636	56.6917391304348
76	24	44.9843421052632	56.8419791666666
75	25	44.9981	56.7722
74	26	44.9808108108108	56.7825
73	27	44.9634589041096	56.9177777777778
72	28	45.0138541666667	56.9925892857143
71	29	44.9881690140845	57.0531896551724
70	30	44.98225	57.1298333333333
69	31	44.9748913043478	56.9157258064516
68	32	44.9861029411765	57.0434375
67	33	44.9998507462686	57.0998484848485
66	34	44.9825	57.1974264705882
65	35	45.0073076923077	57.2461428571428
64	36	45.002734375	57.2858333333333
63	37	45.0240476190476	57.3381756756757
62	38	44.966935483871	57.2198684210526
61	39	44.9782786885246	57.2211538461539
60	40	44.9989583333333	57.3085
59	41	44.9781779661017	57.3838414634146
58	42	44.9765086206896	57.4923809523809
57	43	44.9953947368421	57.3895348837209
56	44	45.0063392857143	57.4019886363636
55	45	44.9904545454545	57.4008333333333
54	46	44.9899074074074	57.5429891304348
53	47	44.998679245283	57.6037765957446
52	48	45.0162019230769	57.56140625
51	49	45.0000490196078	57.6754591836735
50	50	44.9959	57.6084
49	51	45.0226020408163	57.6766176470588
48	52	45.0278125	57.75125
47	53	44.9752127659575	57.8150943396227
46	54	44.9985326086956	57.7801851851852
45	55	44.9926666666667	57.6295909090909
44	56	45.0094886363637	57.8804910714286
43	57	44.9798255813954	57.8371929824561
42	58	44.977619047619	57.8450862068965
41	59	45.0360365853659	57.8054661016949
40	60	44.99775	57.9683333333333
39	61	44.9591025641025	57.8984836065574
38	62	44.9778947368421	58.0615725806451
37	63	44.9802027027027	58.0667063492063
36	64	45.00875	58.0737109375
35	65	45.0428571428571	58.1818846153846
34	66	45.01375	58.1345075757576
33	67	44.9941666666667	58.1551492537314
32	68	45.019921875	58.1136764705882
31	69	44.9889516129032	58.1960507246377
30	70	44.9879166666667	58.2130714285714
29	71	44.9747413793104	58.3370422535211
28	72	44.979375	58.3303819444444
27	73	44.9762962962963	58.2680821917808
26	74	44.9757692307692	58.4603378378379
25	75	44.9249	58.3184
24	76	44.9907291666667	58.4457236842105
23	77	44.9710869565217	58.5126623376624
22	78	45.03	58.4888141025641
21	79	44.897619047619	58.4875
20	80	45.039625	58.65521875
19	81	45.1009210526316	58.5802160493827
18	82	44.93875	58.6561585365854
17	83	44.9726470588235	58.5580421686747
16	84	45.0328125	58.7115773809524
15	85	45.0405	58.6979117647059
14	86	45.0510714285714	58.7705523255814
13	87	45.065	58.7774712643678
12	88	44.96875	58.7701136363636
11	89	45.0731818181818	58.8702247191011
10	90	45.016	58.79025
9	91	45.0547222222222	58.8440934065934
8	92	44.9709375	58.9197554347826
7	93	45.0146428571429	58.912688172043
6	94	45.1441666666667	58.9342553191489
5	95	44.9965	58.9931842105263
4	96	44.9075	58.9006770833333
3	97	44.9625	58.9932216494845
2	98	44.77125	58.958137755102
1	99	45.0725	59.1121464646465
0	100	0	58.9894
