num_of_shame_driven_denying	num_of_Pavlov	average_fitness_of_shame_driven_denying	average_fitness_of_Pavlov
100	0	37.73085	0
99	1	37.8104040404041	51.5975
98	2	37.890306122449	51.27875
97	3	38.0437886597938	51.6116666666667
96	4	38.0630208333333	52.1325
95	5	38.1935	52.4675
94	6	38.3002925531915	51.8466666666667
93	7	38.3423387096774	52.3639285714286
92	8	38.4609510869565	52.3009375
91	9	38.5391208791209	52.1463888888889
90	10	38.6985	52.51425
89	11	38.7837078651685	52.4947727272727
88	12	38.8541761363636	52.3108333333333
87	13	38.9629597701149	52.7309615384615
86	14	39.0723546511628	52.84625
85	15	39.1371764705882	52.775
84	16	39.2334226190476	52.8803125
83	17	39.3540963855422	52.6783823529412
82	18	39.4067073170732	52.9397222222222
81	19	39.5244135802469	52.7426315789473
80	20	39.56328125	53.228125
79	21	39.7361392405063	53.2209523809524
78	22	39.7848397435897	53.4695454545454
77	23	39.8388636363636	53.3598913043478
76	24	39.9667434210526	53.4010416666666
75	25	40.0222666666667	53.4208
74	26	40.1010135135135	53.5486538461538
73	27	40.2117465753425	53.7583333333333
72	28	40.3817708333333	53.9190178571429
71	29	40.4605633802817	53.6766379310345
70	30	40.53	53.8818333333334
69	31	40.6254710144928	54.0846774193548
68	32	40.66625	54.20375
67	33	40.7968656716418	54.1667424242424
66	34	40.8882954545454	54.1504411764706
65	35	41.0234230769231	54.3073571428572
64	36	41.1498046875	54.3756944444445
63	37	41.2236507936508	54.3757432432433
62	38	41.2783467741936	54.4819736842105
61	39	41.3344262295082	54.6164743589744
60	40	41.46225	54.6856875
59	41	41.5897033898305	54.7893292682927
58	42	41.6958620689655	54.8002380952381
57	43	41.8096929824561	54.6847674418605
56	44	41.8005357142857	55.0323863636364
55	45	41.9581818181818	54.906
54	46	42.0164814814815	55.1558695652174
53	47	42.0487735849057	55.1532978723404
52	48	42.2364423076923	55.3425520833333
51	49	42.3051470588235	55.3051020408163
50	50	42.41585	55.44645
49	51	42.5370918367347	55.4243137254902
48	52	42.540625	55.5498076923077
47	53	42.6007446808511	55.6124528301887
46	54	42.7533152173913	55.6942592592593
45	55	42.8079444444444	55.8231363636364
44	56	42.8825	55.7272321428571
43	57	42.990988372093	55.8624122807017
42	58	43.1035119047619	55.8931896551724
41	59	43.2296951219512	56.0911440677966
40	60	43.34275	56.1543333333333
39	61	43.4939102564103	56.1177049180328
38	62	43.5458552631579	56.16625
37	63	43.5843243243243	56.3878174603175
36	64	43.8531944444445	56.5391015625
35	65	43.8115714285714	56.4683461538461
34	66	43.9355147058824	56.5280303030303
33	67	43.8831060606061	56.6319776119403
32	68	44.0415625	56.794080882353
31	69	44.128629032258	56.7841666666667
30	70	44.3568333333333	56.7502857142857
29	71	44.3856896551724	56.9258802816901
28	72	44.4089285714286	56.9954513888889
27	73	44.5726851851852	57.1533219178082
26	74	44.6675961538462	57.2452364864865
25	75	44.7412	57.2509666666666
24	76	44.771875	57.256052631579
23	77	44.8239130434783	57.3973051948052
22	78	44.9639772727273	57.491282051282
21	79	45.0370238095238	57.6614556962025
20	80	45.152875	57.6480625
19	81	45.4502631578947	57.6368518518519
18	82	45.3530555555556	57.8159451219512
17	83	45.5652941176471	57.8909036144578
16	84	45.62484375	57.956875
15	85	45.6343333333333	58.034
14	86	45.74375	58.1238372093023
13	87	45.7730769230769	58.1448563218391
12	88	45.8264583333334	58.0791761363636
11	89	46.0197727272727	58.2955337078651
10	90	46.066	58.3312222222223
9	91	46.1880555555556	58.3301373626374
8	92	46.435	58.4814402173913
7	93	46.3657142857143	58.5893279569893
6	94	46.3520833333333	58.6516755319149
5	95	46.48	58.7038947368421
4	96	46.644375	58.809453125
3	97	46.76	58.8551030927835
2	98	46.82	58.9047448979592
1	99	46.7725	59.0175757575758
0	100	0	59.055025
