num_of_TFT_with_trembling_hand	num_of_guilt_driven_amending	average_fitness_of_TFT_with_trembling_hand	average_fitness_of_guilt_driven_amending
100	0	41.38015	0
99	1	41.4062626262626	39.245
98	2	41.4548214285714	39.165
97	3	41.5287886597938	39.6441666666667
96	4	41.551328125	39.49875
95	5	41.5704473684211	39.4315
94	6	41.5830585106383	39.5916666666667
93	7	41.6475268817204	39.43
92	8	41.6974456521739	39.5171875
91	9	41.6945604395604	39.4480555555555
90	10	41.7935833333333	39.5145
89	11	41.7683707865168	39.7384090909091
88	12	41.8595170454546	39.6960416666667
87	13	41.8801724137931	39.7969230769231
86	14	41.9350581395349	39.8110714285714
85	15	41.9168529411765	39.82
84	16	41.9607738095238	39.74296875
83	17	42.0274698795181	39.9160294117647
82	18	42.1066463414634	39.9152777777778
81	19	42.1025308641975	40.0865789473684
80	20	42.1100625	40.019875
79	21	42.1971835443038	40.0127380952381
78	22	42.230032051282	40.2309090909091
77	23	42.2878246753247	40.1173913043478
76	24	42.2827302631579	40.0851041666667
75	25	42.2940666666667	40.248
74	26	42.380777027027	40.2443269230769
73	27	42.3544178082192	40.3459259259259
72	28	42.4647916666667	40.303125
71	29	42.5101056338028	40.4008620689655
70	30	42.5494285714286	40.352
69	31	42.5958695652174	40.4065322580645
68	32	42.6111397058824	40.496484375
67	33	42.6036194029851	40.4807575757576
66	34	42.6417424242424	40.5891176470588
65	35	42.7006153846154	40.5467857142857
64	36	42.72796875	40.6271527777778
63	37	42.7709523809524	40.6679054054054
62	38	42.805564516129	40.6613815789474
61	39	42.8772950819672	40.7371794871795
60	40	42.8728333333333	40.818625
59	41	42.9307203389831	40.8414024390244
58	42	42.9328448275862	40.8484523809524
57	43	43.0625438596491	40.9012209302326
56	44	43.0753571428571	40.9944318181818
55	45	43.0928181818182	41.0446666666667
54	46	43.1504166666667	41.0894565217392
53	47	43.213820754717	41.0625
52	48	43.1426923076923	41.0688541666667
51	49	43.1779901960784	41.1226020408163
50	50	43.24505	41.25165
49	51	43.3113775510204	41.2644117647059
48	52	43.35625	41.2399038461538
47	53	43.428085106383	41.2640094339623
46	54	43.4691304347826	41.3709259259259
45	55	43.4385	41.3362727272727
44	56	43.5099431818182	41.3839732142857
43	57	43.4854651162791	41.5414473684211
42	58	43.5366666666667	41.38375
41	59	43.6098170731707	41.5421186440678
40	60	43.659625	41.5577083333333
39	61	43.7101282051282	41.6287295081967
38	62	43.6578947368421	41.6417338709677
37	63	43.7173648648649	41.6924206349207
36	64	43.7401388888889	41.63921875
35	65	43.8535	41.7544615384615
34	66	43.7966176470588	41.7732196969697
33	67	43.9604545454546	41.8354104477612
32	68	43.995859375	41.9026470588235
31	69	43.9064516129032	41.9299275362319
30	70	44.1321666666667	41.9613214285714
29	71	44.1095689655173	42.0545774647887
28	72	44.1183035714286	42.0595486111111
27	73	44.1651851851852	42.0655479452055
26	74	44.1621153846154	42.110777027027
25	75	44.2276	42.1369
24	76	44.3355208333333	42.166052631579
23	77	44.3282608695652	42.2081493506494
22	78	44.2496590909091	42.2788782051282
21	79	44.3711904761905	42.2760443037975
20	80	44.482875	42.389375
19	81	44.4297368421053	42.3799382716049
18	82	44.5055555555556	42.4310975609756
17	83	44.5329411764706	42.460813253012
16	84	44.57046875	42.5291071428571
15	85	44.5998333333333	42.5134705882353
14	86	44.8005357142857	42.5475581395349
13	87	44.6944230769231	42.6052298850575
12	88	44.8370833333333	42.6580681818182
11	89	44.7925	42.6394101123595
10	90	44.88125	42.7059166666667
9	91	44.7436111111111	42.7750274725275
8	92	45.0553125	42.783097826087
7	93	44.9778571428571	42.8263172043011
6	94	44.94	42.8590691489362
5	95	44.9815	42.8737368421053
4	96	44.8825	42.9084114583333
3	97	44.7775	42.9840463917526
2	98	44.90375	43.0181632653061
1	99	45.18	43.0385101010101
0	100	0	43.100675
