num_of_TFT_with_trembling_hand	num_of_Pavlov	average_fitness_of_TFT_with_trembling_hand	average_fitness_of_Pavlov
100	0	41.3869	0
99	1	41.3269444444444	56.8925
98	2	41.3478316326531	57.885
97	3	41.2944845360825	57.6991666666667
96	4	41.1995833333333	57.861875
95	5	41.1801052631579	57.541
94	6	41.1595212765958	58.0366666666667
93	7	41.0783602150538	57.5425
92	8	41.0629347826087	57.7109375
91	9	41.0137362637362	57.3411111111111
90	10	41.0170277777778	57.80925
89	11	41.0193539325843	57.82
88	12	40.9577840909091	57.8041666666667
87	13	40.9362356321839	57.7730769230769
86	14	40.8527034883721	57.6371428571429
85	15	40.8795588235294	57.8485
84	16	40.8107738095238	57.7740625
83	17	40.7606024096386	57.8333823529412
82	18	40.7294207317073	57.8940277777778
81	19	40.677962962963	57.8182894736842
80	20	40.62190625	57.85425
79	21	40.6355696202532	57.9853571428571
78	22	40.558141025641	57.9229545454546
77	23	40.542012987013	57.9088043478261
76	24	40.5459210526316	57.7997916666666
75	25	40.4603333333333	58.0304
74	26	40.4507432432432	58.0465384615385
73	27	40.361198630137	57.9528703703703
72	28	40.3658680555556	58.0269642857143
71	29	40.3573943661972	57.9688793103448
70	30	40.2683928571429	58.10675
69	31	40.2913405797101	58.1207258064516
68	32	40.2573897058823	58.19890625
67	33	40.1807089552239	58.0927272727273
66	34	40.1850378787879	58.0852205882353
65	35	40.1181538461538	58.1035
64	36	40.0005859375	58.2325
63	37	40.0169841269841	58.3140540540541
62	38	39.9952419354839	58.2421710526316
61	39	39.877131147541	58.086282051282
60	40	39.86275	58.2595625
59	41	39.8920762711864	58.2851829268293
58	42	39.7993534482759	58.2267857142857
57	43	39.8274561403509	58.2370348837209
56	44	39.7423660714286	58.2251704545455
55	45	39.7157272727273	58.2096666666667
54	46	39.7155555555556	58.2253804347826
53	47	39.6890094339623	58.3506914893617
52	48	39.6444230769231	58.2553125
51	49	39.6064215686275	58.2183673469388
50	50	39.58805	58.36985
49	51	39.5007142857143	58.3180882352941
48	52	39.4986979166667	58.6200961538461
47	53	39.4307446808511	58.3831603773585
46	54	39.433097826087	58.3031481481482
45	55	39.3247222222222	58.4915454545454
44	56	39.3173295454546	58.5336160714286
43	57	39.2782558139535	58.4284649122807
42	58	39.2010714285714	58.5216810344828
41	59	39.2537195121951	58.4565254237288
40	60	39.2065	58.5839583333333
39	61	39.1855769230769	58.5601229508197
38	62	39.093947368421	58.4753225806452
37	63	39.0720945945946	58.6575
36	64	39.0225	58.6397265625
35	65	39.1213571428571	58.5866538461539
34	66	39.0114705882353	58.606553030303
33	67	39.0243181818182	58.5966791044776
32	68	38.931015625	58.6270220588236
31	69	38.8365322580645	58.6399637681159
30	70	38.8206666666666	58.7143928571429
29	71	38.8018103448276	58.6949295774648
28	72	38.7628571428571	58.7899652777777
27	73	38.6803703703704	58.7774315068493
26	74	38.6227884615385	58.6204391891892
25	75	38.7163	58.7626666666667
24	76	38.5910416666667	58.7890789473684
23	77	38.5970652173913	58.743474025974
22	78	38.4163636363636	58.7839423076923
21	79	38.6159523809524	58.8362658227848
20	80	38.616625	58.84953125
19	81	38.4878947368421	58.8133333333333
18	82	38.2873611111111	58.7174085365853
17	83	38.3545588235294	58.8580722891566
16	84	38.2784375	58.8534226190476
15	85	38.299	58.8025294117647
14	86	38.2091071428572	58.7278488372093
13	87	38.2	58.7938505747127
12	88	38.0775	58.9063352272727
11	89	38.1165909090909	58.8002528089888
10	90	38.186	59.0664166666667
9	91	38.3069444444444	59.0108791208791
8	92	38.1265625	59.0151086956522
7	93	37.9060714285714	58.9680107526882
6	94	38.07875	59.0375531914894
5	95	38.023	58.8951578947368
4	96	37.910625	59.1468229166667
3	97	37.77	58.9631958762887
2	98	37.785	59.0107397959184
1	99	37.55	59.0757323232323
0	100	0	59.0873
