num_of_TFT_with_trembling_hand	num_of_shame_driven_hiding	average_fitness_of_TFT_with_trembling_hand	average_fitness_of_shame_driven_hiding
100	0	41.426725	0
99	1	41.3190404040404	48.79
98	2	41.2928826530612	48.26125
97	3	41.2646134020618	48.1441666666666
96	4	41.2357552083333	48.2225
95	5	41.1747368421053	48.218
94	6	41.14875	48.17125
93	7	41.1330107526882	48.3042857142857
92	8	41.0501358695652	48.151875
91	9	41.0047527472527	48.145
90	10	40.9988611111111	48.07725
89	11	40.9719943820225	48.0420454545455
88	12	40.9569602272727	48.16375
87	13	40.8972701149425	47.9567307692308
86	14	40.8427034883721	48.0042857142857
85	15	40.7502058823529	47.9168333333333
84	16	40.7435119047619	47.9221875
83	17	40.7150602409639	47.8377941176471
82	18	40.7285670731707	47.8340277777778
81	19	40.6538580246914	47.8032894736842
80	20	40.5745	47.73675
79	21	40.5692405063291	47.7663095238095
78	22	40.5338461538461	47.6778409090909
77	23	40.5270454545455	47.6595652173913
76	24	40.4731578947369	47.6139583333333
75	25	40.3929666666667	47.6006
74	26	40.3522635135135	47.5379807692308
73	27	40.3195890410959	47.552037037037
72	28	40.2605555555556	47.46125
71	29	40.2672887323944	47.48
70	30	40.2600357142857	47.3814166666667
69	31	40.1852536231884	47.3666935483871
68	32	40.132205882353	47.3409375
67	33	40.1064925373134	47.3552272727273
66	34	40.071553030303	47.2503676470588
65	35	40.0022692307692	47.2169285714286
64	36	39.9329296875	47.221875
63	37	39.8800396825397	47.2431081081081
62	38	39.8688306451613	47.1180263157895
61	39	39.8116803278688	47.1205128205128
60	40	39.8438333333333	47.089
59	41	39.7589406779661	47.0649390243902
58	42	39.7290948275862	47.0442261904762
57	43	39.6695614035088	46.9962209302326
56	44	39.6404464285714	46.9602272727273
55	45	39.6489545454545	46.9036666666667
54	46	39.5775462962963	46.9065760869565
53	47	39.5855660377358	46.8171276595745
52	48	39.4598076923077	46.8030729166667
51	49	39.4216176470588	46.755918367347
50	50	39.3754	46.74595
49	51	39.3529081632653	46.696568627451
48	52	39.3068229166667	46.6783653846154
47	53	39.3267553191489	46.6373113207547
46	54	39.21375	46.6161574074074
45	55	39.2083888888889	46.5744090909091
44	56	39.1680681818182	46.5315625
43	57	39.1518604651163	46.5062280701754
42	58	39.1080952380952	46.4894396551724
41	59	39.032743902439	46.4560169491525
40	60	38.9630625	46.4402083333334
39	61	38.985641025641	46.4034836065574
38	62	38.8771052631579	46.3457258064516
37	63	38.8933108108108	46.2902380952381
36	64	38.8224305555555	46.2859375
35	65	38.7170714285714	46.2435
34	66	38.7032352941176	46.2121590909091
33	67	38.6479545454545	46.189776119403
32	68	38.640078125	46.1339338235294
31	69	38.6341129032258	46.1042028985507
30	70	38.5794166666667	46.0546785714286
29	71	38.4691379310345	46.0402816901408
28	72	38.4954464285714	46.0066666666667
27	73	38.4414814814815	45.9546917808219
26	74	38.3983653846154	45.9396621621622
25	75	38.3001	45.8669
24	76	38.3155208333333	45.8627960526316
23	77	38.3081521739131	45.810487012987
22	78	38.2161363636364	45.7938461538462
21	79	38.1590476190476	45.7534810126582
20	80	38.138875	45.7170625
19	81	38.2223684210526	45.6606172839506
18	82	38.1079166666667	45.6705792682927
17	83	38.0051470588235	45.5969879518072
16	84	38.01140625	45.5662202380952
15	85	37.9615	45.5335294117647
14	86	37.7778571428571	45.4951744186046
13	87	37.7659615384615	45.461724137931
12	88	37.798125	45.4361079545454
11	89	37.7022727272727	45.392106741573
10	90	37.616	45.3585555555556
9	91	37.6333333333333	45.3197252747253
8	92	37.6628125	45.2833695652174
7	93	37.6378571428571	45.2629838709677
6	94	37.5545833333333	45.2185904255319
5	95	37.4825	45.1763421052631
4	96	37.3225	45.1457552083333
3	97	37.28	45.1053092783505
2	98	37.46875	45.0664285714286
1	99	37.2075	45.034797979798
0	100	0	45
