num_of_tit_for_tat	num_of_shame_driven_denying	average_fitness_of_tit_for_tat	average_fitness_of_shame_driven_denying
100	0	50	0
99	1	49.7696717171717	59
98	2	49.538443877551	58.8275
97	3	49.3155412371134	58.4916666666667
96	4	49.0718229166667	58.245625
95	5	48.8240789473684	58.036
94	6	48.6109574468085	57.95125
93	7	48.3914247311828	57.6785714285714
92	8	48.1625543478261	57.389375
91	9	47.8929395604396	57.2194444444444
90	10	47.6953333333334	56.99025
89	11	47.488988764045	56.7861363636364
88	12	47.2380965909091	56.6520833333333
87	13	47.0069540229885	56.4069230769231
86	14	46.7651162790698	56.1630357142857
85	15	46.5038235294118	55.9775
84	16	46.3029166666667	55.78875
83	17	46.0794578313253	55.5192647058823
82	18	45.8290853658536	55.2563888888889
81	19	45.5947530864198	55.0918421052631
80	20	45.36821875	54.81325
79	21	45.1518037974683	54.6729761904762
78	22	44.871923076923	54.4711363636364
77	23	44.6616883116883	54.1496739130435
76	24	44.4842105263158	53.9541666666667
75	25	44.2406333333333	53.7742
74	26	44.0016554054054	53.6638461538462
73	27	43.731198630137	53.3275925925926
72	28	43.5289583333333	53.0954464285714
71	29	43.2626056338028	52.9705172413793
70	30	43.04525	52.6653333333333
69	31	42.8340217391304	52.5451612903226
68	32	42.6431617647059	52.3775
67	33	42.2928731343284	52.1276515151515
66	34	42.1509848484849	51.8231617647059
65	35	41.9094230769231	51.6822857142857
64	36	41.693125	51.5002083333333
63	37	41.4388888888889	51.1514864864865
62	38	41.1884677419355	50.9308552631579
61	39	41.0264344262295	50.8366025641026
60	40	40.7561666666667	50.5481875
59	41	40.4871186440678	50.3621951219512
58	42	40.32875	50.0782738095238
57	43	39.9964912280702	49.9838953488372
56	44	39.8070535714286	49.7684659090909
55	45	39.5947272727273	49.4166111111111
54	46	39.2988888888889	49.3079347826087
53	47	39.1042924528302	49.0540957446808
52	48	38.9384134615385	48.8039583333334
51	49	38.6427450980392	48.6684693877551
50	50	38.38855	48.4139
49	51	38.245	48.1963235294118
48	52	37.93609375	47.9916826923077
47	53	37.8417021276596	47.8234433962264
46	54	37.5089130434783	47.5881481481481
45	55	37.3477777777778	47.4139090909091
44	56	37.0838636363636	47.1529464285714
43	57	36.8357558139535	47.0285964912281
42	58	36.5761309523809	46.6893103448276
41	59	36.3495731707317	46.5007627118644
40	60	36.0950625	46.3915416666667
39	61	35.9149358974359	46.0729918032787
38	62	35.6352631578947	45.8635483870968
37	63	35.4220945945946	45.6291666666667
36	64	35.2193055555556	45.400625
35	65	35.0001428571429	45.2398076923077
34	66	34.7102205882353	44.9977272727273
33	67	34.5787878787879	44.825671641791
32	68	34.24296875	44.5366544117647
31	69	34.0736290322581	44.3823913043478
30	70	33.7811666666667	44.1656071428571
29	71	33.6218103448276	43.9445774647887
28	72	33.3209821428571	43.7338194444444
27	73	33.1084259259259	43.5534246575342
26	74	32.8050961538462	43.304222972973
25	75	32.6564	43.0613666666666
24	76	32.4116666666667	42.867302631579
23	77	32.136847826087	42.6393181818182
22	78	31.9697727272727	42.4500641025641
21	79	31.6895238095238	42.255253164557
20	80	31.4445	41.9791875
19	81	31.2702631578947	41.8355555555556
18	82	31.1397222222222	41.5907317073171
17	83	30.7002941176471	41.3129819277109
16	84	30.44484375	41.1580357142857
15	85	30.3628333333333	40.9374117647059
14	86	30.1301785714286	40.779011627907
13	87	29.8625	40.5027298850575
12	88	29.60875	40.2652272727273
11	89	29.4568181818182	40.0977808988764
10	90	29.0985	39.8732222222222
9	91	28.8516666666667	39.709010989011
8	92	28.8825	39.4097282608696
7	93	28.4975	39.2044623655914
6	94	28.225	39.0027393617022
5	95	27.9685	38.7823157894737
4	96	27.778125	38.618125
3	97	27.4158333333333	38.3648969072165
2	98	27.10875	38.1841071428571
1	99	26.995	37.9523484848485
0	100	0	37.727825
