num_of_tit_for_tat	num_of_Pavlov	average_fitness_of_tit_for_tat	average_fitness_of_Pavlov
100	0	50	0
99	1	49.8029292929293	67.7025
98	2	49.6259183673469	68.235
97	3	49.4293556701031	68.1733333333333
96	4	49.2470833333333	68.1675
95	5	49.0525526315789	67.3885
94	6	48.8636968085106	67.9641666666667
93	7	48.6714247311828	67.8117857142857
92	8	48.4868206521739	67.581875
91	9	48.2739285714286	67.3491666666667
90	10	48.0882777777778	67.30475
89	11	47.9327528089888	67.2495454545455
88	12	47.7222727272727	67.0391666666667
87	13	47.5367528735632	67.2773076923077
86	14	47.3612209302325	66.8233928571429
85	15	47.1663529411765	66.7203333333333
84	16	46.9699702380952	66.84421875
83	17	46.7937048192771	66.8610294117647
82	18	46.5878658536585	66.5161111111111
81	19	46.4429012345679	66.4888157894737
80	20	46.2216875	66.248375
79	21	46.0218670886076	66.4047619047619
78	22	45.7914743589744	66.3156818181818
77	23	45.6268831168831	66.2341304347826
76	24	45.4525	65.978125
75	25	45.2727333333333	66.1371
74	26	45.1015202702703	65.8097115384615
73	27	44.8920547945205	65.8946296296296
72	28	44.6641319444444	65.4001785714286
71	29	44.496161971831	65.6054310344828
70	30	44.3546785714286	65.37875
69	31	44.1373913043478	65.3470161290323
68	32	43.9329411764706	65.36578125
67	33	43.7551865671642	65.2592424242424
66	34	43.5555303030303	64.9181617647059
65	35	43.3325	65.1599285714286
64	36	43.1747265625	64.8479861111111
63	37	43.0146031746032	64.7943243243243
62	38	42.7710887096774	64.7022368421053
61	39	42.6084426229508	64.7310256410256
60	40	42.424375	64.4146875
59	41	42.2248305084746	64.4740853658537
58	42	42.0221120689655	64.3522619047619
57	43	41.9013157894737	64.3352906976744
56	44	41.6747321428572	64.2054545454545
55	45	41.5060909090909	64.0974444444444
54	46	41.29375	64.145652173913
53	47	41.1424528301887	63.8832978723404
52	48	40.9211057692308	63.87328125
51	49	40.7058333333333	63.7754081632653
50	50	40.585	63.6567
49	51	40.3485204081633	63.4646078431372
48	52	40.1477083333333	63.4738461538462
47	53	39.9237234042553	63.3485849056603
46	54	39.7485326086957	63.1568055555556
45	55	39.606	63.1669545454545
44	56	39.3970454545454	63.0212053571429
43	57	39.1879651162791	63.0562719298246
42	58	39.0813095238095	62.9211637931035
41	59	38.8237804878049	62.8572033898305
40	60	38.6341875	62.8587916666667
39	61	38.4326282051282	62.6584016393443
38	62	38.2575	62.5316129032258
37	63	38.0547972972973	62.403253968254
36	64	37.8159722222222	62.3856640625
35	65	37.7302142857143	62.3368461538461
34	66	37.4915441176471	62.3172348484849
33	67	37.2628787878788	61.9625373134328
32	68	37.1134375	61.9456985294118
31	69	36.9037903225806	61.8513405797101
30	70	36.761	61.8364285714286
29	71	36.4021551724138	61.6494718309859
28	72	36.3501785714286	61.7682638888889
27	73	36.1389814814815	61.6253424657534
26	74	36.0310576923077	61.4202364864865
25	75	35.7708	61.3141666666667
24	76	35.6673958333333	61.3282236842105
23	77	35.4475	61.1192532467532
22	78	35.2595454545454	61.0048076923077
21	79	35.0576190476191	60.9289240506329
20	80	34.83175	60.96171875
19	81	34.7518421052632	60.8652469135803
18	82	34.4156944444444	60.9480792682927
17	83	34.3644117647059	60.6898192771085
16	84	34.13484375	60.5291666666666
15	85	33.86	60.4410882352941
14	86	33.7430357142857	60.427761627907
13	87	33.4692307692308	60.2697988505747
12	88	33.32375	60.1051420454545
11	89	33.1440909090909	60.0553370786517
10	90	33.0205	59.9653888888889
9	91	32.7419444444444	59.8862087912088
8	92	32.5503125	59.7701630434783
7	93	32.2967857142857	59.7682258064516
6	94	32.295	59.6355585106383
5	95	31.9345	59.593
4	96	31.6175	59.4429166666667
3	97	31.5583333333333	59.3534278350515
2	98	31.32125	59.327193877551
1	99	31.425	59.1803535353535
0	100	0	59.1507
