num_of_tit_for_tat	num_of_guilt_driven_amending	average_fitness_of_tit_for_tat	average_fitness_of_guilt_driven_amending
100	0	50	0
99	1	49.8925252525253	53.115
98	2	49.7857653061224	53.06125
97	3	49.6740979381443	52.9758333333333
96	4	49.572421875	52.946875
95	5	49.4502105263158	52.689
94	6	49.3513563829787	52.58375
93	7	49.2499193548387	52.6946428571428
92	8	49.121847826087	52.54125
91	9	49.0219505494506	52.3286111111111
90	10	48.9071388888889	52.22375
89	11	48.7949438202247	52.1984090909091
88	12	48.6904829545455	52.1745833333333
87	13	48.5911206896552	52.1494230769231
86	14	48.4642732558139	51.9933928571429
85	15	48.3500588235294	51.8436666666667
84	16	48.27125	51.72453125
83	17	48.1642469879518	51.6335294117647
82	18	48.04	51.5490277777778
81	19	47.9291049382716	51.4801315789474
80	20	47.83771875	51.289125
79	21	47.7065506329114	51.3219047619047
78	22	47.6126602564103	51.1456818181818
77	23	47.515487012987	50.9310869565217
76	24	47.3738157894737	50.8953125
75	25	47.2801666666667	50.9099
74	26	47.1524662162162	50.7791346153846
73	27	47.0634246575342	50.6607407407408
72	28	46.9377430555556	50.4522321428571
71	29	46.8293661971831	50.3426724137931
70	30	46.7252857142857	50.3045833333333
69	31	46.6184420289855	50.1957258064516
68	32	46.5111764705882	50.120859375
67	33	46.4210447761194	50.0330303030303
66	34	46.2907575757576	49.9744117647059
65	35	46.2077307692308	49.7915714285715
64	36	46.070703125	49.6529166666666
63	37	45.9631349206349	49.6123648648649
62	38	45.8711693548387	49.5425
61	39	45.7626639344262	49.4230769230769
60	40	45.6489583333333	49.2195
59	41	45.5297881355932	49.1346951219512
58	42	45.3989655172414	49.0858928571428
57	43	45.3403947368421	48.9373837209302
56	44	45.1914732142857	48.928125
55	45	45.0819090909091	48.772
54	46	45.019212962963	48.6373369565217
53	47	44.8589622641509	48.5463829787234
52	48	44.7800480769231	48.4758333333333
51	49	44.6223039215686	48.4014285714286
50	50	44.5774	48.27055
49	51	44.4354081632653	48.2049019607843
48	52	44.3333854166667	48.056875
47	53	44.184414893617	47.9569339622642
46	54	44.0857065217391	47.8266203703704
45	55	43.9759444444444	47.6708636363636
44	56	43.8703977272727	47.5804017857143
43	57	43.8141279069767	47.5639912280702
42	58	43.7202976190476	47.4634051724138
41	59	43.5832926829268	47.3258474576271
40	60	43.4668125	47.2404583333333
39	61	43.3573717948718	47.1583196721311
38	62	43.27	47.0988306451613
37	63	43.1409459459459	46.9325793650794
36	64	43.0379861111111	46.7927734375
35	65	42.8922142857143	46.786
34	66	42.8029411764706	46.6281818181818
33	67	42.7264393939394	46.529776119403
32	68	42.649296875	46.3748161764706
31	69	42.4811290322581	46.2514855072464
30	70	42.38025	46.1995714285714
29	71	42.2553448275862	46.118485915493
28	72	42.2121428571429	45.9832986111111
27	73	42.0748148148148	45.9206164383562
26	74	41.915	45.7516891891892
25	75	41.7689	45.7216
24	76	41.6910416666667	45.5420065789474
23	77	41.6641304347826	45.5348376623377
22	78	41.5022727272727	45.3741025641026
21	79	41.3916666666667	45.2967405063291
20	80	41.251625	45.154375
19	81	41.1842105263158	45.0653703703704
18	82	41.0816666666667	44.9617987804878
17	83	40.9420588235294	44.8246686746988
16	84	40.8765625	44.7670535714286
15	85	40.7591666666667	44.6856764705882
14	86	40.62375	44.5479941860465
13	87	40.5761538461539	44.4767528735632
12	88	40.3910416666667	44.3546590909091
11	89	40.3272727272727	44.2383988764045
10	90	40.184	44.1715555555556
9	91	40.0866666666667	44.0385714285714
8	92	39.931875	43.9658423913044
7	93	39.8621428571429	43.7958333333333
6	94	39.8629166666667	43.7729521276595
5	95	39.5985	43.6198157894737
4	96	39.45875	43.5636197916667
3	97	39.5233333333333	43.4572422680412
2	98	39.40125	43.2971173469388
1	99	39.1075	43.2108838383838
0	100	0	43.13245
