num_of_tit_for_tat	num_of_shame_driven_hiding	average_fitness_of_tit_for_tat	average_fitness_of_shame_driven_hiding
100	0	50	0
99	1	49.8089898989899	65
98	2	49.640612244898	64.795
97	3	49.4503092783505	64.59
96	4	49.2636458333333	64.455
95	5	49.0698947368421	64.21
94	6	48.9038297872341	64.11
93	7	48.697311827957	63.8842857142857
92	8	48.5183695652174	63.71125
91	9	48.3393406593406	63.5566666666666
90	10	48.1481111111111	63.358
89	11	47.9462921348314	63.1427272727273
88	12	47.76375	62.9233333333333
87	13	47.5889655172414	62.803076923077
86	14	47.4140697674418	62.5578571428572
85	15	47.2022352941176	62.362
84	16	47.0394047619048	62.186875
83	17	46.863734939759	62.0611764705882
82	18	46.6607317073171	61.7622222222222
81	19	46.4443209876543	61.6231578947368
80	20	46.245125	61.354
79	21	46.0749367088607	61.1709523809524
78	22	45.8879487179487	61.1186363636364
77	23	45.6802597402597	60.7960869565217
76	24	45.5239473684211	60.5966666666666
75	25	45.2901333333333	60.4104
74	26	45.1255405405405	60.3092307692308
73	27	44.9169863013699	60.0477777777778
72	28	44.7159722222222	59.9010714285714
71	29	44.513661971831	59.658275862069
70	30	44.3681428571429	59.403
69	31	44.151884057971	59.3767741935484
68	32	43.9836764705882	59.1
67	33	43.7261194029851	58.9281818181818
66	34	43.5951515151515	58.73
65	35	43.3130769230769	58.5254285714286
64	36	43.14171875	58.2883333333333
63	37	42.9868253968254	58.12
62	38	42.8124193548387	57.9189473684211
61	39	42.6554098360656	57.6625641025641
60	40	42.3951666666667	57.49175
59	41	42.2198305084746	57.3124390243902
58	42	42.015	57.09
57	43	41.8135087719298	56.9109302325582
56	44	41.5883928571428	56.7145454545454
55	45	41.3609090909091	56.54
54	46	41.202037037037	56.3545652173913
53	47	41.0109433962264	56.1525531914894
52	48	40.8023076923077	55.938125
51	49	40.6052941176471	55.7248979591837
50	50	40.398	55.476
49	51	40.1871428571429	55.3019607843137
48	52	39.9720833333333	55.0821153846154
47	53	39.7936170212766	54.9296226415094
46	54	39.599347826087	54.7283333333333
45	55	39.4386666666667	54.5454545454545
44	56	39.1895454545455	54.3482142857143
43	57	38.9644186046512	54.1664912280702
42	58	38.765	53.8993103448276
41	59	38.629756097561	53.7118644067797
40	60	38.34775	53.4705
39	61	38.134358974359	53.3301639344263
38	62	37.9489473684211	53.083870967742
37	63	37.76	52.8879365079365
36	64	37.525	52.71359375
35	65	37.2808571428572	52.5187692307692
34	66	37.0738235294118	52.2515151515152
33	67	36.9233333333333	52.0462686567164
32	68	36.6603125	51.8822058823529
31	69	36.5138709677419	51.6731884057971
30	70	36.2673333333333	51.5055714285714
29	71	36.0741379310345	51.2225352112676
28	72	35.9275	51.0172222222223
27	73	35.5955555555555	50.788904109589
26	74	35.4453846153846	50.6117567567568
25	75	35.2116	50.4032
24	76	35.0175	50.2130263157895
23	77	34.8630434782609	49.9750649350649
22	78	34.5804545454546	49.7364102564103
21	79	34.42	49.5582278481013
20	80	34.216	49.35375
19	81	33.9568421052632	49.1408641975309
18	82	33.755	48.8868292682927
17	83	33.5623529411765	48.684578313253
16	84	33.275	48.4755952380952
15	85	33.0166666666667	48.2685882352941
14	86	32.835	48.0651162790698
13	87	32.6076923076923	47.8542528735633
12	88	32.3708333333333	47.6156818181818
11	89	32.1918181818182	47.404606741573
10	90	32.039	47.1527777777778
9	91	31.7888888888889	46.9686813186813
8	92	31.56625	46.7207608695652
7	93	31.37	46.5350537634409
6	94	31.1283333333333	46.326914893617
5	95	30.896	46.0883157894737
4	96	30.6625	45.8890625
3	97	30.47	45.6582474226804
2	98	30.205	45.4366326530612
1	99	30	45.2264646464647
0	100	0	45
