num_of_generous_TFT	num_of_shame_driven_hiding	average_fitness_of_generous_TFT	average_fitness_of_shame_driven_hiding
50	0	100	0
49	1	99.4361224489796	120
48	2	98.8733333333333	119.355
47	3	98.3127659574468	118.796666666667
46	4	97.7371739130435	118.1625
45	5	97.1446666666667	117.676
44	6	96.5886363636364	117.118333333333
43	7	95.9488372093023	116.43
42	8	95.3980952380953	115.83875
41	9	94.7551219512195	115.202222222222
40	10	94.159	114.597
39	11	93.5246153846154	114.015454545455
38	12	92.9042105263158	113.4275
37	13	92.3186486486486	112.728076923077
36	14	91.6661111111111	112.071428571429
35	15	90.962	111.49
34	16	90.3452941176471	110.78875
33	17	89.68	110.122941176471
32	18	89.015625	109.491388888889
31	19	88.3654838709677	108.695263157895
30	20	87.6083333333333	107.9255
29	21	86.9996551724138	107.206428571429
28	22	86.2553571428571	106.359318181818
27	23	85.6211111111111	105.473695652174
26	24	84.8153846153846	104.576666666667
25	25	84.0744	103.681
24	26	83.30125	102.542115384615
23	27	82.5413043478261	101.457407407407
22	28	81.8172727272727	100.426071428571
21	29	81.0328571428571	99.2253448275863
20	30	80.17	98.0786666666667
19	31	79.3715789473684	96.8125806451613
18	32	78.6244444444444	95.53921875
17	33	77.8529411764706	94.16
16	34	77.065	92.9075
15	35	75.9733333333333	91.2687142857143
14	36	75.1535714285714	89.8151388888889
13	37	74.3230769230769	88.0524324324325
12	38	73.1825	86.6167105263158
11	39	72.2490909090909	84.8778205128205
10	40	71.35	82.893
9	41	70.2044444444444	81.2585365853659
8	42	69.0575	79.3451190476191
7	43	68.1957142857143	77.1923255813954
6	44	67.015	75.3188636363636
5	45	65.834	72.8442222222222
4	46	64.4275	70.7786956521739
3	47	63.09	68.2968085106383
2	48	61.54	65.9598958333333
1	49	60	63.4686734693878
0	50	0	60.8532
