num_of_generous_TFT	num_of_guilt_driven_amending	average_fitness_of_generous_TFT	average_fitness_of_guilt_driven_amending
50	0	100	0
49	1	99.4080612244899	104.99
48	2	98.8280208333333	104.37
47	3	98.2156382978724	104.086666666667
46	4	97.6425	103.4575
45	5	97.0737777777778	102.328
44	6	96.4861363636364	102.199166666667
43	7	95.9009302325582	101.444285714286
42	8	95.3254761904762	100.796875
41	9	94.7687804878049	100.117777777778
40	10	94.1295	99.4775
39	11	93.5382051282051	98.9359090909091
38	12	92.9542105263158	98.1645833333334
37	13	92.4093243243243	97.6092307692308
36	14	91.7836111111111	97.0110714285714
35	15	91.2001428571428	96.251
34	16	90.6023529411764	95.6890625
33	17	90.0348484848485	95.0470588235294
32	18	89.52921875	94.4686111111111
31	19	88.8924193548387	93.7644736842104
30	20	88.2781666666667	93.067
29	21	87.7662068965517	92.5207142857143
28	22	87.1375	92.0581818181818
27	23	86.5803703703704	91.2110869565217
26	24	85.9169230769231	90.6022916666667
25	25	85.3854	89.9682
24	26	84.8583333333333	89.3396153846154
23	27	84.1189130434782	88.6522222222222
22	28	83.5279545454545	88.0553571428572
21	29	83.0926190476191	87.4243103448276
20	30	82.47125	86.7403333333334
19	31	81.8597368421053	86.1537096774193
18	32	81.2444444444444	85.5075
17	33	80.8658823529412	84.8707575757576
16	34	80.046875	84.2616176470589
15	35	79.5113333333333	83.5965714285714
14	36	78.9875	82.9718055555556
13	37	78.3526923076923	82.3383783783784
12	38	77.8258333333333	81.6103947368421
11	39	77.2568181818182	80.9932051282051
10	40	76.5525	80.397625
9	41	75.9944444444445	79.7975609756098
8	42	75.43375	79.1008333333333
7	43	74.9335714285714	78.4787209302326
6	44	74.29	77.8605681818182
5	45	73.54	77.2263333333333
4	46	73.03	76.4897826086956
3	47	72.7733333333333	75.9406382978723
2	48	71.84	75.3763541666667
1	49	70.955	74.7441836734694
0	50	0	74.0235
