num_of_generous_TFT	num_of_shame_driven_denying	average_fitness_of_generous_TFT	average_fitness_of_shame_driven_denying
50	0	100	0
49	1	98.4758163265307	113.26
48	2	96.9385416666667	112.58
47	3	95.4634042553191	110.908333333333
46	4	93.9497826086956	109.52
45	5	92.3504444444444	107.976
44	6	90.7747727272727	106.788333333333
43	7	89.2855813953488	105.455714285714
42	8	87.7403571428572	103.730625
41	9	86.2317073170732	102.371111111111
40	10	84.746125	101.156
39	11	82.9980769230769	99.7022727272727
38	12	81.4844736842106	98.66375
37	13	79.9358108108108	96.6738461538462
36	14	78.51	95.4703571428572
35	15	77.0518571428571	93.96
34	16	75.5466176470588	92.5578125
33	17	74.03	91.3176470588235
32	18	72.541875	89.8083333333333
31	19	70.8670967741935	88.4068421052632
30	20	69.1706666666667	86.99225
29	21	67.655	85.497380952381
28	22	66.175	83.8347727272727
27	23	64.6874074074074	82.8771739130435
26	24	63.4478846153846	81.3272916666667
25	25	61.4678	79.8826
24	26	60.0122916666667	78.3057692307692
23	27	58.4730434782609	77.0762962962963
22	28	57.2620454545455	75.7426785714286
21	29	55.64	74.3910344827586
20	30	53.901	72.889
19	31	52.3268421052632	71.4616129032258
18	32	50.7141666666667	69.91921875
17	33	49.4738235294117	68.7807575757576
16	34	48.2246875	67.4105882352941
15	35	46.5483333333333	65.9292857142857
14	36	44.9992857142857	64.34
13	37	43.0211538461539	63.19
12	38	41.9075	61.4723684210526
11	39	40.1227272727273	60.2273076923077
10	40	38.8425	58.799625
9	41	37.1277777777778	57.4328048780488
8	42	35.66	55.9227380952381
7	43	34.16	54.5206976744186
6	44	33.0491666666667	53.0463636363637
5	45	31.229	51.7877777777777
4	46	29.86125	50.2898913043478
3	47	27.9633333333333	48.7907446808511
2	48	27.365	47.5002083333333
1	49	24.67	45.9889795918367
0	50	0	44.663
