num_of_generous_TFT	num_of_TFT_with_trembling_hand	average_fitness_of_generous_TFT	average_fitness_of_TFT_with_trembling_hand
50	0	100	0
49	1	99.1923469387755	107.095
48	2	98.4125	106.375
47	3	97.565744680851	105.62
46	4	96.7822826086956	104.76875
45	5	96.0187777777778	103.809
44	6	95.2270454545455	102.9325
43	7	94.3926744186046	101.625714285714
42	8	93.6026190476191	100.771875
41	9	92.8373170731707	99.9311111111111
40	10	92.0198750000001	98.925
39	11	91.2051282051282	98.1890909090909
38	12	90.4114473684211	97.2141666666667
37	13	89.6170270270271	96.4942307692307
36	14	88.8536111111111	95.4903571428571
35	15	87.9715714285714	94.469
34	16	87.2716176470588	93.6165625
33	17	86.3736363636363	92.6508823529412
32	18	85.515	91.8669444444444
31	19	84.7832258064516	90.9294736842105
30	20	84.0085	89.908
29	21	83.1672413793103	89.087619047619
28	22	82.3416071428571	87.985909090909
27	23	81.4938888888889	87.1480434782609
26	24	80.8361538461539	86.1704166666667
25	25	80.1518	85.246
24	26	79.1085416666667	84.4584615384615
23	27	78.3460869565217	83.5351851851852
22	28	77.6259090909091	82.5001785714285
21	29	76.7340476190476	81.6646551724138
20	30	75.992	80.6908333333333
19	31	75.31	80.0090322580645
18	32	74.4919444444445	78.76796875
17	33	73.7523529411765	77.9471212121212
16	34	72.675625	77.0966176470588
15	35	72.0963333333333	76.1512857142857
14	36	71.2882142857143	75.2793055555556
13	37	70.4426923076923	74.3482432432433
12	38	69.5533333333333	73.4827631578947
11	39	68.8404545454545	72.4078205128205
10	40	67.8005	71.554875
9	41	66.9905555555555	70.5341463414634
8	42	66.33625	69.7286904761905
7	43	65.6578571428571	68.911511627907
6	44	64.8925	67.7626136363636
5	45	63.962	66.9681111111111
4	46	63.14	65.9383695652174
3	47	62.3616666666667	65.0743617021277
2	48	61.5725	64.1946875
1	49	60.68	63.2351020408163
0	50	0	62.3129
