num_of_generous_TFT	num_of_shame_driven_denying	average_fitness_of_generous_TFT	average_fitness_of_shame_driven_denying
100	0	100	0
99	1	99.3777272727273	116.02
98	2	98.8099489795918	115.835
97	3	98.2008762886598	115.395
96	4	97.6319791666667	114.74
95	5	96.9792105263158	114.387
94	6	96.4289361702128	113.698333333333
93	7	95.7745698924731	112.865
92	8	95.1830434782609	112.376875
91	9	94.5057692307692	111.762777777778
90	10	93.9814444444444	111.3545
89	11	93.3739325842697	110.639545454545
88	12	92.80375	110.111666666667
87	13	92.1591379310345	109.543076923077
86	14	91.6847674418605	109.031071428571
85	15	90.8936470588235	108.231666666667
84	16	90.3455952380952	107.745
83	17	89.7898192771084	107.171764705882
82	18	89.1792682926829	106.49
81	19	88.5708641975309	105.889736842105
80	20	88.0012499999999	105.3785
79	21	87.368417721519	104.873571428571
78	22	86.7674358974359	104.328636363636
77	23	86.1683116883117	103.721086956522
76	24	85.5945394736842	103.277291666667
75	25	84.8702	102.5832
74	26	84.3273648648649	101.993269230769
73	27	83.7106849315069	101.438333333333
72	28	83.1284027777778	100.909821428571
71	29	82.5992957746479	100.358620689655
70	30	81.981	99.6135
69	31	81.322536231884	99.2270967741936
68	32	80.6136029411764	98.54109375
67	33	80.1672388059701	97.9089393939394
66	34	79.6492424242424	97.3764705882353
65	35	78.8718461538461	96.6195714285714
64	36	78.3534375	96.1505555555556
63	37	77.7035714285715	95.4578378378378
62	38	77.1409677419355	94.8406578947368
61	39	76.456393442623	94.4255128205128
60	40	75.89075	93.99125
59	41	75.2252542372881	93.3056097560975
58	42	74.8780172413793	92.6163095238095
57	43	74.043596491228	92.0505813953489
56	44	73.54625	91.5642045454546
55	45	72.8760909090909	90.7732222222222
54	46	72.2414814814815	90.2409782608696
53	47	71.7094339622642	89.7162765957447
52	48	71.1735576923077	89.11
51	49	70.5811764705882	88.5339795918367
50	50	69.8846	88.1407
49	51	69.2421428571429	87.3451960784313
48	52	68.756875	86.8730769230769
47	53	68.2474468085106	86.2777358490566
46	54	67.4861956521739	85.5416666666667
45	55	66.9302222222222	85.0723636363636
44	56	66.38875	84.5514285714286
43	57	65.7623255813954	83.9598245614035
42	58	64.9010714285714	83.2814655172414
41	59	64.7060975609756	82.8411016949152
40	60	63.77475	82.1599166666666
39	61	63.3220512820513	81.6555737704918
38	62	62.8153947368421	81.0634677419355
37	63	62.1547297297297	80.5690476190476
36	64	61.4479166666667	79.96125
35	65	60.8414285714286	79.2085384615385
34	66	60.3369117647058	78.7127272727272
33	67	59.5925757575758	78.1727611940299
32	68	59.03359375	77.5078676470588
31	69	58.3369354838709	76.9765942028986
30	70	57.9128333333333	76.3700714285714
29	71	57.096724137931	75.7401408450704
28	72	56.5926785714286	75.1525694444444
27	73	55.9431481481481	74.6191780821918
26	74	55.4176923076923	74.0041891891892
25	75	54.7876	73.5470666666667
24	76	54.4120833333333	72.8396052631579
23	77	53.4584782608696	72.3755844155844
22	78	52.9095454545454	71.726282051282
21	79	52.3302380952381	71.2402531645569
20	80	51.7605	70.69425
19	81	51.1994736842105	69.9836419753086
18	82	50.6491666666667	69.3668292682926
17	83	50.0788235294117	68.7738554216867
16	84	49.43375	68.2427380952381
15	85	48.7893333333333	67.6618823529412
14	86	48.1589285714286	67.1041279069767
13	87	47.2280769230769	66.4678735632184
12	88	47.0075	65.9021022727273
11	89	46.1945454545454	65.2618539325842
10	90	46.046	64.7723333333333
9	91	45.3616666666667	64.1842307692308
8	92	44.304375	63.5584782608696
7	93	44.0114285714286	62.9855913978495
6	94	43.74	62.4259042553191
5	95	42.493	61.8493684210527
4	96	42.02875	61.2840104166666
3	97	41.49	60.6690206185567
2	98	41.3225	60.0706632653061
1	99	39.875	59.4814646464646
0	100	0	58.846
