num_of_generous_TFT	num_of_guilt_driven_amending	average_fitness_of_generous_TFT	average_fitness_of_guilt_driven_amending
100	0	100	0
99	1	99.6897474747475	107.905
98	2	99.3894897959184	107.5375
97	3	99.0677319587629	107.266666666667
96	4	98.7475520833333	107.0275
95	5	98.4435789473684	106.618
94	6	98.1378723404255	106.178333333333
93	7	97.816559139785	105.587142857143
92	8	97.5089673913044	105.54
91	9	97.1896153846154	105.236111111111
90	10	96.877	104.9215
89	11	96.5752247191011	104.547727272727
88	12	96.2910227272728	104.235833333333
87	13	95.9296551724138	103.795384615385
86	14	95.6511046511628	103.6525
85	15	95.3586470588236	103.284
84	16	95.031130952381	102.7978125
83	17	94.6766265060241	102.664705882353
82	18	94.3992682926829	102.249166666667
81	19	94.0693827160494	101.632631578947
80	20	93.7690625	101.6335
79	21	93.4725949367089	101.29619047619
78	22	93.1660256410256	100.883863636364
77	23	92.8842857142857	100.587173913043
76	24	92.5453289473684	100.23625
75	25	92.1820666666667	99.9792
74	26	91.8941216216216	99.5325
73	27	91.5342465753425	99.2357407407408
72	28	91.2727083333333	98.9521428571428
71	29	90.9459154929578	98.5601724137931
70	30	90.6638571428571	98.1363333333334
69	31	90.373115942029	97.9017741935484
68	32	90.0349264705882	97.6421875
67	33	89.7087313432835	97.3272727272727
66	34	89.3919696969697	96.9170588235294
65	35	89.0921538461539	96.674
64	36	88.79109375	96.3631944444444
63	37	88.4098412698413	95.9213513513513
62	38	88.1208064516129	95.6256578947369
61	39	87.8854098360655	95.4084615384616
60	40	87.5346666666667	95.054125
59	41	87.2242372881356	94.7056097560976
58	42	86.9412068965517	94.3583333333333
57	43	86.5668421052631	94.0210465116279
56	44	86.2346428571428	93.6013636363636
55	45	86.0117272727273	93.2994444444444
54	46	85.6948148148148	92.9814130434782
53	47	85.2848113207547	92.6598936170213
52	48	85.1024038461539	92.3527083333333
51	49	84.6430392156863	92.0140816326531
50	50	84.4089	91.7772
49	51	84.1382653061225	91.4096078431372
48	52	83.7436458333333	91.0590384615385
47	53	83.3942553191489	90.6993396226415
46	54	83.2307608695652	90.420462962963
45	55	82.8634444444445	90.0435454545455
44	56	82.5690909090909	89.7592857142857
43	57	82.2983720930232	89.4193859649123
42	58	81.9475	89.0640517241379
41	59	81.6129268292683	88.7033050847458
40	60	81.346375	88.3620833333333
39	61	81.0135897435897	88.1070491803279
38	62	80.6775	87.7701612903226
37	63	80.3433783783784	87.4246031746031
36	64	80.0313888888889	87.114453125
35	65	79.7434285714285	86.7856153846154
34	66	79.5280882352941	86.4269696969696
33	67	79.1709090909091	86.0933582089552
32	68	78.83875	85.729044117647
31	69	78.525	85.4018115942029
30	70	78.1938333333333	85.1105714285714
29	71	77.7748275862069	84.7838028169014
28	72	77.5225	84.4773611111111
27	73	77.2759259259259	84.044794520548
26	74	76.9901923076923	83.7064189189189
25	75	76.6354	83.4957333333334
24	76	76.3785416666667	83.1511842105263
23	77	75.9871739130435	82.8470779220779
22	78	75.6725	82.521217948718
21	79	75.4261904761905	82.1392405063291
20	80	75.0985	81.8523125
19	81	74.7631578947369	81.4948148148148
18	82	74.4016666666667	81.1789024390244
17	83	74.1594117647059	80.8421686746988
16	84	73.7953125	80.5220833333333
15	85	73.5006666666667	80.1991764705882
14	86	73.28	79.8479069767442
13	87	73.0207692307692	79.463275862069
12	88	72.6233333333333	79.2220454545455
11	89	72.2640909090909	78.8526966292135
10	90	71.854	78.5326666666667
9	91	71.58	78.258956043956
8	92	71.4075	77.8333152173913
7	93	70.9785714285714	77.5431182795699
6	94	70.8891666666667	77.1834042553192
5	95	70.47	76.8893684210526
4	96	70.11875	76.555
3	97	69.5966666666666	76.2557731958763
2	98	69.4125	75.8933163265306
1	99	69.35	75.5290404040404
0	100	0	75.32595
