num_of_generous_TFT	num_of_shame_driven_hiding	average_fitness_of_generous_TFT	average_fitness_of_shame_driven_hiding
100	0	100	0
99	1	99.6715151515152	120
98	2	99.3325510204082	119.58
97	3	98.9969072164948	119.31
96	4	98.654375	118.855
95	5	98.3229473684211	118.59
94	6	97.9728723404255	118.336666666667
93	7	97.6430107526882	117.9
92	8	97.2981521739131	117.48375
91	9	96.9664835164835	117.132222222222
90	10	96.6053333333333	116.758
89	11	96.2676404494382	116.440909090909
88	12	95.9130681818181	116.0475
87	13	95.5745977011495	115.684615384615
86	14	95.2247674418604	115.301428571429
85	15	94.9052941176471	115.008666666667
84	16	94.5064285714286	114.659375
83	17	94.1959036144578	114.311176470588
82	18	93.8135365853658	113.817777777778
81	19	93.4597530864198	113.456315789474
80	20	93.149625	113.227
79	21	92.7621518987342	112.761904761905
78	22	92.404358974359	112.396363636364
77	23	92.0428571428571	112.087391304348
76	24	91.7252631578947	111.742083333333
75	25	91.3135999999999	111.3152
74	26	90.967027027027	110.996153846154
73	27	90.6246575342466	110.58962962963
72	28	90.2301388888889	110.247857142857
71	29	89.8891549295775	109.800344827586
70	30	89.5747142857143	109.448
69	31	89.1836231884058	109.083225806452
68	32	88.7658823529411	108.659375
67	33	88.3997014925373	108.33303030303
66	34	88.0509090909091	107.937647058824
65	35	87.6849230769231	107.515428571429
64	36	87.34140625	107.151666666667
63	37	86.9319047619048	106.765945945946
62	38	86.523064516129	106.338157894737
61	39	86.1314754098361	106.080256410256
60	40	85.7426666666667	105.5365
59	41	85.375593220339	105.205609756098
58	42	84.9981034482759	104.905476190476
57	43	84.609649122807	104.440232558139
56	44	84.2130357142857	104.000454545455
55	45	83.8892727272727	103.628888888889
54	46	83.4631481481482	103.258260869565
53	47	83.0558490566038	102.86
52	48	82.6759615384615	102.418125
51	49	82.2817647058824	102.084897959184
50	50	81.998	101.6454
49	51	81.4920408163265	101.356078431373
48	52	81.1714583333333	100.839615384615
47	53	80.7465957446809	100.47679245283
46	54	80.3373913043478	100.042777777778
45	55	79.8588888888889	99.588
44	56	79.5338636363636	99.2583928571429
43	57	79.0390697674418	98.8184210526316
42	58	78.7166666666667	98.4637931034482
41	59	78.3002439024391	98.0203389830509
40	60	77.831	97.6688333333334
39	61	77.4620512820513	97.2060655737705
38	62	76.9973684210526	96.8451612903226
37	63	76.6778378378378	96.3309523809524
36	64	76.2547222222223	96.00828125
35	65	75.7428571428571	95.6132307692308
34	66	75.2702941176471	95.1671212121212
33	67	74.9481818181818	94.7194029850747
32	68	74.5471875	94.2842647058823
31	69	74.1164516129032	93.9211594202898
30	70	73.5323333333333	93.4102857142857
29	71	73.2444827586207	92.9992957746479
28	72	72.7635714285714	92.5715277777778
27	73	72.3214814814815	92.191095890411
26	74	71.8630769230769	91.7571621621621
25	75	71.3212	91.2911999999999
24	76	71.0466666666667	90.8594736842105
23	77	70.5030434782609	90.3996103896104
22	78	70.0327272727273	90.0330769230769
21	79	69.6752380952381	89.592911392405
20	80	69.166	89.171625
19	81	68.6326315789474	88.6764197530864
18	82	68.2766666666667	88.2340243902439
17	83	67.7470588235294	87.8130120481928
16	84	67.383125	87.3717857142857
15	85	66.902	86.9197647058824
14	86	66.4885714285714	86.5127906976744
13	87	65.93	86.0078160919541
12	88	65.4733333333333	85.5622727272727
11	89	64.9836363636364	85.1448314606742
10	90	64.501	84.7052222222222
9	91	64.0166666666666	84.2157142857142
8	92	63.61375	83.7639130434782
7	93	63.0785714285715	83.2793548387096
6	94	62.46	82.8246808510638
5	95	62.004	82.3407368421053
4	96	61.4875	81.8667708333333
3	97	61.0133333333333	81.4213402061856
2	98	60.615	80.9480612244898
1	99	60	80.4712121212121
0	100	0	80
