num_of_generous_TFT	num_of_Pavlov	average_fitness_of_generous_TFT	average_fitness_of_Pavlov
100	0	100	0
99	1	99.4928787878788	121.895
98	2	99.0017346938775	121.4375
97	3	98.5042268041237	121.133333333333
96	4	98.0027604166667	120.69625
95	5	97.5307894736842	120.127
94	6	97.0367553191489	119.980833333333
93	7	96.537311827957	119.802142857143
92	8	96.0039673913043	119.235625
91	9	95.5480769230769	118.811111111111
90	10	94.9763333333334	117.9715
89	11	94.5596629213483	117.718181818182
88	12	94.043125	117.015
87	13	93.5749425287356	116.788846153846
86	14	93.0783139534884	116.095357142857
85	15	92.5077647058824	115.978333333333
84	16	92.0315476190476	115.0140625
83	17	91.6081927710843	114.773529411765
82	18	91.0690243902439	114.370833333333
81	19	90.5905555555556	113.909210526316
80	20	90.0721875	113.464
79	21	89.5722151898734	112.939523809524
78	22	89.108717948718	112.621136363636
77	23	88.6858441558441	111.835652173913
76	24	88.0675657894737	111.709583333333
75	25	87.5854666666666	111.1108
74	26	87.0791216216216	110.855769230769
73	27	86.6043150684931	110.226111111111
72	28	85.9496527777778	109.699285714286
71	29	85.6080281690141	109.160172413793
70	30	85.1192142857143	108.602666666667
69	31	84.5733333333333	108.111774193548
68	32	84.0318382352941	107.66875
67	33	83.6305970149254	107.130151515151
66	34	83.3082575757576	106.725735294118
65	35	82.6322307692308	106.413714285714
64	36	82.141640625	105.755
63	37	81.5739682539682	105.23027027027
62	38	81.1126612903226	104.827236842105
61	39	80.5995081967213	104.522948717949
60	40	80.0979166666667	103.947875
59	41	79.7475423728814	103.615487804878
58	42	79.1393965517241	103.089642857143
57	43	78.7442105263158	102.720697674419
56	44	78.3178571428572	101.94
55	45	77.662	101.742111111111
54	46	77.2413888888889	101.156630434783
53	47	76.5834905660377	100.798723404255
52	48	76.1321153846154	100.2521875
51	49	75.7347058823529	99.8658163265307
50	50	75.1913	99.3963
49	51	74.5781632653061	98.8360784313726
48	52	74.0516666666667	98.3168269230769
47	53	73.7831914893617	97.7759433962264
46	54	73.2140217391304	97.4427777777778
45	55	72.5631111111111	96.9161818181819
44	56	72.2635227272727	96.4830357142857
43	57	71.7143023255814	95.9312280701754
42	58	71.1929761904762	95.4406034482759
41	59	70.7991463414634	95.2153389830508
40	60	70.202625	94.6265
39	61	69.7726923076923	94.1759836065574
38	62	69.193947368421	93.5084677419355
37	63	68.7963513513513	93.0507936507937
36	64	68.1808333333333	92.71625
35	65	67.75	92.1885384615385
34	66	67.1713235294118	91.7622727272728
33	67	66.6	91.2287313432836
32	68	66.39984375	90.7872794117647
31	69	65.7725806451613	90.3363043478261
30	70	65.3875	89.9302142857143
29	71	64.8731034482758	89.2820422535211
28	72	64.1551785714285	88.8577777777778
27	73	63.7464814814815	88.3825342465753
26	74	63.3282692307692	87.8797972972973
25	75	62.729	87.6375333333333
24	76	62.4570833333333	87.0852631578947
23	77	61.9576086956522	86.5705194805195
22	78	61.1513636363636	86.1702564102564
21	79	60.7145238095238	85.6803164556962
20	80	60.1185	85.1365
19	81	59.6544736842105	84.491975308642
18	82	59.4133333333333	84.3011585365854
17	83	59.0426470588235	83.8203012048193
16	84	58.3390625	83.2252380952381
15	85	57.757	82.7057647058824
14	86	57.0696428571428	82.3381395348837
13	87	56.7884615384615	81.8462643678161
12	88	56.375	81.4263068181818
11	89	55.9827272727273	80.9862359550562
10	90	55.1715	80.4704444444445
9	91	54.7327777777778	80.0007142857143
8	92	54.265	79.5358152173913
7	93	53.8892857142857	79.0617204301075
6	94	53.1183333333334	78.4925
5	95	52.914	78.0685263157895
4	96	52.24375	77.5747395833333
3	97	52.0683333333333	77.0133505154639
2	98	51.1075	76.6689285714286
1	99	51.6	76.3164646464647
0	100	0	75.794
