num_of_generous_TFT	num_of_TFT_with_trembling_hand	average_fitness_of_generous_TFT	average_fitness_of_TFT_with_trembling_hand
100	0	150	0
99	1	149.899545454545	151.245
98	2	149.791964285714	151.1325
97	3	149.696546391753	151.046666666667
96	4	149.578932291667	150.69375
95	5	149.469342105263	150.57
94	6	149.368457446808	150.384166666667
93	7	149.282446236559	150.264285714286
92	8	149.173125	150.0440625
91	9	149.082554945055	150.001111111111
90	10	148.950444444444	149.806
89	11	148.861348314607	149.685681818182
88	12	148.718693181818	149.531666666667
87	13	148.635517241379	149.275961538461
86	14	148.546569767442	149.203035714286
85	15	148.438323529412	149.086
84	16	148.351726190476	148.9609375
83	17	148.21578313253	148.708823529412
82	18	148.141402439024	148.59625
81	19	148.014382716049	148.445263157895
80	20	147.92253125	148.22775
79	21	147.797626582278	148.084285714286
78	22	147.732083333333	147.987386363636
77	23	147.62512987013	147.869130434783
76	24	147.489638157895	147.698645833333
75	25	147.407733333333	147.4869
74	26	147.345405405405	147.361826923077
73	27	147.190582191781	147.158240740741
72	28	147.108784722222	147.057053571429
71	29	146.999436619718	146.904224137931
70	30	146.866142857143	146.809
69	31	146.802536231884	146.59564516129
68	32	146.671286764706	146.498203125
67	33	146.596305970149	146.325075757576
66	34	146.449431818182	146.170588235294
65	35	146.383884615385	145.976428571429
64	36	146.2840234375	145.843055555556
63	37	146.174206349206	145.65804054054
62	38	146.050887096774	145.523881578947
61	39	145.947459016394	145.354807692308
60	40	145.844583333333	145.2238125
59	41	145.77220338983	145.069695121951
58	42	145.657715517241	144.990714285714
57	43	145.5625	144.802906976744
56	44	145.420044642857	144.635625
55	45	145.325909090909	144.484444444444
54	46	145.265231481481	144.31152173913
53	47	145.124386792453	144.133510638298
52	48	145.024519230769	143.96046875
51	49	144.887450980392	143.875918367347
50	50	144.8013	143.7304
49	51	144.684285714286	143.566568627451
48	52	144.60859375	143.398894230769
47	53	144.440585106383	143.1775
46	54	144.442445652174	143.112407407407
45	55	144.297277777778	142.965409090909
44	56	144.2075	142.797455357143
43	57	144.063895348837	142.597192982456
42	58	144.009226190476	142.455775862069
41	59	143.877134146341	142.331779661017
40	60	143.7778125	142.104041666667
39	61	143.670512820513	142.046106557377
38	62	143.548157894737	141.952338709677
37	63	143.446216216216	141.736071428571
36	64	143.375	141.6328515625
35	65	143.213357142857	141.481576923077
34	66	143.161838235294	141.302083333333
33	67	143.078257575758	141.141828358209
32	68	142.936328125	140.916838235294
31	69	142.887016129032	140.813550724638
30	70	142.738583333333	140.702892857143
29	71	142.634482758621	140.498661971831
28	72	142.569285714286	140.325416666667
27	73	142.436759259259	140.182773972603
26	74	142.309519230769	140.071351351351
25	75	142.1914	139.898633333333
24	76	142.138333333333	139.701743421053
23	77	142.030434782609	139.596655844156
22	78	141.940227272727	139.463141025641
21	79	141.833571428571	139.289303797468
20	80	141.748	139.15853125
19	81	141.630526315789	138.987037037037
18	82	141.475	138.902591463415
17	83	141.396029411765	138.716144578313
16	84	141.2884375	138.465029761905
15	85	141.217666666667	138.385
14	86	141.145178571429	138.208052325581
13	87	140.984615384615	138.045431034483
12	88	140.871041666667	137.899232954545
11	89	140.76	137.769691011236
10	90	140.65875	137.606138888889
9	91	140.510555555556	137.471401098901
8	92	140.411875	137.287173913043
7	93	140.337857142857	137.150188172043
6	94	140.22125	136.98704787234
5	95	140.1715	136.878447368421
4	96	140.01	136.715729166667
3	97	139.965833333333	136.534458762887
2	98	139.82	136.432346938775
1	99	139.71	136.225378787879
0	100	0	136.11245
