num_of_generous_TFT	num_of_guilt_driven_amending	average_fitness_of_generous_TFT	average_fitness_of_guilt_driven_amending
100	0	150	0
99	1	149.905833333333	151.0875
98	2	149.811479591837	150.90625
97	3	149.718427835052	150.8075
96	4	149.620859375	150.700625
95	5	149.524605263158	150.5485
94	6	149.435026595745	150.40625
93	7	149.337258064516	150.339642857143
92	8	149.23152173913	150.2478125
91	9	149.145961538461	150.030277777778
90	10	149.046583333333	149.9425
89	11	148.956011235955	149.876363636364
88	12	148.879744318182	149.649583333333
87	13	148.760977011494	149.603846153846
86	14	148.677441860465	149.476607142857
85	15	148.577205882353	149.3285
84	16	148.46625	149.17921875
83	17	148.382078313253	149.194705882353
82	18	148.283170731707	148.923055555556
81	19	148.229382716049	148.820789473684
80	20	148.12525	148.735
79	21	147.993955696202	148.653571428571
78	22	147.921538461538	148.457045454546
77	23	147.816103896104	148.357282608696
76	24	147.725953947368	148.2175
75	25	147.6369	148.1013
74	26	147.546148648649	148.003076923077
73	27	147.441575342466	147.89962962963
72	28	147.348819444444	147.750982142857
71	29	147.230563380282	147.6025
70	30	147.159857142857	147.513166666667
69	31	147.071847826087	147.406370967742
68	32	146.935845588235	147.243984375
67	33	146.874253731343	147.158484848485
66	34	146.781287878788	147.083823529412
65	35	146.673076923077	146.897571428571
64	36	146.5753515625	146.802638888889
63	37	146.492182539683	146.642635135135
62	38	146.389435483871	146.531052631579
61	39	146.294959016394	146.381794871795
60	40	146.226	146.27575
59	41	146.102627118644	146.184390243902
58	42	145.981465517241	146.062142857143
57	43	145.911885964912	145.918430232558
56	44	145.855089285714	145.838977272727
55	45	145.691272727273	145.711111111111
54	46	145.635555555556	145.583423913043
53	47	145.580566037736	145.451489361702
52	48	145.453605769231	145.312864583333
51	49	145.354803921569	145.111836734694
50	50	145.261	145.06395
49	51	145.141581632653	144.962745098039
48	52	145.0690625	144.791057692308
47	53	144.972872340426	144.696886792453
46	54	144.872282608696	144.593842592593
45	55	144.795388888889	144.450772727273
44	56	144.692329545454	144.361026785714
43	57	144.603139534884	144.216140350877
42	58	144.478452380952	144.130732758621
41	59	144.414146341463	144.006991525424
40	60	144.2888125	143.830416666667
39	61	144.205	143.693483606557
38	62	144.12625	143.625201612903
37	63	143.996418918919	143.496111111111
36	64	143.884583333333	143.3521875
35	65	143.814642857143	143.199769230769
34	66	143.725220588235	143.106515151515
33	67	143.665075757576	143.022388059701
32	68	143.5721875	142.912242647059
31	69	143.462338709678	142.835362318841
30	70	143.367416666667	142.6635
29	71	143.286034482759	142.504471830986
28	72	143.165714285714	142.429618055556
27	73	143.074351851852	142.25147260274
26	74	142.983269230769	142.153243243243
25	75	142.8392	142.017666666667
24	76	142.763854166667	141.924802631579
23	77	142.690217391304	141.810064935065
22	78	142.608522727273	141.67391025641
21	79	142.540476190476	141.549082278481
20	80	142.39825	141.4279375
19	81	142.3	141.309938271605
18	82	142.206944444444	141.153475609756
17	83	142.138676470588	141.056536144578
16	84	142.0253125	140.908839285714
15	85	141.939333333333	140.803882352941
14	86	141.836428571429	140.669593023256
13	87	141.815192307692	140.577557471264
12	88	141.611458333333	140.463409090909
11	89	141.473636363636	140.316235955056
10	90	141.4305	140.1865
9	91	141.379444444444	140.076346153846
8	92	141.26625	139.951548913043
7	93	141.204642857143	139.859865591398
6	94	141.089166666667	139.728590425532
5	95	140.9675	139.608263157895
4	96	140.855625	139.477473958333
3	97	140.756666666667	139.346159793814
2	98	140.68625	139.231964285714
1	99	140.5475	139.085631313131
0	100	0	138.98295
