num_of_generous_TFT	num_of_shame_driven_denying	average_fitness_of_generous_TFT	average_fitness_of_shame_driven_denying
100	0	150	0
99	1	149.814570707071	152.4075
98	2	149.638775510204	152.14125
97	3	149.436469072165	151.889166666667
96	4	149.254296875	151.640625
95	5	149.056078947368	151.544
94	6	148.858377659575	151.26625
93	7	148.648897849462	150.9225
92	8	148.5	150.8084375
91	9	148.306401098901	150.546666666667
90	10	148.1075	150.30325
89	11	147.934129213483	150.094090909091
88	12	147.748323863636	149.882708333333
87	13	147.540977011494	149.528461538462
86	14	147.361511627907	149.545
85	15	147.137529411765	149.205333333333
84	16	147.007261904762	148.955625
83	17	146.759367469879	148.686470588235
82	18	146.597073170732	148.538611111111
81	19	146.388611111111	148.191842105263
80	20	146.20184375	147.90025
79	21	146.031360759494	147.766904761905
78	22	145.873365384615	147.489659090909
77	23	145.611136363636	147.364347826087
76	24	145.450164473684	147.113958333333
75	25	145.215233333333	146.96
74	26	145.091790540541	146.658076923077
73	27	144.893561643836	146.450925925926
72	28	144.702256944444	146.211785714286
71	29	144.471232394366	145.842413793103
70	30	144.277535714286	145.7425
69	31	144.05981884058	145.579677419355
68	32	143.953860294118	145.34921875
67	33	143.797686567164	145.016893939394
66	34	143.50946969697	144.828235294118
65	35	143.348769230769	144.592214285714
64	36	143.1585546875	144.357152777778
63	37	143.012896825397	144.209054054054
62	38	142.823991935484	143.857631578947
61	39	142.636270491803	143.713782051282
60	40	142.405958333333	143.4318125
59	41	142.327372881356	143.12006097561
58	42	142.120387931034	143.034880952381
57	43	141.922631578947	142.70023255814
56	44	141.654330357143	142.501704545455
55	45	141.390681818182	142.273611111111
54	46	141.288935185185	142.106141304348
53	47	141.152830188679	141.792765957447
52	48	140.987019230769	141.572083333333
51	49	140.654166666667	141.33556122449
50	50	140.4361	141.12775
49	51	140.371683673469	141.035882352941
48	52	140.16765625	140.684519230769
47	53	140.015744680851	140.437122641509
46	54	139.823043478261	140.276574074074
45	55	139.619	140.083272727273
44	56	139.360625	139.7559375
43	57	139.265697674419	139.638157894737
42	58	139.018154761905	139.341939655172
41	59	138.760609756098	139.002245762712
40	60	138.595125	138.928416666667
39	61	138.463397435897	138.591393442623
38	62	138.279868421053	138.376008064516
37	63	138.06972972973	138.095952380952
36	64	137.903680555556	137.911640625
35	65	137.652785714286	137.7285
34	66	137.511838235294	137.414962121212
33	67	137.260075757576	137.19697761194
32	68	137.144375	137.068492647059
31	69	136.916693548387	136.729927536232
30	70	136.7485	136.533357142857
29	71	136.578965517241	136.367992957746
28	72	136.360625	136.060694444444
27	73	136.292592592593	135.83948630137
26	74	135.984230769231	135.622432432432
25	75	135.7797	135.399466666667
24	76	135.541875	135.182960526316
23	77	135.56097826087	134.941688311688
22	78	135.266022727273	134.724647435897
21	79	135.156190476191	134.481202531646
20	80	134.797875	134.2499375
19	81	134.776710526316	134.053425925926
18	82	134.577083333333	133.824481707317
17	83	134.194117647059	133.534518072289
16	84	134.25296875	133.329464285714
15	85	133.946	133.027
14	86	133.790714285714	132.870494186047
13	87	133.656346153846	132.612327586207
12	88	133.348125	132.324715909091
11	89	133.238636363636	132.137752808989
10	90	133.04025	131.921527777778
9	91	132.661944444444	131.679807692308
8	92	132.5228125	131.475733695652
7	93	132.429285714286	131.170537634409
6	94	132.13125	130.920319148936
5	95	132.012	130.765394736842
4	96	131.679375	130.557552083333
3	97	131.756666666667	130.34162371134
2	98	131.385	130.108265306122
1	99	131.2525	129.810050505051
0	100	0	129.691225
