num_of_generous_TFT	num_of_TFT_with_trembling_hand	average_fitness_of_generous_TFT	average_fitness_of_TFT_with_trembling_hand
20	0	50	0
19	1	48.9607894736842	54.8875
18	2	47.9122222222222	53.53375
17	3	46.9176470588236	52.1208333333333
16	4	45.8790625	51.15625
15	5	44.91	49.9905
14	6	43.9010714285714	49.0558333333333
13	7	42.9584615384615	47.7332142857143
12	8	41.8914583333333	46.5175
11	9	40.8022727272727	45.3516666666667
10	10	39.8305	44.1765
9	11	38.8416666666667	42.9934090909091
8	12	37.7915625	42.035
7	13	36.765	40.6486538461539
6	14	35.8566666666667	39.4383928571429
5	15	34.867	38.2663333333334
4	16	33.674375	37.18328125
3	17	32.8891666666667	36.0186764705883
2	18	31.78	34.8961111111111
1	19	30.765	33.7421052631579
0	20	0	32.396625
