num_of_generous_TFT	num_of_shame_driven_denying	average_fitness_of_generous_TFT	average_fitness_of_shame_driven_denying
20	0	50	0
19	1	47.5677631578948	59.525
18	2	45.1216666666667	57.35625
17	3	42.6882352941176	55.5366666666667
16	4	40.31984375	53.591875
15	5	37.8226666666667	51.2565
14	6	35.2839285714286	49.4458333333333
13	7	32.6846153846154	47.1471428571429
12	8	30.5245833333333	44.7596875
11	9	28.3618181818182	42.8269444444445
10	10	25.23475	40.493
9	11	23.3297222222222	38.7279545454546
8	12	20.6096875	36.5033333333333
7	13	18.2321428571429	34.5159615384615
6	14	16.2966666666667	32.4771428571429
5	15	13.695	30.5236666666667
4	16	11.170625	28.3440625
3	17	8.62416666666667	26.3914705882353
2	18	6.56375	24.2052777777778
1	19	4.0475	22.0014473684211
0	20	0	19.935875
