num_of_generous_TFT	num_of_guilt_driven_amending	average_fitness_of_generous_TFT	average_fitness_of_guilt_driven_amending
20	0	50	0
19	1	49.4672368421053	52.52
18	2	48.9479166666667	52.06875
17	3	48.4086764705882	51.1383333333333
16	4	47.84921875	50.7675
15	5	47.3875	50.213
14	6	47.0116071428571	49.9016666666667
13	7	46.3142307692308	49.1507142857143
12	8	45.9314583333333	48.545
11	9	45.2743181818182	48.1469444444445
10	10	44.75975	47.52575
9	11	44.3627777777778	47.0956818181818
8	12	43.8303125	46.4870833333333
7	13	43.3971428571428	45.9638461538461
6	14	42.8058333333333	45.3803571428571
5	15	42.3385	44.8456666666667
4	16	41.560625	44.26921875
3	17	41.4141666666667	43.7582352941177
2	18	40.725	43.2598611111111
1	19	40.0625	42.6767105263158
0	20	0	42.218125
