num_of_generous_TFT	num_of_shame_driven_hiding	average_fitness_of_generous_TFT	average_fitness_of_shame_driven_hiding
20	0	50	0
19	1	49.338947368421	64.2275
18	2	48.6588888888889	63.1325
17	3	47.9652941176471	62.275
16	4	47.268125	61.188125
15	5	46.468	59.9535
14	6	45.765	58.6841666666667
13	7	45.0492307692308	57.1757142857143
12	8	44.1833333333333	55.481875
11	9	43.3109090909091	53.7288888888889
10	10	42.486	52.28125
9	11	41.6033333333333	50.3002272727273
8	12	40.5725	48.4120833333333
7	13	39.5985714285714	45.7865384615385
6	14	38.5416666666667	43.5108928571428
5	15	37.44	40.8388333333333
4	16	36.0075	38.0671875
3	17	34.7566666666667	35.0161764705882
2	18	32.92	31.3622222222222
1	19	24.1975	27.3782894736842
0	20	0	23.16975
