num_of_generous_TFT	num_of_Pavlov	average_fitness_of_generous_TFT	average_fitness_of_Pavlov
20	0	50	0
19	1	48.4709210526316	69.7425
18	2	46.9120833333333	67.67
17	3	45.4869117647059	65.7858333333333
16	4	43.92265625	64.74625
15	5	42.3555	62.5535
14	6	40.7776785714286	60.6075
13	7	39.0661538461539	59.03
12	8	37.9954166666666	56.745625
11	9	36.075	54.6797222222222
10	10	34.74875	52.852
9	11	33.3558333333333	51.2756818181818
8	12	31.8059375	48.76875
7	13	30.0839285714286	46.7401923076923
6	14	28.3179166666667	44.9957142857143
5	15	26.822	43.2651666666667
4	16	25.079375	41.24484375
3	17	24.2175	38.9101470588235
2	18	22.5475	37.0954166666667
1	19	20.84	35.3081578947368
0	20	0	33.00725
