num_of_always_defect	num_of_Pavlov	average_fitness_of_always_defect	average_fitness_of_Pavlov
50	0	0	0
49	1	2.29959183673469	-75.1275
48	2	4.61416666666667	-72.69875
47	3	6.84914893617021	-69.97
46	4	9.1404347826087	-67.585625
45	5	11.4562222222222	-65.179
44	6	13.7704545454545	-62.50625
43	7	15.9593023255814	-60.1628571428571
42	8	18.3030952380952	-57.4496875
41	9	20.6531707317073	-54.9911111111111
40	10	22.8595	-52.3785
39	11	25.2058974358974	-49.8670454545455
38	12	27.4063157894737	-47.4585416666667
37	13	29.8402702702703	-44.9396153846154
36	14	32.0988888888889	-42.3026785714286
35	15	34.3014285714286	-39.672
34	16	36.5970588235294	-37.23828125
33	17	38.9154545454545	-34.6952941176471
32	18	41.1828125	-32.2475
31	19	43.3535483870968	-29.5065789473684
30	20	45.6713333333333	-27.076
29	21	48.1148275862069	-24.5796428571429
28	22	50.3582142857143	-21.9036363636364
27	23	52.5788888888889	-19.5686956521739
26	24	54.7676923076923	-16.7929166666667
25	25	57.3376	-14.4492
24	26	59.5529166666667	-11.9306730769231
23	27	61.6930434782609	-9.29037037037037
22	28	64.02	-6.78098214285714
21	29	66.3928571428571	-4.15379310344828
20	30	68.5615	-1.76216666666667
19	31	70.8078947368421	0.90741935483871
18	32	73.345	3.513359375
17	33	75.4976470588235	5.88371212121212
16	34	77.7075	8.41389705882353
15	35	80.1426666666666	10.9519285714286
14	36	82.5728571428572	13.5244444444444
13	37	84.67	16.0877702702703
12	38	86.98	18.6511842105263
11	39	89.1663636363636	21.1720512820513
10	40	91.683	23.75825
9	41	93.8522222222222	26.4042073170732
8	42	96.2975	28.9826190476191
7	43	98.3857142857143	31.6155232558139
6	44	100.531666666667	34.1409659090909
5	45	103.026	36.7702777777778
4	46	105.24	39.6182065217391
3	47	107.446666666667	42.206170212766
2	48	109.975	45.2383854166667
1	49	112.16	48.3420408163265
0	50	0	52.29495
