num_of_always_cooperate	num_of_TFT_with_trembling_hand	average_fitness_of_always_cooperate	average_fitness_of_TFT_with_trembling_hand
50	0	50	0
49	1	49.9538775510203	51.5
48	2	49.9164583333333	51.45375
47	3	49.8853191489362	51.38
46	4	49.8365217391304	51.330625
45	5	49.7971111111111	51.2435
44	6	49.7709090909091	51.21125
43	7	49.730465116279	51.1675
42	8	49.6635714285715	51.07375
41	9	49.6158536585366	51.035
40	10	49.591	50.9675
39	11	49.5489743589744	50.875
38	12	49.5031578947369	50.8489583333333
37	13	49.4656756756757	50.7359615384616
36	14	49.4094444444444	50.74
35	15	49.3934285714286	50.642
34	16	49.3591176470588	50.5678125
33	17	49.3133333333333	50.5336764705882
32	18	49.283125	50.4911111111111
31	19	49.231935483871	50.3907894736842
30	20	49.2156666666667	50.365125
29	21	49.1472413793103	50.2433333333333
28	22	49.0910714285714	50.2195454545455
27	23	49.0433333333333	50.1816304347826
26	24	49.0034615384615	50.0891666666667
25	25	48.972	50.0392
24	26	48.9441666666667	49.9775
23	27	48.8734782608696	49.9123148148148
22	28	48.8659090909091	49.8536607142857
21	29	48.8095238095238	49.7846551724138
20	30	48.779	49.74175
19	31	48.7257894736842	49.6591129032258
18	32	48.7205555555555	49.61359375
17	33	48.6423529411765	49.5498484848485
16	34	48.61875	49.4925735294118
15	35	48.5726666666667	49.4244285714286
14	36	48.5264285714286	49.37
13	37	48.4638461538461	49.3314864864865
12	38	48.4491666666667	49.2424342105263
11	39	48.4045454545454	49.1925
10	40	48.367	49.1284375
9	41	48.3277777777778	49.0839024390244
8	42	48.2675	49.00125
7	43	48.23	48.9372093023256
6	44	48.21	48.8911931818182
5	45	48.18	48.8167222222222
4	46	48.12	48.7857065217391
3	47	48.09	48.6962765957447
2	48	48.045	48.6427604166667
1	49	48	48.5987755102041
0	50	0	48.5181
