num_of_always_cooperate	num_of_shame_driven_hiding	average_fitness_of_always_cooperate	average_fitness_of_shame_driven_hiding
50	0	50	0
49	1	49.9614285714285	51.5
48	2	49.925	51.46
47	3	49.8859574468085	51.4166666666667
46	4	49.8428260869565	51.3925
45	5	49.796	51.334
44	6	49.7586363636364	51.3016666666666
43	7	49.7023255813953	51.2657142857143
42	8	49.6797619047619	51.21375
41	9	49.6429268292683	51.1744444444444
40	10	49.58975	51.144
39	11	49.5587179487179	51.09
38	12	49.5063157894737	51.0316666666667
37	13	49.4662162162162	51.0092307692308
36	14	49.4330555555556	50.965
35	15	49.3837142857143	50.9393333333333
34	16	49.3538235294118	50.88875
33	17	49.2990909090909	50.8535294117647
32	18	49.26375	50.7872222222222
31	19	49.2158064516129	50.79
30	20	49.1786666666667	50.7685
29	21	49.1493103448276	50.6738095238096
28	22	49.0942857142857	50.6590909090909
27	23	49.0792592592593	50.6260869565218
26	24	49.0219230769231	50.5483333333333
25	25	48.998	50.5084
24	26	48.93	50.4807692307692
23	27	48.9013043478261	50.4588888888889
22	28	48.8790909090909	50.4010714285715
21	29	48.8266666666667	50.3731034482759
20	30	48.787	50.3303333333333
19	31	48.7526315789474	50.2896774193549
18	32	48.6938888888889	50.2671875
17	33	48.6535294117647	50.2066666666667
16	34	48.601875	50.1579411764706
15	35	48.5893333333333	50.1322857142857
14	36	48.525	50.0738888888889
13	37	48.5084615384615	50.0316216216216
12	38	48.4341666666667	49.9926315789474
11	39	48.4	49.9535897435898
10	40	48.349	49.912
9	41	48.33	49.8660975609756
8	42	48.315	49.8261904761905
7	43	48.2514285714286	49.7844186046512
6	44	48.1983333333333	49.7445454545455
5	45	48.146	49.7084444444444
4	46	48.115	49.6726086956522
3	47	48.0833333333333	49.6221276595745
2	48	48.065	49.581875
1	49	48	49.5377551020409
0	50	0	49.5
