num_of_always_defect	num_of_guilt_driven_amending	average_fitness_of_always_defect	average_fitness_of_guilt_driven_amending
50	0	0	0
49	1	0.982040816326531	-36.1275
48	2	1.96416666666667	-34.38875
47	3	2.94680851063829	-32.5308333333333
46	4	3.93260869565217	-30.831875
45	5	4.92355555555556	-29.2025
44	6	5.89590909090909	-27.4925
43	7	6.87418604651164	-25.6182142857143
42	8	7.85571428571429	-23.94
41	9	8.85414634146341	-22.2336111111111
40	10	9.83475	-20.42675
39	11	10.8223076923077	-18.7563636363636
38	12	11.7992105263158	-16.9522916666667
37	13	12.7721621621622	-15.2659615384615
36	14	13.7730555555556	-13.4923214285714
35	15	14.7465714285714	-11.8048333333333
34	16	15.7223529411765	-10.06671875
33	17	16.7015151515152	-8.32
32	18	17.6984375	-6.57027777777778
31	19	18.6829032258064	-4.80407894736842
30	20	19.6546666666667	-3.105
29	21	20.65	-1.25607142857143
28	22	21.6457142857143	0.37875
27	23	22.6003703703704	2.14271739130435
26	24	23.6084615384615	3.84479166666667
25	25	24.5628	5.5412
24	26	25.55625	7.35903846153846
23	27	26.554347826087	9.14148148148148
22	28	27.5468181818182	10.8771428571429
21	29	28.5080952380952	12.5187068965517
20	30	29.5005	14.4033333333333
19	31	30.4815789473684	16.0315322580645
18	32	31.4366666666667	17.78484375
17	33	32.4294117647059	19.6014393939394
16	34	33.434375	21.30375
15	35	34.394	23.0212142857143
14	36	35.4192857142857	24.7844444444444
13	37	36.3446153846154	26.4988513513514
12	38	37.3616666666667	28.2554605263158
11	39	38.3418181818182	30.0377564102564
10	40	39.337	31.73775
9	41	40.26	33.4886585365854
8	42	41.28875	35.2310119047619
7	43	42.2642857142857	36.9792441860465
6	44	43.2733333333333	38.73125
5	45	44.248	40.4087222222222
4	46	45.2475	42.1642391304348
3	47	46.1733333333333	43.9014361702128
2	48	47.27	45.66328125
1	49	48.27	47.3991326530612
0	50	0	49.141
