num_of_always_trembling	num_of_shame_driven_hiding	average_fitness_of_always_trembling	average_fitness_of_shame_driven_hiding
50	0	24.79215	0
49	1	25.4338265306122	7.6525
48	2	26.0047395833333	8.28
47	3	26.2387234042553	9.16083333333333
46	4	26.9930434782609	10.135625
45	5	27.5200555555556	10.884
44	6	27.7929545454545	11.66625
43	7	28.46	12.6864285714286
42	8	28.8436904761905	13.60375
41	9	29.2514634146342	14.4230555555556
40	10	29.863875	15.237
39	11	30.1580769230769	15.9031818181818
38	12	30.5638157894737	16.899375
37	13	31.0929729729729	17.7930769230769
36	14	31.6875	18.6483928571429
35	15	32.1475	19.5461666666667
34	16	32.7016176470588	20.3025
33	17	33.247803030303	21.2655882352941
32	18	33.6875	21.9777777777778
31	19	33.8264516129032	22.8389473684211
30	20	34.3005	23.74125
29	21	34.8423275862069	24.5461904761905
28	22	35.5394642857143	25.4453409090909
27	23	35.9436111111111	26.2203260869565
26	24	36.2969230769231	27.0894791666667
25	25	36.6713	27.9631
24	26	37.3167708333333	28.7325
23	27	37.5967391304348	29.6373148148148
22	28	38.4053409090909	30.4854464285714
21	29	38.8622619047619	31.4006034482759
20	30	39.13625	32.20725
19	31	39.5925	33.0406451612903
18	32	40.1798611111111	33.915234375
17	33	40.5670588235294	34.7325757575758
16	34	40.905625	35.6527205882353
15	35	41.5081666666667	36.5132857142857
14	36	42.1103571428572	37.4147222222222
13	37	42.2930769230769	38.2943243243243
12	38	42.9970833333333	39.0515789473684
11	39	43.5847727272727	39.9927564102564
10	40	43.859	40.808375
9	41	44.3280555555556	41.6543902439024
8	42	44.91875	42.5670833333333
7	43	45.1757142857143	43.4563953488372
6	44	45.68375	44.2506818181818
5	45	46.5435	45.1675
4	46	46.72	46.0360869565217
3	47	47.1908333333333	46.8976063829787
2	48	47.255	47.7352604166667
1	49	48.3425	48.6169387755102
0	50	0	49.5
