num_of_always_cooperate	num_of_always_trembling	average_fitness_of_always_cooperate	average_fitness_of_always_trembling
50	0	50	0
49	1	48.0008163265306	125.3075
48	2	45.8972916666667	123.0475
47	3	43.8559574468085	120.793333333333
46	4	41.8326086956522	118.77625
45	5	39.7168888888889	116.3435
44	6	37.7897727272727	115.2825
43	7	35.7911627906977	113.14
42	8	33.7047619047619	110.415
41	9	31.5807317073171	108.241111111111
40	10	29.5625	106.8915
39	11	27.5297435897436	104.673409090909
38	12	25.5436842105263	102.456458333333
37	13	23.4597297297297	100.671153846154
36	14	21.3947222222222	98.3446428571428
35	15	19.622	96.6175
34	16	17.3326470588235	94.27703125
33	17	15.23	92.272205882353
32	18	13.2946875	90.07375
31	19	11.2377419354839	88.2315789473684
30	20	9.11266666666667	86.035625
29	21	7.19137931034483	84.3334523809524
28	22	5.07214285714286	82.0336363636364
27	23	3.14777777777778	79.9764130434783
26	24	0.886538461538461	78.0888541666667
25	25	-0.9088	76.1191
24	26	-3.17125	73.9792307692308
23	27	-5.15043478260869	71.9343518518519
22	28	-7.26681818181818	69.9361607142857
21	29	-9.24619047619047	67.7887931034483
20	30	-11.2155	65.6289166666667
19	31	-13.3352631578947	63.7426612903226
18	32	-15.5161111111111	61.797421875
17	33	-17.4641176470588	59.8043181818182
16	34	-19.509375	57.7213970588236
15	35	-21.5446666666667	55.7254285714286
14	36	-23.605	53.6690277777778
13	37	-25.65	51.6969594594594
12	38	-27.6325	49.4372368421053
11	39	-29.34	47.6520512820513
10	40	-31.519	45.562
9	41	-33.2855555555556	43.2967073170732
8	42	-36.225	41.5072023809524
7	43	-38.2857142857143	39.3897674418605
6	44	-39.7016666666667	36.9959659090909
5	45	-41.52	35.2619444444444
4	46	-43.9075	33.0397282608696
3	47	-46.1333333333334	30.8625531914894
2	48	-47.75	28.924375
1	49	-51.02	27.1366326530612
0	50	0	24.84235
