num_of_always_defect	num_of_shame_driven_denying	average_fitness_of_always_defect	average_fitness_of_shame_driven_denying
50	0	0	0
49	1	0.98530612244898	-36.1725
48	2	1.96520833333333	-34.41625
47	3	2.95212765957446	-32.7358333333333
46	4	3.93065217391304	-31.028125
45	5	4.92	-29.3395
44	6	5.89977272727273	-27.5658333333333
43	7	6.87767441860466	-25.9460714285714
42	8	7.86333333333334	-24.21
41	9	8.85658536585365	-22.5691666666667
40	10	9.8225	-20.76275
39	11	10.8189743589744	-18.9945454545455
38	12	11.7773684210526	-17.3947916666667
37	13	12.7864864864865	-15.6261538461538
36	14	13.7566666666667	-13.9323214285714
35	15	14.7474285714286	-12.1835
34	16	15.7155882352941	-10.4296875
33	17	16.7042424242424	-8.79264705882353
32	18	17.6890625	-7.15861111111111
31	19	18.6877419354839	-5.42921052631579
30	20	19.6543333333333	-3.68075
29	21	20.6531034482758	-2.00440476190476
28	22	21.6242857142857	-0.262045454545455
27	23	22.61	1.50739130434782
26	24	23.6211538461538	3.19104166666667
25	25	24.5772	4.8316
24	26	25.5675	6.5660576923077
23	27	26.5334782608696	8.33074074074074
22	28	27.5204545454545	10.0185714285714
21	29	28.5095238095238	11.7381034482759
20	30	29.489	13.3981666666667
19	31	30.4778947368421	15.1331451612903
18	32	31.4311111111111	16.847890625
17	33	32.4164705882353	18.5126515151515
16	34	33.425	20.2231617647059
15	35	34.402	21.9312142857143
14	36	35.3564285714286	23.6811805555555
13	37	36.4107692307692	25.3722297297297
12	38	37.3691666666667	27.0104605263158
11	39	38.38	28.7442948717949
10	40	39.367	30.4245
9	41	40.3322222222222	32.2187195121951
8	42	41.30875	33.9058928571428
7	43	42.2971428571428	35.6188372093023
6	44	43.3283333333334	37.3155113636364
5	45	44.186	38.9953333333333
4	46	45.2925	40.7110869565217
3	47	46.2133333333333	42.4210638297872
2	48	47.185	44.1129166666667
1	49	48.01	45.8311734693878
0	50	0	47.55835
