num_of_always_trembling	num_of_guilt_driven_amending	average_fitness_of_always_trembling	average_fitness_of_guilt_driven_amending
50	0	25.0202	0
49	1	25.6099489795918	7.21
48	2	25.8240625	7.92125
47	3	26.4072872340426	8.9275
46	4	26.7838586956522	9.805625
45	5	27.4483333333333	10.6435
44	6	28.1168181818182	11.5233333333333
43	7	28.3253488372093	12.4232142857143
42	8	28.7223214285714	13.421875
41	9	29.2715853658537	14.0344444444444
40	10	29.8355	14.9505
39	11	30.2955128205128	15.9513636363636
38	12	30.7233552631579	16.7685416666667
37	13	31.4794594594595	17.6575
36	14	31.6097916666667	18.505
35	15	32.1122142857143	19.2898333333333
34	16	32.7431617647059	20.23125
33	17	32.9709848484848	21.0397058823529
32	18	33.69859375	21.9083333333333
31	19	34.3832258064516	22.6055263157895
30	20	34.60325	23.50475
29	21	35.0875862068966	24.3929761904762
28	22	35.6320535714286	25.2015909090909
27	23	36.2103703703704	26.2153260869565
26	24	36.3681730769231	27.0263541666667
25	25	37.2394	27.734
24	26	37.4063541666667	28.6623076923077
23	27	37.9529347826087	29.4718518518518
22	28	38.6127272727273	30.4065178571429
21	29	39.0255952380952	31.2296551724138
20	30	39.34875	32.0703333333333
19	31	39.9332894736842	32.9135483870968
18	32	40.3713888888889	33.847109375
17	33	41.0958823529412	34.6766666666667
16	34	41.2778125	35.4496323529412
15	35	41.6065	36.3852857142857
14	36	42.3364285714286	37.2899305555556
13	37	42.6867307692308	38.0313513513513
12	38	43.3577083333333	38.863947368421
11	39	43.4829545454545	39.7655769230769
10	40	44.3895	40.56025
9	41	44.6116666666667	41.4807926829268
8	42	45.0990625	42.3460119047619
7	43	45.7932142857143	43.1617441860465
6	44	46.2704166666667	43.9997727272727
5	45	46.4535	44.8905555555556
4	46	47.26375	45.7385869565217
3	47	47.57	46.5994680851064
2	48	47.79375	47.4326041666667
1	49	48.13	48.2845918367347
0	50	0	49.1344
