num_of_always_defect	num_of_TFT_with_trembling_hand	average_fitness_of_always_defect	average_fitness_of_TFT_with_trembling_hand
50	0	0	0
49	1	0.982040816326531	-36.0675
48	2	1.96729166666667	-34.435
47	3	2.95170212765957	-32.775
46	4	3.93217391304348	-30.9725
45	5	4.90888888888889	-29.2615
44	6	5.88795454545455	-27.5454166666667
43	7	6.87813953488373	-25.8514285714286
42	8	7.87523809523811	-24.0675
41	9	8.83585365853659	-22.2275
40	10	9.8125	-20.5405
39	11	10.8102564102564	-18.8118181818182
38	12	11.7978947368421	-17.1735416666667
37	13	12.7778378378378	-15.42
36	14	13.7502777777778	-13.7117857142857
35	15	14.7637142857143	-11.9511666666667
34	16	15.7385294117647	-10.20265625
33	17	16.7069696969697	-8.39544117647059
32	18	17.72125	-6.8
31	19	18.6748387096774	-5.00184210526316
30	20	19.6596666666667	-3.266375
29	21	20.6513793103448	-1.57142857142857
28	22	21.6371428571429	0.161136363636364
27	23	22.5914814814815	1.86673913043478
26	24	23.6	3.69270833333333
25	25	24.5652	5.3481
24	26	25.5870833333333	7.06115384615384
23	27	26.5291304347826	8.68398148148148
22	28	27.5281818181818	10.5288392857143
21	29	28.54	12.2518965517241
20	30	29.5115	13.9465
19	31	30.4894736842105	15.7099193548387
18	32	31.4783333333333	17.398828125
17	33	32.4623529411765	19.1690909090909
16	34	33.411875	20.8466911764706
15	35	34.4046666666667	22.6412142857143
14	36	35.4028571428571	24.3724305555556
13	37	36.3892307692308	26.0588513513514
12	38	37.3775	27.7420394736842
11	39	38.3527272727273	29.5036538461538
10	40	39.33	31.2218125
9	41	40.2877777777778	32.9995731707317
8	42	41.22875	34.7158333333333
7	43	42.3157142857143	36.4438953488372
6	44	43.23	38.1513068181818
5	45	44.196	39.8992222222222
4	46	45.2175	41.6136413043478
3	47	46.2	43.3121808510638
2	48	47.185	45.069375
1	49	48.26	46.795306122449
0	50	0	48.52415
