num_of_always_trembling	num_of_shame_driven_denying	average_fitness_of_always_trembling	average_fitness_of_shame_driven_denying
50	0	24.96385	0
49	1	25.6167346938775	8.07
48	2	25.9613020833333	9.59875
47	3	26.4277127659574	10.5008333333333
46	4	26.8749456521739	10.79625
45	5	27.2794444444444	11.262
44	6	27.5307386363636	11.89875
43	7	28.0438953488372	12.8646428571429
42	8	28.7979761904762	13.93125
41	9	29.1332926829269	14.6116666666667
40	10	29.3903125	15.456
39	11	29.8990384615384	16.2943181818182
38	12	30.6019736842105	16.8525
37	13	30.7938513513513	17.5909615384615
36	14	31.3309722222222	18.7319642857143
35	15	31.8932142857143	19.3595
34	16	32.4400735294118	20.22015625
33	17	32.5223484848485	20.8394117647059
32	18	33.15	21.7823611111111
31	19	33.7499193548387	22.6090789473684
30	20	34.1645833333333	23.50475
29	21	34.7494827586207	24.3077380952381
28	22	34.9458035714286	25.0320454545455
27	23	35.5250925925926	25.8814130434783
26	24	35.9438461538462	26.8042708333333
25	25	36.1133	27.5297
24	26	36.6946875	28.1778846153846
23	27	37.4992391304348	28.914537037037
22	28	37.9489772727273	29.8716071428571
21	29	38.1413095238095	30.6747413793103
20	30	38.889625	31.4715
19	31	39.1368421052632	32.2789516129032
18	32	39.7484722222222	33.06234375
17	33	40.0717647058824	33.9172727272727
16	34	40.65515625	34.7165441176471
15	35	40.8453333333333	35.5001428571429
14	36	41.5189285714286	36.2979166666667
13	37	41.9569230769231	37.0547972972973
12	38	42.23625	37.8621710526316
11	39	42.8831818181818	38.6833333333333
10	40	43.2635	39.561125
9	41	43.5786111111111	40.2898170731707
8	42	43.9675	41.0830952380952
7	43	44.8182142857143	41.9277325581395
6	44	45.1816666666667	42.7314772727273
5	45	45.4905	43.5085555555555
4	46	46.206875	44.3384782608696
3	47	46.6	45.138829787234
2	48	46.65625	45.9261458333333
1	49	47.3175	46.7443877551021
0	50	0	47.54815
