num_of_always_defect	num_of_tit_for_tat	average_fitness_of_always_defect	average_fitness_of_tit_for_tat
50	0	0	0
49	1	0.984489795918367	-36.09
48	2	1.96791666666667	-34.46125
47	3	2.95042553191489	-32.605
46	4	3.93652173913043	-30.76625
45	5	4.92044444444445	-29.1405
44	6	5.89272727272727	-27.35
43	7	6.88651162790698	-25.6175
42	8	7.8704761904762	-23.7334375
41	9	8.85512195121951	-22.1072222222222
40	10	9.837	-20.266
39	11	10.8292307692308	-18.5597727272727
38	12	11.8186842105263	-16.805
37	13	12.7967567567568	-15.0069230769231
36	14	13.775	-13.2023214285714
35	15	14.7657142857143	-11.5183333333333
34	16	15.7355882352941	-9.6765625
33	17	16.7366666666667	-8.0060294117647
32	18	17.7	-6.24791666666666
31	19	18.7070967741935	-4.51789473684211
30	20	19.685	-2.742125
29	21	20.6393103448276	-0.984523809523809
28	22	21.6582142857143	0.826363636363636
27	23	22.6222222222222	2.53989130434783
26	24	23.6119230769231	4.24041666666667
25	25	24.5964	6.0491
24	26	25.5975	7.85413461538461
23	27	26.5326086956522	9.54527777777778
22	28	27.5595454545455	11.2874107142857
21	29	28.5366666666667	13.1233620689655
20	30	29.5195	14.8085
19	31	30.521052631579	16.6213709677419
18	32	31.4611111111111	18.34421875
17	33	32.4558823529412	20.0865909090909
16	34	33.475	21.9197794117647
15	35	34.4293333333333	23.5664285714286
14	36	35.4214285714286	25.3486111111111
13	37	36.3846153846154	27.1354054054054
12	38	37.4033333333333	28.8988815789474
11	39	38.3163636363637	30.6527564102564
10	40	39.357	32.4035625
9	41	40.3444444444444	34.1731097560976
8	42	41.34125	35.92375
7	43	42.2642857142857	37.7073837209302
6	44	43.235	39.4746590909091
5	45	44.246	41.2528888888889
4	46	45.2425	42.9613043478261
3	47	46.16	44.7417021276596
2	48	47.14	46.4759895833333
1	49	48.16	48.2425
0	50	0	50
