num_of_always_trembling	num_of_tit_for_tat	average_fitness_of_always_trembling	average_fitness_of_tit_for_tat
50	0	25.07925	0
49	1	25.4704591836735	6.8225
48	2	25.9310416666667	7.5325
47	3	26.5210106382979	8.20416666666666
46	4	27.0339673913043	9.640625
45	5	27.5147222222222	10.2845
44	6	28.0379545454545	11.5083333333333
43	7	28.3261627906977	12.4528571428571
42	8	28.911130952381	12.8996875
41	9	29.6367073170732	14.0769444444444
40	10	29.7526875	14.677
39	11	30.398717948718	15.4245454545455
38	12	30.8792105263158	16.42875
37	13	31.5239189189189	17.4769230769231
36	14	32.0890972222222	18.2825
35	15	32.3047142857143	19.2178333333333
34	16	33.1230147058824	20.085
33	17	33.2513636363636	21.0960294117647
32	18	33.742890625	21.7913888888889
31	19	34.3704838709677	22.7577631578947
30	20	34.8208333333333	23.706375
29	21	35.3885344827586	24.6329761904762
28	22	35.9485714285714	25.4352272727273
27	23	36.3438888888889	26.1480434782609
26	24	36.8551923076923	27.1495833333333
25	25	37.3349	28.0692
24	26	37.7919791666667	28.8971153846154
23	27	38.2466304347826	29.7280555555556
22	28	38.8504545454545	30.6424107142857
21	29	39.2514285714286	31.4995689655173
20	30	39.649625	32.38975
19	31	40.1656578947368	33.3127419354839
18	32	40.6115277777778	34.167890625
17	33	41.2708823529412	35.0050757575758
16	34	41.5678125	35.8814705882353
15	35	42.3	36.8513571428571
14	36	42.8403571428572	37.7072222222222
13	37	43.3875	38.6176351351351
12	38	43.72	39.4753289473684
11	39	44.1604545454545	40.3235256410256
10	40	44.69675	41.1740625
9	41	45.3038888888889	42.0637195121951
8	42	45.39125	42.9616071428571
7	43	46.2478571428572	43.8270348837209
6	44	46.7429166666667	44.6969886363636
5	45	47.2865	45.6098333333333
4	46	47.950625	46.4859782608696
3	47	48.4808333333333	47.3320212765957
2	48	48.5725	48.25328125
1	49	48.5725	49.1288775510204
0	50	0	50
