num_of_always_defect	num_of_always_trembling	average_fitness_of_always_defect	average_fitness_of_always_trembling
50	0	0	0
49	1	2.0469387755102	-75.3525
48	2	4.07375	-72.835
47	3	6.16255319148936	-70.4425
46	4	8.16130434782609	-68.883125
45	5	10.2137777777778	-67.206
44	6	12.3047727272727	-64.8566666666667
43	7	14.2306976744186	-62.4467857142857
42	8	16.3664285714286	-60.6190625
41	9	18.3480487804878	-58.9005555555555
40	10	20.31825	-56.34
39	11	22.4735897435897	-54.7329545454545
38	12	24.4523684210526	-52.7745833333333
37	13	26.547027027027	-50.7694230769231
36	14	28.5355555555556	-48.1769642857143
35	15	30.5365714285714	-46.5665
34	16	32.5814705882353	-44.78953125
33	17	34.9563636363636	-42.1744117647059
32	18	36.8425	-40.32375
31	19	38.5738709677419	-38.313552631579
30	20	40.7686666666667	-36.15625
29	21	42.6393103448276	-33.9592857142857
28	22	44.8985714285714	-32.1817045454546
27	23	46.8225925925926	-30.1547826086957
26	24	48.8130769230769	-27.9014583333333
25	25	51.2164	-25.9106
24	26	53.0395833333333	-24.0444230769231
23	27	55.1404347826087	-22.2662962962963
22	28	57.1922727272727	-19.700625
21	29	59.3985714285714	-18.1430172413793
20	30	61.096	-15.68875
19	31	63.228947368421	-13.9170967741935
18	32	65.0627777777778	-11.763984375
17	33	67.7605882352941	-9.55878787878788
16	34	69.35375	-7.55205882352941
15	35	71.7246666666667	-5.67
14	36	73.5014285714286	-3.76215277777778
13	37	75.5376923076923	-1.42317567567568
12	38	77.6058333333333	0.709078947368421
11	39	79.5727272727273	2.52685897435897
10	40	81.31	4.658375
9	41	83.9	6.35993902439024
8	42	85.79125	8.55797619047619
7	43	87.7085714285714	10.7708139534884
6	44	90.1466666666667	12.7200568181818
5	45	91.938	14.8329444444444
4	46	93.5375	16.7753804347826
3	47	96.5966666666667	18.9956914893617
2	48	98.32	20.9073958333333
1	49	98.95	22.9037244897959
0	50	0	25.0426
