num_of_always_cooperate	num_of_Pavlov	average_fitness_of_always_cooperate	average_fitness_of_Pavlov
50	0	50	0
49	1	49.8785714285714	102.785
48	2	49.7522916666667	101.3
47	3	49.6306382978723	99.1108333333333
46	4	49.5230434782609	97.508125
45	5	49.3931111111111	96.915
44	6	49.26	93.1929166666667
43	7	49.1386046511628	92.64
42	8	49.0292857142857	92.485
41	9	48.9092682926829	91.1480555555556
40	10	48.773	89.5065
39	11	48.6976923076923	89.5156818181819
38	12	48.5423684210526	88.4716666666667
37	13	48.3927027027027	88.435
36	14	48.2952777777778	87.3569642857143
35	15	48.2228571428571	86.3848333333334
34	16	48.1014705882353	86.0875
33	17	47.9663636363636	84.8783823529412
32	18	47.785	85.0848611111111
31	19	47.7777419354838	83.7005263157895
30	20	47.5486666666667	82.86325
29	21	47.3558620689655	82.2582142857143
28	22	47.3078571428572	81.1607954545455
27	23	47.2244444444444	80.7030434782609
26	24	47.1111538461538	79.4920833333333
25	25	46.9656	78.5578
24	26	46.83625	77.67
23	27	46.7734782608696	76.4759259259259
22	28	46.6940909090909	75.6204464285714
21	29	46.4219047619048	75.0124137931034
20	30	46.3305	73.7888333333334
19	31	46.3784210526316	72.9577419354839
18	32	46.0994444444445	72.081484375
17	33	46.1417647058824	70.959696969697
16	34	45.901875	69.9151470588235
15	35	45.776	68.8255714285714
14	36	45.6121428571429	67.7090277777778
13	37	45.4646153846154	66.6745945945946
12	38	45.3025	65.707697368421
11	39	45.2409090909091	64.6257692307693
10	40	45.16	63.494125
9	41	45.0144444444444	62.3835975609756
8	42	44.9025	61.3230952380952
7	43	44.7428571428572	60.2645930232558
6	44	44.8316666666667	59.0567045454545
5	45	44.514	57.8935555555556
4	46	44.7	56.8248369565217
3	47	44.34	55.6511170212766
2	48	44.145	54.4522916666667
1	49	43.71	53.3322959183673
0	50	0	52.21655
