num_of_always_defect	num_of_shame_driven_hiding	average_fitness_of_always_defect	average_fitness_of_shame_driven_hiding
50	0	0	0
49	1	0.984285714285715	-36.0825
48	2	1.96354166666667	-34.4725
47	3	2.95063829787234	-32.7683333333333
46	4	3.93173913043478	-31.000625
45	5	4.90622222222222	-29.375
44	6	5.89886363636364	-27.5120833333333
43	7	6.89139534883722	-25.8907142857143
42	8	7.8604761904762	-24.22375
41	9	8.84585365853659	-22.3652777777778
40	10	9.82525	-20.64675
39	11	10.8097435897436	-18.9822727272727
38	12	11.7923684210526	-17.248125
37	13	12.7786486486486	-15.6211538461539
36	14	13.7597222222222	-13.7939285714286
35	15	14.736	-12.0696666666667
34	16	15.7229411764706	-10.3815625
33	17	16.7224242424242	-8.62352941176471
32	18	17.709375	-6.83055555555555
31	19	18.6738709677419	-5.07684210526316
30	20	19.669	-3.42125
29	21	20.6496551724138	-1.73428571428571
28	22	21.6192857142857	-0.00102272727272726
27	23	22.6133333333333	1.84554347826087
26	24	23.6096153846154	3.54364583333333
25	25	24.5744	5.2471
24	26	25.5745833333333	7.06980769230769
23	27	26.5286956521739	8.73861111111111
22	28	27.5254545454546	10.5283928571429
21	29	28.4995238095238	12.2712931034483
20	30	29.496	14.0741666666667
19	31	30.4863157894737	15.7564516129032
18	32	31.4266666666667	17.562890625
17	33	32.4505882352941	19.3296212121212
16	34	33.424375	21.0302205882353
15	35	34.4173333333333	22.8672857142857
14	36	35.44	24.5664583333333
13	37	36.3653846153846	26.3347297297297
12	38	37.37	28.0834868421053
11	39	38.3172727272727	29.9177564102564
10	40	39.317	31.5989375
9	41	40.3288888888889	33.4445731707317
8	42	41.27625	35.1891071428571
7	43	42.2557142857143	36.9912790697674
6	44	43.3266666666667	38.7890340909091
5	45	44.298	40.5497222222222
4	46	45.2375	42.3188043478261
3	47	46.29	44.1342553191489
2	48	47.215	45.9250520833333
1	49	48.31	47.7033673469388
0	50	0	49.5
