num_of_guilt_driven_amending	num_of_Pavlov	average_fitness_of_guilt_driven_amending	average_fitness_of_Pavlov
50	0	49.1204	0
49	1	49.0988775510204	52.34
48	2	49.0416666666667	51.6125
47	3	48.9726595744681	52.1966666666666
46	4	48.9053260869565	52.451875
45	5	48.8767222222222	52.2945
44	6	48.8260227272728	52.5279166666666
43	7	48.8019186046512	52.5135714285715
42	8	48.7553571428572	52.1109375
41	9	48.6915243902439	52.5833333333333
40	10	48.61875	52.2295
39	11	48.6192948717949	52.3988636363636
38	12	48.5258552631579	52.593125
37	13	48.5108783783784	52.3044230769231
36	14	48.4297916666667	52.59375
35	15	48.3984285714286	52.504
34	16	48.3416176470588	52.51171875
33	17	48.279696969697	52.4558823529412
32	18	48.24765625	52.4877777777778
31	19	48.1807258064516	52.3421052631579
30	20	48.1573333333333	52.306875
29	21	48.1155172413793	52.44
28	22	48.0390178571429	52.6175
27	23	47.9723148148148	52.2769565217392
26	24	47.9323076923077	52.4721875
25	25	47.8811	52.484
24	26	47.8422916666667	52.4808653846154
23	27	47.7978260869565	52.3798148148148
22	28	47.72	52.4689285714286
21	29	47.6086904761905	52.4313793103448
20	30	47.660125	52.3366666666667
19	31	47.6038157894737	52.508064516129
18	32	47.5113888888889	52.217890625
17	33	47.4920588235294	52.5356818181818
16	34	47.381875	52.5099264705883
15	35	47.3571666666667	52.3105
14	36	47.2973214285714	52.3496527777778
13	37	47.225	52.4616216216216
12	38	47.22375	52.3976973684211
11	39	47.2104545454546	52.4208974358974
10	40	47.12125	52.4335625
9	41	47.0708333333333	52.4159146341463
8	42	47.056875	52.2981547619048
7	43	46.9278571428571	52.3233720930232
6	44	46.91125	52.2957954545455
5	45	46.932	52.1808333333333
4	46	46.934375	52.1915217391304
3	47	46.8116666666667	52.2926063829787
2	48	46.59125	52.2992708333333
1	49	46.54	52.1901530612245
0	50	0	52.14785
