num_of_shame_driven_hiding	num_of_guilt_driven_amending	average_fitness_of_shame_driven_hiding	average_fitness_of_guilt_driven_amending
50	0	49.5	0
49	1	49.522193877551	47.9925
48	2	49.5466145833333	47.99625
47	3	49.5715425531915	48.07
46	4	49.5979891304348	48.0825
45	5	49.6181666666666	48.0875
44	6	49.6366477272727	48.1470833333333
43	7	49.6601744186046	48.1217857142857
42	8	49.683630952381	48.1353125
41	9	49.7198780487805	48.1972222222222
40	10	49.7263125	48.21375
39	11	49.7514102564102	48.2154545454545
38	12	49.7846710526316	48.2466666666667
37	13	49.8025	48.28
36	14	49.8229861111111	48.2735714285714
35	15	49.853	48.3331666666667
34	16	49.8882352941177	48.3628125
33	17	49.8974242424242	48.3876470588235
32	18	49.922578125	48.4134722222222
31	19	49.9363709677419	48.4038157894737
30	20	49.9781666666667	48.461375
29	21	49.980775862069	48.4589285714286
28	22	49.9983035714286	48.5097727272727
27	23	50.0276851851852	48.493152173913
26	24	50.0626923076923	48.536875
25	25	50.0866	48.5556
24	26	50.1046875	48.5721153846154
23	27	50.1382608695652	48.6325925925926
22	28	50.1219318181818	48.6358928571429
21	29	50.1654761904762	48.6720689655172
20	30	50.1855	48.6701666666667
19	31	50.2027631578947	48.7163709677419
18	32	50.2526388888889	48.724296875
17	33	50.2626470588235	48.722803030303
16	34	50.265	48.7619117647059
15	35	50.292	48.7923571428572
14	36	50.3205357142857	48.8163888888889
13	37	50.3578846153846	48.8490540540541
12	38	50.368125	48.8192105263158
11	39	50.395	48.8746794871795
10	40	50.4265	48.9158125
9	41	50.4516666666667	48.9323780487805
8	42	50.448125	48.9342857142857
7	43	50.4989285714286	48.9722674418605
6	44	50.4995833333333	48.9858522727273
5	45	50.5335	49.0154444444444
4	46	50.565	49.0373369565217
3	47	50.5708333333333	49.0821276595745
2	48	50.66375	49.0705729166666
1	49	50.6625	49.0909693877551
0	50	0	49.1368
