num_of_shame_driven_denying	num_of_Pavlov	average_fitness_of_shame_driven_denying	average_fitness_of_Pavlov
50	0	47.55735	0
49	1	47.5909183673469	49.9675
48	2	47.6546354166667	50.22
47	3	47.6837765957447	50.5408333333333
46	4	47.7367391304348	50.449375
45	5	47.7684444444444	50.5965
44	6	47.8331818181818	50.6516666666667
43	7	47.8904651162791	50.4364285714286
42	8	47.9239880952381	50.5434375
41	9	47.9640853658537	50.8880555555556
40	10	47.9980625	50.7215
39	11	48.044358974359	51.055
38	12	48.098947368421	51.2775
37	13	48.1172297297297	51.1367307692308
36	14	48.1631944444444	50.8107142857143
35	15	48.2365714285714	50.9908333333333
34	16	48.2736764705882	51.10671875
33	17	48.3381818181818	50.8689705882353
32	18	48.395546875	51.0530555555556
31	19	48.4095161290323	51.3509210526316
30	20	48.4574166666667	51.425625
29	21	48.5145689655172	51.3180952380952
28	22	48.5599107142857	51.3604545454545
27	23	48.6104629629629	51.4310869565217
26	24	48.6515384615385	51.43875
25	25	48.724	51.5878
24	26	48.7521875	51.4445192307692
23	27	48.7701086956522	51.5588888888889
22	28	48.7817045454546	51.608125
21	29	48.8634523809524	51.7929310344828
20	30	48.96225	51.7545
19	31	48.9344736842105	51.6315322580645
18	32	49.0368055555556	51.747734375
17	33	49.0580882352941	51.6751515151515
16	34	49.11203125	51.7719117647059
15	35	49.1031666666667	51.6602857142857
14	36	49.2023214285714	51.7635416666667
13	37	49.2567307692308	51.7689189189189
12	38	49.3433333333333	51.8434210526316
11	39	49.3788636363636	51.8197435897436
10	40	49.344	51.975375
9	41	49.4019444444444	52.0273170731707
8	42	49.5196875	52.0086904761905
7	43	49.4321428571429	52.108488372093
6	44	49.59375	52.1925
5	45	49.619	51.9861111111111
4	46	49.605625	52.08125
3	47	49.6983333333333	52.1291489361702
2	48	49.78	52.0447395833333
1	49	49.675	52.1808163265306
0	50	0	52.21505
