num_of_shame_driven_hiding	num_of_Pavlov	average_fitness_of_shame_driven_hiding	average_fitness_of_Pavlov
50	0	49.5	0
49	1	49.4948469387755	50.935
48	2	49.4897916666667	51.39625
47	3	49.4792553191489	51.7066666666667
46	4	49.4724456521739	51.478125
45	5	49.4676666666667	51.7925
44	6	49.4582954545454	51.38625
43	7	49.4548255813954	51.81
42	8	49.4432142857143	51.638125
41	9	49.4298780487805	51.8936111111111
40	10	49.4283125	51.82925
39	11	49.4234615384615	51.8136363636364
38	12	49.4235526315789	51.9070833333333
37	13	49.4154054054054	51.8465384615385
36	14	49.4067361111111	51.7439285714286
35	15	49.4027142857143	52.0811666666667
34	16	49.3725735294118	51.75359375
33	17	49.3813636363636	51.87
32	18	49.3721875	51.9434722222222
31	19	49.3692741935484	51.8069736842105
30	20	49.3698333333333	51.999
29	21	49.368275862069	52.2554761904762
28	22	49.36375	52.1659090909091
27	23	49.3326851851852	52.0510869565218
26	24	49.3350961538461	52.0544791666667
25	25	49.3475	52.1336
24	26	49.3354166666667	52.1151923076923
23	27	49.3259782608696	52.1227777777778
22	28	49.3329545454545	52.1275892857143
21	29	49.3014285714286	52.1741379310345
20	30	49.305125	52.1236666666667
19	31	49.2707894736842	52.2086290322581
18	32	49.2876388888889	52.151640625
17	33	49.2994117647059	52.049696969697
16	34	49.28296875	52.1091176470588
15	35	49.2693333333333	52.1178571428572
14	36	49.2342857142857	52.0364583333333
13	37	49.2607692307692	52.2135135135135
12	38	49.24	52.2863157894737
11	39	49.2420454545455	52.3564743589744
10	40	49.24775	52.2984375
9	41	49.2208333333333	52.2337195121951
8	42	49.2240625	52.2629761904762
7	43	49.2439285714285	52.2188953488372
6	44	49.27375	52.2136931818182
5	45	49.206	52.2394444444445
4	46	49.171875	52.3095108695652
3	47	49.1833333333333	52.1588829787234
2	48	49.2525	52.1419791666667
1	49	49.0875	52.0709693877551
0	50	0	52.20495
