num_of_shame_driven_hiding	num_of_shame_driven_denying	average_fitness_of_shame_driven_hiding	average_fitness_of_shame_driven_denying
50	0	49.5	0
49	1	49.4747448979592	48.4425
48	2	49.4613541666667	48.49
47	3	49.4352659574468	48.4225
46	4	49.4186413043478	48.481875
45	5	49.3913333333333	48.4925
44	6	49.3697727272727	48.41375
43	7	49.3521511627907	48.3375
42	8	49.3192857142857	48.345
41	9	49.3081097560975	48.37
40	10	49.2978125	48.35525
39	11	49.2539102564102	48.2740909090909
38	12	49.2461842105263	48.2597916666667
37	13	49.2264189189189	48.2703846153846
36	14	49.1902777777778	48.2169642857143
35	15	49.1662857142857	48.1988333333333
34	16	49.1620588235294	48.18375
33	17	49.1396212121212	48.2204411764706
32	18	49.115234375	48.1326388888889
31	19	49.1047580645161	48.1260526315789
30	20	49.0730833333333	48.104
29	21	49.0460344827586	48.1539285714286
28	22	49.0078571428571	48.10125
27	23	49.0113888888889	48.0676086956522
26	24	48.9763461538461	48.0352083333334
25	25	48.9676	48.0447
24	26	48.9540625	48.0046153846154
23	27	48.9077173913043	47.9212962962963
22	28	48.8817045454545	47.9807142857143
21	29	48.9039285714286	47.9453448275862
20	30	48.837875	47.9585
19	31	48.8101315789474	47.9141935483871
18	32	48.8154166666667	47.895546875
17	33	48.82	47.8784848484848
16	34	48.7734375	47.8861029411765
15	35	48.7738333333333	47.8270714285714
14	36	48.755	47.8027083333333
13	37	48.7096153846154	47.7859459459459
12	38	48.6804166666667	47.757302631579
11	39	48.6890909090909	47.7728846153846
10	40	48.6295	47.72375
9	41	48.625	47.707256097561
8	42	48.6784375	47.6871428571429
7	43	48.6060714285714	47.69
6	44	48.5875	47.6710227272727
5	45	48.5845	47.6317222222222
4	46	48.546875	47.6119021739131
3	47	48.4358333333333	47.6141489361702
2	48	48.50125	47.5734375
1	49	48.465	47.5401530612245
0	50	0	47.5293
