num_of_shame_driven_denying	num_of_guilt_driven_amending	average_fitness_of_shame_driven_denying	average_fitness_of_guilt_driven_amending
50	0	47.5653	0
49	1	47.5762244897959	46.99
48	2	47.6228645833333	47.085
47	3	47.6754255319149	47.0608333333333
46	4	47.73875	47.144375
45	5	47.7737777777778	47.1745
44	6	47.8113636363637	47.2429166666667
43	7	47.8531395348838	47.2342857142857
42	8	47.8582738095238	47.3353125
41	9	47.9225	47.3511111111111
40	10	47.973625	47.43975
39	11	48.0099358974359	47.465
38	12	48.0745394736842	47.4904166666667
37	13	48.1114864864865	47.5807692307692
36	14	48.1511111111111	47.5541071428571
35	15	48.1907857142857	47.648
34	16	48.2372794117647	47.68796875
33	17	48.3003787878788	47.6626470588236
32	18	48.33421875	47.7643055555556
31	19	48.3575	47.8214473684211
30	20	48.4316666666667	47.841875
29	21	48.4374137931034	47.8861904761905
28	22	48.4258928571429	47.9005681818182
27	23	48.5241666666667	47.9486956521739
26	24	48.5685576923077	48.0053125
25	25	48.6001	48.0808
24	26	48.6810416666667	48.1293269230769
23	27	48.6979347826087	48.1471296296296
22	28	48.7415909090909	48.1751785714286
21	29	48.7534523809524	48.2418103448276
20	30	48.802625	48.2584166666667
19	31	48.9015789473684	48.2960483870968
18	32	48.9233333333333	48.35859375
17	33	48.9233823529412	48.3993939393939
16	34	48.975	48.4458823529412
15	35	49.0215	48.4747142857143
14	36	49.0721428571428	48.565
13	37	49.0965384615385	48.5808108108108
12	38	49.2122916666667	48.5919736842105
11	39	49.225	48.6839743589744
10	40	49.2605	48.7235
9	41	49.2852777777778	48.7521341463415
8	42	49.358125	48.7991071428572
7	43	49.3571428571429	48.8329069767442
6	44	49.4458333333334	48.8773295454546
5	45	49.5255	48.9123333333333
4	46	49.4925	48.9773369565217
3	47	49.5725	49.008829787234
2	48	49.5275	49.04140625
1	49	49.6825	49.0704081632653
0	50	0	49.13435
