num_of_TFT_with_trembling_hand	num_of_guilt_driven_amending	average_fitness_of_TFT_with_trembling_hand	average_fitness_of_guilt_driven_amending
50	0	48.5022	0
49	1	48.5381122448979	48.4325
48	2	48.5493229166667	48.2625
47	3	48.5922872340426	48.3475
46	4	48.6036956521739	48.37
45	5	48.6116666666667	48.3325
44	6	48.6235227272727	48.3091666666667
43	7	48.6720348837209	48.4360714285714
42	8	48.6479166666667	48.4340625
41	9	48.6985365853659	48.3855555555556
40	10	48.696875	48.459
39	11	48.7027564102564	48.4752272727273
38	12	48.7255921052632	48.4729166666666
37	13	48.7329054054054	48.4786538461538
36	14	48.7548611111111	48.4907142857143
35	15	48.8067142857143	48.5711666666667
34	16	48.8076470588235	48.5334375
33	17	48.7971212121212	48.5308823529412
32	18	48.817578125	48.5838888888889
31	19	48.8654838709678	48.5853947368421
30	20	48.8756666666667	48.63125
29	21	48.9280172413793	48.6475
28	22	48.8967857142857	48.6059090909091
27	23	48.9140740740741	48.6682608695652
26	24	48.9211538461538	48.6634375
25	25	48.9472	48.6686
24	26	48.964375	48.7293269230769
23	27	49.001847826087	48.7301851851852
22	28	49.0190909090909	48.7498214285714
21	29	49.0165476190476	48.7712068965517
20	30	49.090625	48.7846666666667
19	31	49.0393421052632	48.7972580645161
18	32	49.0747222222222	48.806640625
17	33	49.1079411764706	48.8600757575757
16	34	49.090625	48.8486764705882
15	35	49.1241666666666	48.8947857142857
14	36	49.1835714285714	48.8738888888889
13	37	49.1640384615384	48.8969594594595
12	38	49.2039583333333	48.9119078947368
11	39	49.1836363636364	48.9305769230769
10	40	49.26375	48.965625
9	41	49.2219444444444	48.9817682926829
8	42	49.225	49.0080952380953
7	43	49.2503571428571	49.0363372093023
6	44	49.28625	49.0186363636364
5	45	49.286	49.0567777777777
4	46	49.3025	49.0872282608696
3	47	49.4333333333333	49.0837765957447
2	48	49.3625	49.1014583333333
1	49	49.5275	49.099387755102
0	50	0	49.1366
