num_of_TFT_with_trembling_hand	num_of_shame_driven_denying	average_fitness_of_TFT_with_trembling_hand	average_fitness_of_shame_driven_denying
50	0	48.5442	0
49	1	48.4851020408163	48.68
48	2	48.4692708333333	48.6925
47	3	48.4595212765958	48.6675
46	4	48.4365760869565	48.601875
45	5	48.4222777777778	48.682
44	6	48.3713068181818	48.6341666666667
43	7	48.3568023255814	48.6435714285714
42	8	48.3327380952381	48.5478125
41	9	48.2886585365854	48.5458333333333
40	10	48.273375	48.558
39	11	48.25	48.5415909090909
38	12	48.2170394736842	48.479375
37	13	48.1573648648649	48.4992307692308
36	14	48.1809722222222	48.4630357142857
35	15	48.1495714285714	48.4068333333333
34	16	48.1183823529412	48.40046875
33	17	48.121893939394	48.3570588235294
32	18	48.04390625	48.3823611111111
31	19	48.0379838709678	48.3526315789474
30	20	47.9955	48.288
29	21	47.9796551724138	48.2853571428571
28	22	47.96375	48.2802272727273
27	23	47.9341666666667	48.2203260869565
26	24	47.9079807692308	48.2071875
25	25	47.8892	48.1837
24	26	47.8690625	48.1325
23	27	47.8554347826087	48.1330555555556
22	28	47.83125	48.1125
21	29	47.7796428571429	48.0569827586207
20	30	47.788375	48.0291666666667
19	31	47.686052631579	48.0211290322581
18	32	47.6836111111111	47.994765625
17	33	47.7047058823529	48.0098484848485
16	34	47.70203125	47.9520588235294
15	35	47.6225	47.93
14	36	47.6016071428572	47.9061805555555
13	37	47.5776923076924	47.8662162162162
12	38	47.5285416666667	47.8441447368421
11	39	47.6111363636364	47.8280128205128
10	40	47.5315	47.7875
9	41	47.5330555555555	47.7738414634146
8	42	47.51375	47.7349404761905
7	43	47.5025	47.7307558139535
6	44	47.4220833333333	47.6917613636364
5	45	47.401	47.6738888888889
4	46	47.361875	47.6402173913043
3	47	47.2425	47.628670212766
2	48	47.26	47.5894791666667
1	49	47.325	47.5751530612245
0	50	0	47.51645
