num_of_TFT_with_trembling_hand	num_of_Pavlov	average_fitness_of_TFT_with_trembling_hand	average_fitness_of_Pavlov
50	0	48.5554	0
49	1	48.5177040816327	52.8475
48	2	48.4744791666667	52.29125
47	3	48.4439361702128	51.995
46	4	48.4570652173913	52.336875
45	5	48.4347777777778	51.831
44	6	48.4050568181818	51.81875
43	7	48.4002325581396	52.1775
42	8	48.3779761904762	51.9440625
41	9	48.3723170731707	52.4177777777778
40	10	48.3513125	51.868
39	11	48.3286538461538	52.26
38	12	48.3336184210526	52.1654166666667
37	13	48.2688513513514	52.2232692307692
36	14	48.3010416666666	52.1416071428571
35	15	48.2607142857143	52.2071666666667
34	16	48.2057352941177	52.453125
33	17	48.2196212121212	52.0652941176471
32	18	48.195390625	52.23
31	19	48.1917741935484	52.0886842105263
30	20	48.1586666666667	52.331625
29	21	48.1381034482759	52.2079761904762
28	22	48.1226785714286	52.0677272727273
27	23	48.1287037037037	52.1144565217391
26	24	48.0826923076923	52.4020833333333
25	25	48.0525	52.408
24	26	48.0135416666667	52.3075
23	27	48.0142391304348	52.4928703703704
22	28	48.0294318181818	52.3142857142857
21	29	47.9915476190476	52.3116379310345
20	30	47.9605	52.22925
19	31	47.9193421052632	52.3326612903226
18	32	47.9234722222222	52.269609375
17	33	47.8975	52.3059848484848
16	34	47.83328125	52.2844852941177
15	35	47.9235	52.2740714285714
14	36	47.8257142857143	52.3699305555555
13	37	47.8363461538462	52.2767567567568
12	38	47.8291666666667	52.2698684210526
11	39	47.8240909090909	52.3603846153846
10	40	47.73075	52.3009375
9	41	47.7655555555556	52.4026219512195
8	42	47.7153125	52.2345238095238
7	43	47.7103571428571	52.4031395348837
6	44	47.7	52.2161931818182
5	45	47.7165	52.2473333333334
4	46	47.713125	52.1864673913043
3	47	47.6966666666667	52.2103723404255
2	48	47.55	52.2949479166667
1	49	47.66	52.1214285714286
0	50	0	52.12245
