num_of_tit_for_tat	num_of_TFT_with_trembling_hand	average_fitness_of_tit_for_tat	average_fitness_of_TFT_with_trembling_hand
50	0	50	0
49	1	49.9664285714286	50.29
48	2	49.93109375	50.23125
47	3	49.8931914893617	50.1916666666667
46	4	49.8581521739131	50.12125
45	5	49.8216666666667	50.1575
44	6	49.7898295454546	49.9933333333333
43	7	49.7597093023256	50.0035714285714
42	8	49.7095833333333	49.9984375
41	9	49.677743902439	49.9672222222222
40	10	49.6435	49.852
39	11	49.6182051282051	49.8986363636364
38	12	49.5671052631579	49.86
37	13	49.5541216216216	49.7734615384616
36	14	49.5073611111111	49.7773214285714
35	15	49.4605	49.7135
34	16	49.4253676470588	49.69140625
33	17	49.4109090909091	49.6839705882353
32	18	49.374296875	49.63625
31	19	49.3531451612903	49.5594736842105
30	20	49.3064166666667	49.565375
29	21	49.2820689655173	49.5378571428571
28	22	49.2290178571428	49.5625
27	23	49.1858333333333	49.4841304347826
26	24	49.1686538461538	49.4227083333333
25	25	49.1094	49.3867
24	26	49.0870833333333	49.3741346153846
23	27	49.0333695652174	49.269537037037
22	28	49.0155681818182	49.2751785714286
21	29	49.009880952381	49.2410344827586
20	30	48.9425	49.2381666666667
19	31	48.8981578947368	49.1989516129032
18	32	48.8606944444445	49.139375
17	33	48.8427941176471	49.1326515151515
16	34	48.81109375	49.0589705882353
15	35	48.777	49.0487857142857
14	36	48.7451785714286	49.0149305555556
13	37	48.6613461538462	49.0139864864865
12	38	48.685	48.9134868421053
11	39	48.6297727272727	48.913782051282
10	40	48.56925	48.876125
9	41	48.5508333333333	48.8233536585366
8	42	48.5084375	48.7835119047619
7	43	48.5214285714286	48.769011627907
6	44	48.3758333333333	48.7723295454545
5	45	48.4515	48.721
4	46	48.401875	48.6819565217391
3	47	48.3516666666667	48.6087234042553
2	48	48.305	48.5670833333334
1	49	48.3025	48.5456632653061
0	50	0	48.51385
