num_of_tit_for_tat	num_of_guilt_driven_amending	average_fitness_of_tit_for_tat	average_fitness_of_guilt_driven_amending
50	0	50	0
49	1	49.9799489795918	49.99
48	2	49.9663020833333	49.935
47	3	49.9479255319149	49.9116666666667
46	4	49.934402173913	49.951875
45	5	49.9135555555556	49.967
44	6	49.8879545454545	49.9004166666667
43	7	49.8737209302326	49.9025
42	8	49.8614880952381	49.845
41	9	49.8518902439025	49.8261111111111
40	10	49.8253125	49.84575
39	11	49.8160897435897	49.7675
38	12	49.7905263157895	49.8095833333333
37	13	49.7742567567568	49.7576923076923
36	14	49.7529166666667	49.7448214285714
35	15	49.7344285714286	49.759
34	16	49.7108823529412	49.72421875
33	17	49.7106818181818	49.7067647058824
32	18	49.683125	49.6826388888889
31	19	49.6603225806452	49.6725
30	20	49.6543333333333	49.644875
29	21	49.6296551724138	49.6434523809524
28	22	49.6376785714286	49.6245454545454
27	23	49.6097222222222	49.589347826087
26	24	49.5698076923077	49.5769791666667
25	25	49.5573	49.5605
24	26	49.5419791666667	49.5492307692308
23	27	49.5235869565217	49.5187962962963
22	28	49.5247727272727	49.5020535714286
21	29	49.4759523809524	49.5085344827586
20	30	49.46575	49.485
19	31	49.4653947368421	49.4581451612903
18	32	49.4504166666667	49.439140625
17	33	49.4282352941176	49.4010606060606
16	34	49.394375	49.4142647058824
15	35	49.3983333333333	49.3976428571428
14	36	49.3685714285714	49.3574305555556
13	37	49.3515384615384	49.3617567567567
12	38	49.325	49.3571710526316
11	39	49.3209090909091	49.3051282051282
10	40	49.28	49.31725
9	41	49.3066666666667	49.3012804878049
8	42	49.2921875	49.2585714285714
7	43	49.2528571428571	49.2681976744186
6	44	49.23625	49.2186931818182
5	45	49.204	49.2298333333333
4	46	49.149375	49.20625
3	47	49.1616666666667	49.2017553191489
2	48	49.16375	49.1766666666667
1	49	49.155	49.1576530612245
0	50	0	49.12815
