num_of_tit_for_tat	num_of_Pavlov	average_fitness_of_tit_for_tat	average_fitness_of_Pavlov
50	0	50	0
49	1	49.9606632653061	54.3975
48	2	49.9106770833333	54.68125
47	3	49.863670212766	54.7841666666667
46	4	49.8209782608696	54.981875
45	5	49.772	54.6625
44	6	49.7259090909091	54.8058333333333
43	7	49.6643604651163	54.4421428571429
42	8	49.6115476190476	54.675
41	9	49.5839024390244	54.4433333333333
40	10	49.517125	54.10125
39	11	49.4794230769231	54.2179545454545
38	12	49.4584868421053	54.496875
37	13	49.4085810810811	54.4594230769231
36	14	49.3357638888889	54.0480357142857
35	15	49.2877142857143	54.2711666666667
34	16	49.2458823529412	54.005625
33	17	49.2070454545454	53.8502941176471
32	18	49.16359375	53.9584722222222
31	19	49.1042741935484	53.9265789473684
30	20	49.06175	53.897125
29	21	49.0352586206897	53.6997619047619
28	22	48.9702678571429	53.6496590909091
27	23	48.9499074074074	53.575
26	24	48.8692307692308	53.62375
25	25	48.8292	53.7097
24	26	48.7760416666667	53.4226923076923
23	27	48.734347826087	53.6134259259259
22	28	48.69375	53.5672321428571
21	29	48.6202380952381	53.316551724138
20	30	48.583375	53.37275
19	31	48.535	53.1874193548387
18	32	48.5119444444444	53.293359375
17	33	48.4605882352941	53.0792424242424
16	34	48.43015625	53.0377205882353
15	35	48.3293333333333	53.0955
14	36	48.3317857142857	53.1095138888889
13	37	48.2813461538461	52.9477702702702
12	38	48.25	52.9017105263158
11	39	48.1593181818182	52.8475641025641
10	40	48.099	52.7204375
9	41	48.1647222222222	52.7531097560976
8	42	48.061875	52.6545238095238
7	43	48.0007142857143	52.6636046511628
6	44	47.945	52.5532954545455
5	45	47.882	52.6062777777778
4	46	47.86125	52.4490760869565
3	47	47.8383333333333	52.3428723404255
2	48	47.8475	52.35703125
1	49	47.7175	52.2094897959184
0	50	0	52.2426
