num_of_tit_for_tat	num_of_shame_driven_hiding	average_fitness_of_tit_for_tat	average_fitness_of_shame_driven_hiding
50	0	50	0
49	1	49.9612244897959	51.5
48	2	49.9204166666667	51.48
47	3	49.8772340425532	51.42
46	4	49.8352173913043	51.3625
45	5	49.8002222222222	51.348
44	6	49.77	51.2966666666666
43	7	49.7111627906976	51.23
42	8	49.6857142857143	51.2325
41	9	49.63	51.1766666666666
40	10	49.603	51.165
39	11	49.5520512820513	51.0809090909091
38	12	49.515	51.0608333333333
37	13	49.4732432432432	51.013076923077
36	14	49.4502777777778	50.9785714285714
35	15	49.4102857142857	50.9546666666667
34	16	49.3723529411765	50.865625
33	17	49.310303030303	50.8194117647058
32	18	49.2765625	50.7938888888889
31	19	49.2248387096774	50.7610526315789
30	20	49.1923333333333	50.734
29	21	49.1375862068966	50.6780952380953
28	22	49.1242857142857	50.6536363636364
27	23	49.0540740740741	50.6369565217392
26	24	49.0188461538461	50.55875
25	25	48.986	50.5164
24	26	48.9558333333333	50.4619230769231
23	27	48.9060869565217	50.45
22	28	48.8486363636364	50.4082142857143
21	29	48.8371428571428	50.3479310344828
20	30	48.781	50.3083333333333
19	31	48.7478947368421	50.283870967742
18	32	48.685	50.2446875
17	33	48.6552941176471	50.1887878787879
16	34	48.611875	50.14
15	35	48.5886666666666	50.1074285714286
14	36	48.5357142857143	50.0783333333333
13	37	48.4746153846154	50.0267567567567
12	38	48.4316666666667	49.9865789473684
11	39	48.4436363636364	49.9507692307692
10	40	48.36	49.88925
9	41	48.33	49.8743902439024
8	42	48.2875	49.8192857142857
7	43	48.2585714285714	49.7953488372093
6	44	48.2183333333333	49.7579545454545
5	45	48.186	49.6982222222222
4	46	48.1	49.6689130434783
3	47	48.0766666666667	49.6344680851064
2	48	48.03	49.581875
1	49	48	49.5414285714286
0	50	0	49.5
