num_of_always_defect	num_of_guilt_driven_amending	average_fitness_of_always_defect	average_fitness_of_guilt_driven_amending
50	0	0	0
49	1	0.977551020408164	-35.9775
48	2	1.96145833333333	-34.36125
47	3	2.93531914893617	-32.6383333333333
46	4	3.91847826086956	-31.011875
45	5	4.89888888888889	-29.372
44	6	5.87613636363636	-27.6616666666667
43	7	6.85976744186047	-25.9839285714286
42	8	7.8354761904762	-24.330625
41	9	8.82243902439024	-22.6111111111111
40	10	9.79925	-20.954
39	11	10.785641025641	-19.2970454545455
38	12	11.7639473684211	-17.6360416666667
37	13	12.7362162162162	-15.9094230769231
36	14	13.7244444444444	-14.2867857142857
35	15	14.6908571428571	-12.6703333333333
34	16	15.6923529411765	-10.9775
33	17	16.6560606060606	-9.25176470588235
32	18	17.650625	-7.58722222222222
31	19	18.6267741935484	-5.8921052631579
30	20	19.5876666666667	-4.206875
29	21	20.5931034482758	-2.48761904761905
28	22	21.5667857142857	-0.866931818181818
27	23	22.5551851851852	0.777608695652174
26	24	23.5523076923077	2.44854166666667
25	25	24.4856	4.1565
24	26	25.4783333333333	5.71990384615385
23	27	26.4660869565217	7.43953703703704
22	28	27.4563636363636	9.1825
21	29	28.4580952380952	10.8318965517241
20	30	29.3925	12.558
19	31	30.4042105263158	14.195564516129
18	32	31.3627777777778	15.820390625
17	33	32.3270588235294	17.5256060606061
16	34	33.321875	19.2065441176471
15	35	34.31	20.8462857142857
14	36	35.2964285714286	22.5495833333333
13	37	36.2515384615385	24.1785135135135
12	38	37.215	25.9201973684211
11	39	38.2345454545455	27.5898717948718
10	40	39.154	29.2416875
9	41	40.1622222222222	30.9304268292683
8	42	41.16625	32.5853571428571
7	43	42.14	34.2166279069768
6	44	43.145	35.9073863636364
5	45	44.114	37.6115555555556
4	46	45.1	39.3392391304348
3	47	46.0633333333333	40.9209042553192
2	48	46.99	42.6350520833333
1	49	48.14	44.2826530612245
0	50	0	45.94145
