num_of_always_trembling	num_of_Pavlov	average_fitness_of_always_trembling	average_fitness_of_Pavlov
50	0	24.8995	0
49	1	25.5211734693878	23.81
48	2	25.9108854166667	24.02875
47	3	26.0983510638298	25.5116666666667
46	4	26.7908695652174	26.164375
45	5	27.3807777777778	26.9
44	6	27.7230113636364	26.4675
43	7	28.2164534883721	27.4092857142857
42	8	28.4132738095238	28.04375
41	9	28.9419512195122	28.3005555555556
40	10	29.64775	28.409
39	11	30.0113461538462	29.2463636363636
38	12	30.2971052631579	29.5554166666667
37	13	30.8008783783784	29.9975
36	14	31.3656944444444	30.2441071428571
35	15	31.4990714285714	30.8373333333333
34	16	32.2725735294118	31.34859375
33	17	32.8520454545455	31.7444117647059
32	18	32.896015625	32.6316666666667
31	19	33.3587096774193	32.6744736842105
30	20	34.0331666666667	33.361125
29	21	34.2125862068965	33.7234523809524
28	22	34.3936607142857	34.2315909090909
27	23	35.0090740740741	34.4481521739131
26	24	35.5994230769231	34.8980208333333
25	25	35.8563	35.2535
24	26	36.5313541666667	35.8763461538462
23	27	37.1063043478261	36.0161111111111
22	28	37.5840909090909	36.6752678571428
21	29	37.6684523809524	37.3495689655173
20	30	38.545	37.5536666666667
19	31	38.6263157894737	37.9559677419355
18	32	39.0694444444444	38.644921875
17	33	39.4869117647059	39.1574242424242
16	34	40.1403125	39.4416176470588
15	35	40.6525	39.9444285714286
14	36	41.3257142857143	40.4686805555555
13	37	41.7042307692308	40.962027027027
12	38	41.6345833333333	41.3271710526316
11	39	42.5047727272727	41.9275
10	40	42.78625	42.261375
9	41	43.2547222222222	42.6821951219512
8	42	43.455625	43.3038690476191
7	43	43.8107142857143	43.720988372093
6	44	44.4416666666667	44.1488636363636
5	45	45.335	44.6203888888889
4	46	45.57125	45.1225543478261
3	47	45.8808333333333	45.6701063829787
2	48	46.87	46.2159375
1	49	46.3125	46.6045918367347
0	50	0	47.17775
