num_of_always_trembling	num_of_guilt_driven_amending	average_fitness_of_always_trembling	average_fitness_of_guilt_driven_amending
50	0	24.86865	0
49	1	25.4272448979592	8.7975
48	2	26.0524479166667	10.13625
47	3	26.0885638297872	10.9008333333333
46	4	26.8647282608696	11.4525
45	5	27.4606666666667	11.7615
44	6	27.723125	12.7375
43	7	28.1502325581395	13.6653571428571
42	8	28.3282738095238	14.430625
41	9	28.7767073170732	15.0397222222222
40	10	29.2461875	15.6695
39	11	29.8138461538461	16.6709090909091
38	12	30.2894078947369	17.398125
37	13	30.2952702702703	17.9698076923077
36	14	31.1360416666667	18.8907142857143
35	15	31.5863571428572	19.6565
34	16	31.8365441176471	20.608125
33	17	32.4881060606061	21.2714705882353
32	18	32.688046875	21.7927777777778
31	19	33.3091129032258	22.5342105263158
30	20	33.8858333333333	23.27275
29	21	34.4194827586207	24.1996428571429
28	22	34.4290178571429	24.8880681818182
27	23	34.7372222222222	25.5280434782609
26	24	35.2665384615385	26.3565625
25	25	35.785	27.0553
24	26	36.1536458333333	27.9056730769231
23	27	36.7166304347826	28.6787962962963
22	28	37.1819318181818	29.5402678571429
21	29	37.75	30.1891379310345
20	30	38.17675	30.8881666666667
19	31	38.7747368421053	31.7322580645161
18	32	38.8020833333333	32.4
17	33	39.2694117647059	33.1786363636364
16	34	39.78859375	33.9558823529412
15	35	40.2185	34.5776428571429
14	36	40.5439285714286	35.3439583333333
13	37	41.0088461538462	36.1112162162162
12	38	41.38625	36.8734210526316
11	39	41.9281818181818	37.6355128205128
10	40	42.3585	38.434375
9	41	42.7697222222222	39.1976219512195
8	42	43.03875	39.9890476190476
7	43	43.4171428571429	40.7291860465116
6	44	44.1016666666667	41.4355113636364
5	45	44.2485	42.1388888888889
4	46	44.796875	42.9468478260869
3	47	45.25	43.7054787234043
2	48	45.7975	44.4722916666667
1	49	46.0675	45.2343367346939
0	50	0	45.94385
