num_of_always_trembling	num_of_shame_driven_denying	average_fitness_of_always_trembling	average_fitness_of_shame_driven_denying
50	0	24.9563	0
49	1	25.1848979591837	13.3725
48	2	25.72953125	13.48375
47	3	25.8901595744681	14.4983333333333
46	4	26.1741847826087	14.861875
45	5	26.7211111111111	15.3875
44	6	27.0398295454545	15.5216666666667
43	7	27.1858139534884	16.4317857142857
42	8	27.4925595238095	16.9459375
41	9	27.9221951219512	17.555
40	10	28.488625	18.09225
39	11	28.2916025641026	18.7797727272727
38	12	29.0731578947369	18.8377083333333
37	13	29.2627702702703	19.5486538461538
36	14	29.7381944444444	20.1292857142857
35	15	29.7674285714286	20.6556666666667
34	16	30.3851470588235	21.38671875
33	17	30.4875	21.8710294117647
32	18	30.897890625	22.2765277777778
31	19	31.2491129032258	22.8006578947368
30	20	31.2541666666667	23.359
29	21	31.678275862069	24.0379761904762
28	22	32.0425	24.3054545454545
27	23	32.3522222222222	25.0278260869565
26	24	32.3367307692308	25.5004166666667
25	25	32.8004	26.1219
24	26	33.5510416666667	26.6209615384615
23	27	33.4739130434783	27.2837962962963
22	28	33.8534090909091	27.6158928571428
21	29	34.407619047619	28.1509482758621
20	30	34.968875	28.73925
19	31	35.1253947368421	29.2017741935484
18	32	35.1733333333333	29.740625
17	33	35.8797058823529	30.192196969697
16	34	36.14390625	30.8516911764706
15	35	35.8403333333333	31.2562142857143
14	36	36.6692857142857	31.8941666666667
13	37	36.8357692307692	32.5013513513513
12	38	37.34125	32.8290131578947
11	39	37.2418181818182	33.5341666666667
10	40	37.92475	34.0743125
9	41	38.3694444444444	34.6246951219512
8	42	38.3253125	35.1255952380952
7	43	38.9428571428572	35.6218604651163
6	44	38.995	36.1239772727273
5	45	39.6565	36.6663888888889
4	46	40.280625	37.2628260869565
3	47	40.0533333333333	37.7585106382979
2	48	40.52375	38.3072395833333
1	49	40.9975	38.8447448979592
0	50	0	39.37455
