num_of_always_defect	num_of_TFT_with_trembling_hand	average_fitness_of_always_defect	average_fitness_of_TFT_with_trembling_hand
50	0	0	0
49	1	0.980408163265306	-36.0375
48	2	1.96375	-34.4
47	3	2.94382978723404	-32.725
46	4	3.92673913043478	-31.1425
45	5	4.90133333333334	-29.463
44	6	5.87340909090909	-27.82125
43	7	6.86186046511629	-26.2796428571429
42	8	7.83523809523811	-24.5621875
41	9	8.81731707317073	-23.1336111111111
40	10	9.79125	-21.50375
39	11	10.7869230769231	-19.8347727272727
38	12	11.7634210526316	-18.1
37	13	12.7537837837838	-16.5819230769231
36	14	13.7125	-14.9542857142857
35	15	14.6862857142857	-13.357
34	16	15.7067647058824	-11.65359375
33	17	16.6584848484849	-10.0213235294118
32	18	17.6459375	-8.44541666666667
31	19	18.6303225806452	-6.7496052631579
30	20	19.5986666666667	-5.2035
29	21	20.5841379310345	-3.57547619047619
28	22	21.5539285714286	-1.99795454545455
27	23	22.53	-0.311304347826087
26	24	23.4984615384615	1.2646875
25	25	24.5144	2.84
24	26	25.4775	4.52990384615385
23	27	26.4795652173913	6.13324074074074
22	28	27.4268181818182	7.719375
21	29	28.4114285714286	9.35905172413793
20	30	29.3885	11.0055833333333
19	31	30.3557894736842	12.6477419354839
18	32	31.37	14.335546875
17	33	32.3729411764706	15.8488636363636
16	34	33.3175	17.4655882352941
15	35	34.2793333333333	19.1825714285714
14	36	35.2721428571428	20.698125
13	37	36.2569230769231	22.3184459459459
12	38	37.2683333333333	23.9367105263158
11	39	38.2209090909091	25.5433333333333
10	40	39.249	27.16375
9	41	40.1733333333333	28.8150609756098
8	42	41.1725	30.4145833333333
7	43	42.1585714285714	32.0966279069767
6	44	43.1916666666667	33.7396022727273
5	45	44.198	35.2925555555556
4	46	45.1025	37.0015217391304
3	47	45.9933333333333	38.5783510638298
2	48	47.105	40.21765625
1	49	48.14	41.7978571428571
0	50	0	43.38275
