num_of_always_cooperate	num_of_shame_driven_denying	average_fitness_of_always_cooperate	average_fitness_of_shame_driven_denying
50	0	50	0
49	1	49.4181632653061	71.63
48	2	48.8404166666667	70.76875
47	3	48.2974468085106	69.8316666666667
46	4	47.7432608695652	69.359375
45	5	47.0951111111111	68.7055
44	6	46.4752272727273	67.65625
43	7	45.8909302325581	67.4067857142857
42	8	45.4619047619048	66.8678125
41	9	44.8007317073171	65.8127777777778
40	10	44.33375	65.53725
39	11	43.6494871794872	64.7415909090909
38	12	43.1657894736842	63.901875
37	13	42.5891891891892	63.4344230769231
36	14	41.9913888888889	62.6630357142857
35	15	41.3722857142857	62.1925
34	16	40.6817647058824	61.3871875
33	17	40.2412121212121	60.8369117647059
32	18	39.5796875	60.005
31	19	38.9106451612903	59.5402631578947
30	20	38.5766666666667	58.7845
29	21	37.9841379310345	58.2888095238095
28	22	37.3485714285714	57.2131818181818
27	23	36.6188888888889	56.8748913043478
26	24	36.0438461538462	56.1440625
25	25	35.5088	55.5451
24	26	35.135	54.9601923076923
23	27	34.5026086956522	54.2668518518519
22	28	33.8113636363637	53.6326785714286
21	29	33.24	52.9574137931034
20	30	32.6845	52.2189166666667
19	31	31.9910526315789	51.7693548387097
18	32	31.7811111111111	51.02875
17	33	31.1952941176471	50.4575757575757
16	34	30.61875	49.7038235294118
15	35	29.7553333333333	49.0134285714286
14	36	29.2671428571429	48.5304861111111
13	37	28.7284615384615	47.7060135135135
12	38	28.1516666666667	47.1544078947368
11	39	27.7854545454545	46.4839102564103
10	40	26.662	45.8305
9	41	26.2977777777778	45.2737804878049
8	42	25.46875	44.5361904761905
7	43	25.36	43.8227325581395
6	44	24.8	43.2280113636364
5	45	24.212	42.5997777777778
4	46	23.5575	41.9363586956522
3	47	23.0133333333333	41.266914893617
2	48	22.23	40.7054166666667
1	49	21.77	39.9977551020408
0	50	0	39.3213
