num_of_always_cooperate	num_of_shame_driven_hiding	average_fitness_of_always_cooperate	average_fitness_of_shame_driven_hiding
50	0	50	0
49	1	49.8063265306122	57.5
48	2	49.624375	57.31
47	3	49.4448936170213	57.1166666666667
46	4	49.2645652173913	56.98
45	5	49.0811111111111	56.756
44	6	48.8895454545454	56.5416666666667
43	7	48.6672093023256	56.3557142857143
42	8	48.4769047619048	56.16375
41	9	48.2712195121951	55.94
40	10	48.1165	55.819
39	11	47.881282051282	55.6227272727273
38	12	47.7347368421053	55.4066666666667
37	13	47.5267567567567	55.2407692307692
36	14	47.3511111111111	55.0057142857143
35	15	47.1351428571429	54.822
34	16	46.9438235294118	54.611875
33	17	46.7278787878788	54.3976470588235
32	18	46.5684375	54.2355555555555
31	19	46.3964516129032	54.0426315789474
30	20	46.1796666666666	53.8245
29	21	45.9668965517241	53.6019047619048
28	22	45.7764285714286	53.4159090909091
27	23	45.56	53.2391304347826
26	24	45.3488461538462	53.0320833333333
25	25	45.1592	52.8856
24	26	44.9854166666667	52.6403846153846
23	27	44.725652173913	52.4259259259259
22	28	44.5177272727273	52.2339285714286
21	29	44.3038095238095	51.9755172413793
20	30	44.118	51.8006666666667
19	31	43.9068421052632	51.5790322580645
18	32	43.7294444444444	51.3990625
17	33	43.4670588235294	51.1993939393939
16	34	43.259375	50.9747058823529
15	35	43.0213333333333	50.7851428571429
14	36	42.84	50.5822222222222
13	37	42.5607692307692	50.3105405405406
12	38	42.4433333333333	50.1715789473684
11	39	42.1445454545455	49.9187179487179
10	40	42.001	49.682
9	41	41.7622222222222	49.4953658536585
8	42	41.62	49.2495238095238
7	43	41.34	49.0193023255814
6	44	41.1333333333333	48.8393181818182
5	45	40.862	48.6128888888889
4	46	40.65	48.384347826087
3	47	40.4333333333334	48.1712765957447
2	48	40.175	47.9416666666667
1	49	40	47.7287755102041
0	50	0	47.5
