num_of_always_cooperate	num_of_guilt_driven_amending	average_fitness_of_always_cooperate	average_fitness_of_guilt_driven_amending
50	0	50	0
49	1	49.8073469387755	57.2375
48	2	49.5941666666667	57.0175
47	3	49.3978723404255	56.8533333333333
46	4	49.1819565217391	56.5075
45	5	49.0246666666667	56.281
44	6	48.8052272727273	56.1258333333333
43	7	48.6223255813953	55.9210714285714
42	8	48.432619047619	55.6740625
41	9	48.2012195121951	55.3997222222222
40	10	48.0435	55.1995
39	11	47.7974358974359	54.8890909090909
38	12	47.6194736842105	54.7189583333333
37	13	47.4145945945946	54.5484615384615
36	14	47.2761111111111	54.2766071428572
35	15	47.0254285714286	54.0475
34	16	46.8117647058824	53.821875
33	17	46.6715151515152	53.5213235294118
32	18	46.4809375	53.3501388888889
31	19	46.2232258064516	53.0830263157895
30	20	46.0366666666667	52.869375
29	21	45.821724137931	52.632380952381
28	22	45.6646428571429	52.3593181818182
27	23	45.4288888888889	52.2280434782609
26	24	45.2296153846154	51.9523958333334
25	25	45.0804	51.7132
24	26	44.8716666666667	51.4448076923077
23	27	44.65	51.3100925925926
22	28	44.5227272727273	51.004375
21	29	44.1661904761905	50.7833620689655
20	30	44.064	50.5815
19	31	43.9931578947368	50.2983870967742
18	32	43.6738888888889	50.141953125
17	33	43.5258823529412	49.867196969697
16	34	43.295625	49.5891176470588
15	35	43.088	49.4022857142857
14	36	42.9414285714286	49.220625
13	37	42.6915384615385	48.9697297297297
12	38	42.4758333333333	48.7630263157895
11	39	42.3690909090909	48.4845512820513
10	40	42.072	48.261375
9	41	41.8933333333333	48.0874390243902
8	42	41.69625	47.8297619047619
7	43	41.4714285714286	47.5631976744186
6	44	41.275	47.3574431818182
5	45	41.022	47.1160555555555
4	46	40.9175	46.9309782608696
3	47	40.6566666666667	46.6308510638298
2	48	40.54	46.43671875
1	49	40.36	46.200306122449
0	50	0	45.9889
