num_of_always_defect	num_of_Pavlov	average_fitness_of_always_defect	average_fitness_of_Pavlov
50	0	0	0
49	1	2.27142857142857	-74.9475
48	2	4.55270833333333	-72.77
47	3	6.79212765957446	-70.1208333333333
46	4	9.12826086956522	-67.741875
45	5	11.348	-65.318
44	6	13.6868181818182	-62.5858333333333
43	7	15.9402325581395	-60.2328571428572
42	8	18.2338095238095	-57.645625
41	9	20.530243902439	-55.0466666666667
40	10	22.71975	-52.53825
39	11	25.1005128205128	-50.2104545454545
38	12	27.295	-47.6239583333333
37	13	29.5591891891892	-45.3207692307692
36	14	31.9688888888889	-42.6530357142857
35	15	34.1268571428572	-40.2203333333333
34	16	36.5541176470588	-37.76203125
33	17	38.7351515151515	-35.4004411764706
32	18	40.9390625	-32.7590277777778
31	19	43.2687096774193	-30.2577631578947
30	20	45.505	-27.859625
29	21	47.8313793103448	-25.4892857142857
28	22	50.0982142857143	-22.7223863636364
27	23	52.41	-20.2865217391304
26	24	54.7911538461539	-18.0007291666667
25	25	56.8312	-15.5161
24	26	59.1504166666667	-12.8252884615385
23	27	61.605652173913	-10.5053703703704
22	28	63.6022727272727	-7.87053571428572
21	29	66.0409523809524	-5.38810344827586
20	30	68.0625	-2.78483333333333
19	31	70.6263157894737	-0.37741935483871
18	32	72.7883333333333	2.086484375
17	33	75.1182352941176	4.56409090909091
16	34	77.385	6.97669117647059
15	35	79.7013333333333	9.50078571428571
14	36	82.1678571428571	12.0415277777778
13	37	84.39	14.5478378378378
12	38	86.655	16.99
11	39	88.84	19.6485897435897
10	40	91.076	22.0914375
9	41	93.3233333333334	24.4391463414634
8	42	95.61875	27.0227976190476
7	43	97.8228571428571	29.5368023255814
6	44	100.293333333333	32.0060795454545
5	45	102.438	34.6005
4	46	104.8425	37.1360326086956
3	47	106.923333333333	39.5409042553192
2	48	109.3	42.1238541666667
1	49	111.16	44.6629591836735
0	50	0	47.16045
