num_of_always_defect	num_of_shame_driven_denying	average_fitness_of_always_defect	average_fitness_of_shame_driven_denying
50	0	0	0
49	1	0.983877551020408	-36.0225
48	2	1.95708333333333	-34.55125
47	3	2.94510638297872	-32.9375
46	4	3.92347826086956	-31.48125
45	5	4.89955555555556	-29.7265
44	6	5.88090909090909	-28.3325
43	7	6.8646511627907	-26.7721428571429
42	8	7.83809523809525	-25.37875
41	9	8.82024390243903	-23.8483333333333
40	10	9.79725	-22.1725
39	11	10.7692307692308	-20.6718181818182
38	12	11.7515789473684	-19.0216666666667
37	13	12.7351351351351	-17.5678846153846
36	14	13.7152777777778	-15.9960714285714
35	15	14.71	-14.5838333333333
34	16	15.6738235294118	-12.9284375
33	17	16.6621212121212	-11.4145588235294
32	18	17.6428125	-9.79111111111111
31	19	18.6167741935484	-8.32697368421053
30	20	19.6073333333333	-6.76575
29	21	20.5665517241379	-5.27345238095238
28	22	21.5685714285714	-3.77875
27	23	22.5388888888889	-2.21836956521739
26	24	23.5073076923077	-0.590208333333333
25	25	24.4932	0.9682
24	26	25.4808333333333	2.48538461538462
23	27	26.474347826087	3.97185185185185
22	28	27.4836363636364	5.59455357142857
21	29	28.4247619047619	7.04422413793104
20	30	29.3895	8.55408333333333
19	31	30.3821052631579	10.1368548387097
18	32	31.3605555555556	11.64375
17	33	32.3594117647059	13.1140151515152
16	34	33.32375	14.7871323529412
15	35	34.3166666666667	16.3275
14	36	35.3064285714286	17.75
13	37	36.2861538461538	19.349527027027
12	38	37.2466666666667	20.9076973684211
11	39	38.2345454545455	22.4427564102564
10	40	39.209	23.944625
9	41	40.2266666666667	25.5294512195122
8	42	41.155	27.0306547619048
7	43	42.2042857142857	28.5556976744186
6	44	43.1066666666666	30.1398295454545
5	45	44.078	31.6541111111111
4	46	45.11	33.2236413043478
3	47	45.9566666666667	34.7128723404255
2	48	46.975	36.2994791666667
1	49	48.01	37.8215306122449
0	50	0	39.32875
