num_of_always_trembling	num_of_shame_driven_hiding	average_fitness_of_always_trembling	average_fitness_of_shame_driven_hiding
50	0	25.12255	0
49	1	25.507806122449	11.2225
48	2	25.79296875	11.6125
47	3	26.1529255319149	12.0566666666667
46	4	26.593152173913	12.76625
45	5	26.8407777777778	13.587
44	6	27.3459659090909	14.4425
43	7	27.8338372093023	14.9296428571429
42	8	28.2948214285714	15.1609375
41	9	28.4580487804878	16.1394444444445
40	10	28.930125	16.771
39	11	29.3951282051282	17.6743181818182
38	12	29.6257236842105	18.2570833333333
37	13	30.0741891891892	18.9963461538462
36	14	30.4990277777778	19.8144642857143
35	15	30.9279285714286	20.4241666666667
34	16	31.2971323529412	21.113125
33	17	31.565303030303	21.7688235294118
32	18	31.959921875	22.63125
31	19	32.4633870967742	23.4776315789474
30	20	32.79	24.151
29	21	32.9758620689655	24.8238095238095
28	22	33.7092857142857	25.4971590909091
27	23	33.93	26.2027173913044
26	24	34.1720192307692	27.0421875
25	25	34.7794	27.7051
24	26	35.2019791666667	28.5372115384615
23	27	35.423152173913	29.2550925925926
22	28	36.2143181818182	30.0820535714286
21	29	36.3655952380952	30.8396551724138
20	30	36.72375	31.56275
19	31	36.8935526315789	32.2381451612903
18	32	37.5177777777778	33.067578125
17	33	37.9858823529412	33.8684848484848
16	34	38.2459375	34.6070588235294
15	35	38.5021666666667	35.3665714285714
14	36	38.9366071428571	36.1295138888889
13	37	39.3532692307692	36.9311486486487
12	38	39.6304166666667	37.7733552631579
11	39	40.3506818181818	38.5725641025641
10	40	40.466	39.341
9	41	41.0052777777778	40.1306097560976
8	42	41.436875	40.9585714285714
7	43	41.9917857142857	41.7130813953488
6	44	42.20625	42.4708522727273
5	45	42.7725	43.3453888888889
4	46	43.123125	44.1738043478261
3	47	43.5816666666667	44.9896808510638
2	48	44.0425	45.8007291666667
1	49	44.4675	46.6487244897959
0	50	0	47.5
