num_of_guilt_driven_amending	num_of_Pavlov	average_fitness_of_guilt_driven_amending	average_fitness_of_Pavlov
50	0	45.99265	0
49	1	45.8078571428571	46.9575
48	2	45.6263541666667	46.765
47	3	45.4143617021277	46.8558333333333
46	4	45.2214130434783	46.90375
45	5	45.083	46.4975
44	6	44.8152272727273	47.34375
43	7	44.6230813953489	47.0439285714286
42	8	44.4339285714286	47.15625
41	9	44.2755487804878	47.2761111111111
40	10	44.0851875	46.89525
39	11	43.901858974359	47.1204545454545
38	12	43.7375657894737	46.9752083333333
37	13	43.5068243243243	47.1136538461539
36	14	43.3982638888889	47.2616071428572
35	15	43.151	47.085
34	16	42.9489705882353	47.13671875
33	17	42.790303030303	47.1925
32	18	42.5684375	47.2461111111111
31	19	42.4037096774194	47.1453947368421
30	20	42.24975	47.252375
29	21	41.9293965517242	47.1934523809524
28	22	41.7363392857143	47.1685227272727
27	23	41.6613888888889	47.2421739130435
26	24	41.4818269230769	47.2451041666667
25	25	41.1645	47.0929
24	26	41.1339583333333	47.2726923076923
23	27	40.9190217391305	47.4443518518519
22	28	40.8478409090909	47.3770535714286
21	29	40.560119047619	47.3420689655172
20	30	40.357	47.2945
19	31	40.1259210526316	47.2091129032258
18	32	39.8976388888889	47.3284375
17	33	39.8283823529412	47.3408333333333
16	34	39.55921875	47.2182352941176
15	35	39.4863333333333	47.4901428571429
14	36	39.0898214285714	47.26875
13	37	38.9930769230769	47.2910135135135
12	38	38.8733333333333	47.2029605263158
11	39	38.6534090909091	47.2405128205128
10	40	38.40325	47.2093125
9	41	38.3555555555555	47.1412195121951
8	42	37.984375	47.2255357142857
7	43	37.9589285714286	47.2372093023256
6	44	37.6529166666667	47.3564204545455
5	45	37.6765	47.3896666666667
4	46	37.24	47.1841847826087
3	47	37.2183333333333	47.1516489361702
2	48	36.5775	47.1326041666667
1	49	36.36	47.1126530612245
0	50	0	47.19145
