num_of_shame_driven_denying	num_of_guilt_driven_amending	average_fitness_of_shame_driven_denying	average_fitness_of_guilt_driven_amending
50	0	39.3762	0
49	1	39.5347448979592	36.855
48	2	39.7000520833333	37.035
47	3	39.8727659574468	37.0108333333333
46	4	40.1052717391304	37.450625
45	5	40.2391111111111	37.5645
44	6	40.42625	37.7595833333333
43	7	40.5686627906977	37.9339285714286
42	8	40.8395833333333	38.07875
41	9	40.9985975609756	38.1783333333333
40	10	41.1605625	38.593
39	11	41.4208333333333	38.6061363636364
38	12	41.5498026315789	38.9764583333333
37	13	41.7611486486486	39.0890384615385
36	14	41.9008333333333	39.3678571428571
35	15	42.0451428571429	39.3811666666667
34	16	42.3198529411765	39.57515625
33	17	42.4118181818182	39.8525
32	18	42.63875	40.0697222222222
31	19	42.7917741935484	40.1673684210526
30	20	42.9804166666666	40.37175
29	21	43.1799137931035	40.6121428571428
28	22	43.3373214285714	40.6875
27	23	43.4842592592593	40.8290217391304
26	24	43.7384615384615	41.0520833333333
25	25	43.916	41.3312
24	26	44.0396875	41.4536538461538
23	27	44.2582608695652	41.6771296296296
22	28	44.4497727272727	41.9358035714286
21	29	44.6329761904762	42.1216379310345
20	30	44.839375	42.2791666666667
19	31	44.9432894736842	42.460564516129
18	32	45.1094444444444	42.565
17	33	45.4713235294118	42.7802272727273
16	34	45.5503125	42.9899264705882
15	35	45.6401666666667	43.2374285714286
14	36	45.9519642857143	43.3535416666666
13	37	46.1234615384616	43.5837837837838
12	38	46.2360416666667	43.7338157894737
11	39	46.4063636363636	43.925
10	40	46.5925	44.095875
9	41	46.6605555555556	44.2749390243903
8	42	47.0240625	44.4794047619048
7	43	47.1064285714286	44.6679069767442
6	44	47.51375	44.845625
5	45	47.4955	45.0662777777778
4	46	47.50625	45.2429891304348
3	47	47.98	45.4103191489362
2	48	47.9825	45.6378645833333
1	49	48.2075	45.8392346938776
0	50	0	45.97965
