num_of_shame_driven_hiding	num_of_Pavlov	average_fitness_of_shame_driven_hiding	average_fitness_of_Pavlov
50	0	47.5	0
49	1	47.469387755102	44.46
48	2	47.44125	44.48625
47	3	47.4127127659575	44.775
46	4	47.3707065217391	44.678125
45	5	47.3321111111111	44.68
44	6	47.3076704545455	45.1041666666667
43	7	47.27	45.0560714285714
42	8	47.2415476190476	45.069375
41	9	47.2224390243902	45.1919444444444
40	10	47.17875	45.3395
39	11	47.1501923076923	45.1279545454545
38	12	47.1218421052632	45.0172916666667
37	13	47.0962162162162	45.5692307692308
36	14	47.0702777777778	45.34875
35	15	47.0544285714286	45.4776666666667
34	16	46.9870588235294	45.61640625
33	17	47.0280303030303	45.4910294117647
32	18	46.976796875	45.6075
31	19	46.9408870967742	45.6818421052632
30	20	46.9105	45.834
29	21	46.8662931034483	46.0823809523809
28	22	46.8773214285715	45.8778409090909
27	23	46.8423148148148	45.9769565217391
26	24	46.8672115384615	46.0951041666667
25	25	46.8059	46.1611
24	26	46.8033333333333	46.0278846153846
23	27	46.7448913043478	46.1984259259259
22	28	46.7704545454546	46.2001785714286
21	29	46.7552380952381	46.2110344827586
20	30	46.639	46.33975
19	31	46.6831578947369	46.3395967741935
18	32	46.5804166666667	46.595078125
17	33	46.6189705882353	46.3914393939394
16	34	46.60046875	46.5870588235294
15	35	46.6195	46.5704285714286
14	36	46.6107142857143	46.72875
13	37	46.6584615384615	46.6286486486487
12	38	46.4391666666667	46.8352631578947
11	39	46.5722727272727	46.8511538461538
10	40	46.40375	46.8504375
9	41	46.4616666666667	46.864756097561
8	42	46.46	46.9475595238095
7	43	46.5021428571428	46.8701744186046
6	44	46.33875	46.910625
5	45	46.462	46.9206111111111
4	46	46.50125	47.180597826087
3	47	46.3866666666667	47.0189893617021
2	48	46.4	46.9941666666667
1	49	46.6575	47.0138775510204
0	50	0	47.2789
