num_of_shame_driven_hiding	num_of_guilt_driven_amending	average_fitness_of_shame_driven_hiding	average_fitness_of_guilt_driven_amending
50	0	47.5	0
49	1	47.6370408163265	40.1725
48	2	47.7698958333333	40.335
47	3	47.903670212766	40.4291666666667
46	4	48.0025	40.765
45	5	48.1377777777778	40.7045
44	6	48.2518181818182	40.8995833333333
43	7	48.3806976744186	40.9921428571428
42	8	48.5089285714286	41.153125
41	9	48.619756097561	41.2669444444445
40	10	48.7485	41.4075
39	11	48.8573076923077	41.5622727272727
38	12	48.9696052631579	41.6970833333333
37	13	49.1287162162162	41.87
36	14	49.2286805555556	41.9271428571429
35	15	49.3757857142857	42.0655
34	16	49.4716176470588	42.19890625
33	17	49.5652272727273	42.3111764705882
32	18	49.690703125	42.3126388888889
31	19	49.8312903225806	42.5628947368421
30	20	49.9241666666667	42.6955
29	21	50.0651724137931	42.7427380952381
28	22	50.1592857142857	42.86875
27	23	50.2603703703704	42.9979347826087
26	24	50.4296153846154	43.115625
25	25	50.4914	43.1584
24	26	50.6188541666667	43.3403846153846
23	27	50.7240217391304	43.4868518518519
22	28	50.8336363636364	43.5619642857143
21	29	50.9484523809524	43.6860344827586
20	30	51.045125	43.8176666666667
19	31	51.1369736842105	43.9242741935484
18	32	51.2845833333333	43.974765625
17	33	51.4	44.1993181818182
16	34	51.5121875	44.2775735294118
15	35	51.5768333333333	44.356
14	36	51.6989285714286	44.4636111111111
13	37	51.8451923076923	44.5826351351351
12	38	51.9260416666666	44.7111184210526
11	39	52.0420454545455	44.7578205128205
10	40	52.13775	44.915875
9	41	52.2036111111111	45.0318292682927
8	42	52.43375	45.1059523809524
7	43	52.3789285714286	45.2296511627907
6	44	52.5329166666667	45.3400568181818
5	45	52.6795	45.4375555555556
4	46	52.63375	45.5625543478261
3	47	52.8475	45.6552127659574
2	48	52.91	45.77390625
1	49	53.02	45.8200510204082
0	50	0	45.9723
