num_of_shame_driven_hiding	num_of_shame_driven_denying	average_fitness_of_shame_driven_hiding	average_fitness_of_shame_driven_denying
50	0	47.5	0
49	1	47.3655102040816	42.6675
48	2	47.2530208333333	42.51375
47	3	47.1244680851064	42.4483333333333
46	4	47.0009782608696	42.34375
45	5	46.8492777777778	42.3795
44	6	46.7309659090909	42.27125
43	7	46.635523255814	42.1978571428571
42	8	46.5241071428571	42.0221875
41	9	46.3695121951219	42.0591666666667
40	10	46.3061875	41.9375
39	11	46.1702564102564	41.9429545454545
38	12	46.0286842105263	41.8208333333333
37	13	45.9372972972973	41.6894230769231
36	14	45.8321527777778	41.6817857142857
35	15	45.6835714285714	41.7121666666667
34	16	45.62625	41.4815625
33	17	45.5003787878788	41.4976470588235
32	18	45.4003125	41.4186111111111
31	19	45.3226612903226	41.3182894736842
30	20	45.1951666666667	41.2335
29	21	45.0525862068965	41.1553571428572
28	22	44.9915178571429	41.0103409090909
27	23	44.8459259259259	41.1008695652174
26	24	44.7675961538461	41.0575
25	25	44.7099	40.9092
24	26	44.593125	40.8070192307692
23	27	44.4922826086957	40.7922222222222
22	28	44.3928409090909	40.7342857142857
21	29	44.2728571428571	40.6665517241379
20	30	44.224	40.578
19	31	44.1002631578947	40.4964516129032
18	32	43.9402777777778	40.469921875
17	33	43.9504411764706	40.4139393939394
16	34	43.8121875	40.3516176470588
15	35	43.7281666666667	40.2682142857143
14	36	43.68625	40.1429166666667
13	37	43.5544230769231	40.1544594594595
12	38	43.3925	40.0755921052632
11	39	43.4193181818182	39.9965384615385
10	40	43.2275	39.9674375
9	41	43.1655555555555	39.909756097561
8	42	43.078125	39.7974404761905
7	43	43.1885714285714	39.7142441860465
6	44	42.9945833333333	39.660625
5	45	42.7315	39.6234444444445
4	46	42.6325	39.5641847826087
3	47	42.6741666666667	39.5080319148936
2	48	42.5625	39.3988020833333
1	49	42.61	39.4219387755102
0	50	0	39.34915
