num_of_TFT_with_trembling_hand	num_of_shame_driven_denying	average_fitness_of_TFT_with_trembling_hand	average_fitness_of_shame_driven_denying
50	0	43.43835	0
49	1	43.2968367346939	44.22
48	2	43.28046875	44.71625
47	3	43.046170212766	44.4583333333333
46	4	43.0375543478261	44.13625
45	5	42.8822222222222	44.039
44	6	42.8221022727273	43.9133333333333
43	7	42.6893023255814	43.74
42	8	42.585	43.6609375
41	9	42.5276219512195	43.6163888888889
40	10	42.3636875	43.618
39	11	42.2649358974359	43.4129545454545
38	12	42.1816447368421	43.2979166666667
37	13	42.0563513513514	43.2163461538462
36	14	41.9103472222222	43.0526785714286
35	15	41.8885	42.9281666666667
34	16	41.775955882353	42.94953125
33	17	41.6517424242424	42.8883823529412
32	18	41.59359375	42.7956944444445
31	19	41.4223387096774	42.5793421052632
30	20	41.44025	42.44075
29	21	41.2625862068966	42.399880952381
28	22	41.0885714285714	42.3348863636364
27	23	41.0161111111111	42.149347826087
26	24	41.04	42.1005208333333
25	25	40.8059	41.8887
24	26	40.6894791666667	41.8606730769231
23	27	40.5846739130435	41.7227777777778
22	28	40.4565909090909	41.6919642857143
21	29	40.3805952380953	41.5822413793104
20	30	40.306125	41.4389166666667
19	31	40.2340789473684	41.3879838709677
18	32	40.0566666666667	41.239296875
17	33	40.0466176470588	41.0831060606061
16	34	39.92765625	41.09625
15	35	39.7566666666667	40.9543571428571
14	36	39.7257142857143	40.8372916666667
13	37	39.5642307692308	40.6818243243243
12	38	39.4679166666667	40.6334868421053
11	39	39.3186363636364	40.4607051282051
10	40	39.3585	40.422375
9	41	39.0352777777778	40.2306097560976
8	42	39.116875	40.1645833333333
7	43	39.0757142857143	40.1009302325582
6	44	38.83	40.0119886363636
5	45	38.7445	39.8827222222222
4	46	38.795	39.8228260869565
3	47	38.4791666666667	39.6206914893617
2	48	38.29	39.5375520833333
1	49	38.17	39.4708163265306
0	50	0	39.3276
