num_of_TFT_with_trembling_hand	num_of_shame_driven_hiding	average_fitness_of_TFT_with_trembling_hand	average_fitness_of_shame_driven_hiding
50	0	43.43365	0
49	1	43.4111224489796	48.3625
48	2	43.37171875	48.245
47	3	43.3139361702128	48.3066666666667
46	4	43.3283695652174	48.411875
45	5	43.288	48.41
44	6	43.2314772727273	48.1995833333334
43	7	43.0951744186046	48.2307142857143
42	8	43.1230952380952	48.2428125
41	9	43.0659756097561	48.2741666666667
40	10	43.0810625	48.20575
39	11	43.0667948717949	48.1861363636364
38	12	43.0214473684211	48.13875
37	13	42.994527027027	48.0736538461538
36	14	42.9346527777778	48.1805357142857
35	15	42.9424285714286	48.0906666666667
34	16	42.9146323529412	48.06890625
33	17	42.8000757575758	48.0833823529412
32	18	42.7328125	47.9798611111111
31	19	42.7402419354839	48.0181578947369
30	20	42.7065	47.950375
29	21	42.6858620689655	47.9621428571429
28	22	42.6541964285714	47.9792045454546
27	23	42.6414814814815	47.9356521739131
26	24	42.5900961538462	47.8858333333333
25	25	42.5643	47.8915
24	26	42.5590625	47.8548076923077
23	27	42.4754347826087	47.8710185185185
22	28	42.4156818181818	47.8680357142857
21	29	42.4435714285714	47.8504310344827
20	30	42.323875	47.80125
19	31	42.3923684210526	47.7966935483871
18	32	42.4194444444444	47.805625
17	33	42.2632352941176	47.755
16	34	42.28265625	47.7485294117647
15	35	42.2803333333333	47.7224285714286
14	36	42.07	47.6855555555556
13	37	42.1519230769231	47.7008108108108
12	38	42.151875	47.6731578947368
11	39	42.1579545454546	47.6661538461538
10	40	42.003	47.6255
9	41	41.9388888888889	47.6388414634146
8	42	42.0253125	47.6097619047619
7	43	41.84	47.5969186046512
6	44	41.9108333333333	47.6017613636363
5	45	41.8085	47.568
4	46	41.619375	47.5623369565217
3	47	41.7741666666667	47.5352659574468
2	48	41.7475	47.5283854166667
1	49	41.545	47.5128571428571
0	50	0	47.5
