num_of_TFT_with_trembling_hand	num_of_Pavlov	average_fitness_of_TFT_with_trembling_hand	average_fitness_of_Pavlov
50	0	43.4093	0
49	1	43.3663775510204	46.2475
48	2	43.23890625	45.43
47	3	43.1808510638298	45.8633333333333
46	4	43.1929347826087	46.1
45	5	43.1765	46.188
44	6	43.0929545454545	45.90375
43	7	43.0927906976744	46.1432142857143
42	8	42.9639880952381	46.1259375
41	9	42.8971951219512	46.1683333333334
40	10	42.8356875	46.383
39	11	42.794358974359	46.2770454545455
38	12	42.7284210526316	46.338125
37	13	42.7297297297297	46.1826923076923
36	14	42.6204861111111	46.3475
35	15	42.6125714285714	46.6021666666667
34	16	42.535	46.27328125
33	17	42.4279545454545	46.6132352941177
32	18	42.363203125	46.3905555555555
31	19	42.3070161290323	46.5407894736842
30	20	42.2354166666667	46.488
29	21	42.3319827586207	46.4891666666667
28	22	42.1805357142857	46.8197727272727
27	23	42.1146296296296	46.6807608695652
26	24	42.0816346153846	46.6328125
25	25	41.9531	46.6594
24	26	41.938125	46.8893269230769
23	27	41.8542391304348	46.8375925925926
22	28	41.9029545454545	46.7279464285715
21	29	41.7690476190476	46.825775862069
20	30	41.6765	46.8898333333334
19	31	41.7443421052632	46.9297580645161
18	32	41.6204166666667	46.88796875
17	33	41.5345588235294	47.0750757575758
16	34	41.41359375	46.8497058823529
15	35	41.4156666666667	47.0145714285715
14	36	41.3778571428571	46.9434027777778
13	37	41.3519230769231	46.9414864864865
12	38	41.2285416666667	46.9936184210526
11	39	41.1845454545454	47.1530769230769
10	40	40.9895	47.0965625
9	41	41.1419444444445	47.0115853658537
8	42	41.0209375	47.0160119047619
7	43	40.8939285714286	46.8011627906977
6	44	40.94125	47.1547727272727
5	45	40.806	47.1850555555556
4	46	40.7375	47.1172826086956
3	47	40.5416666666667	47.1520212765957
2	48	40.7175	47.19953125
1	49	40.555	47.2676530612245
0	50	0	47.15975
