num_of_tit_for_tat	num_of_guilt_driven_amending	average_fitness_of_tit_for_tat	average_fitness_of_guilt_driven_amending
50	0	50	0
49	1	49.9144387755102	49.9575
48	2	49.8315104166667	49.915
47	3	49.7468617021277	49.7133333333333
46	4	49.66375	49.73625
45	5	49.5793888888889	49.566
44	6	49.4843181818182	49.5108333333333
43	7	49.4074418604651	49.4532142857143
42	8	49.3333928571429	49.3725
41	9	49.2565853658537	49.1986111111111
40	10	49.158	49.15025
39	11	49.0679487179487	49.0740909090909
38	12	48.9654605263158	49.0725
37	13	48.9050675675676	48.9830769230769
36	14	48.8150694444444	48.8848214285714
35	15	48.7348571428571	48.7675
34	16	48.6816911764706	48.718125
33	17	48.545303030303	48.6564705882353
32	18	48.484765625	48.5163888888889
31	19	48.4052419354839	48.4347368421053
30	20	48.3003333333333	48.421125
29	21	48.2156896551724	48.3146428571428
28	22	48.1283928571429	48.1860227272727
27	23	48.057037037037	48.1015217391304
26	24	48.0063461538461	48.0422916666666
25	25	47.9017	47.9807
24	26	47.8102083333333	47.93
23	27	47.7198913043478	47.8663888888889
22	28	47.6345454545455	47.7397321428572
21	29	47.5211904761905	47.6053448275862
20	30	47.478375	47.5640833333333
19	31	47.3521052631579	47.5558870967742
18	32	47.2919444444444	47.405859375
17	33	47.2277941176471	47.3343181818182
16	34	47.13640625	47.1983823529412
15	35	47.0668333333333	47.2047142857143
14	36	46.9592857142857	47.0746527777778
13	37	46.8126923076923	47.0382432432432
12	38	46.785625	46.9167763157895
11	39	46.6931818181818	46.8217948717949
10	40	46.56325	46.7986875
9	41	46.5175	46.7259756097561
8	42	46.424375	46.6254761904762
7	43	46.3496428571429	46.5093604651163
6	44	46.2920833333333	46.4251704545455
5	45	46.191	46.3629444444444
4	46	46.124375	46.3224456521739
3	47	46.0408333333333	46.2475531914894
2	48	45.9225	46.163125
1	49	45.8975	46.0500510204082
0	50	0	45.973
