num_of_tit_for_tat	num_of_shame_driven_hiding	average_fitness_of_tit_for_tat	average_fitness_of_shame_driven_hiding
50	0	50	0
49	1	49.8155102040816	57.5
48	2	49.615625	57.355
47	3	49.4291489361702	57.1333333333333
46	4	49.2436956521739	56.9525
45	5	49.0697777777778	56.752
44	6	48.8597727272727	56.585
43	7	48.7051162790698	56.3414285714286
42	8	48.4726190476191	56.2175
41	9	48.3087804878049	56.0233333333333
40	10	48.118	55.819
39	11	47.9079487179487	55.5681818181818
38	12	47.7089473684211	55.4616666666667
37	13	47.5391891891892	55.1807692307692
36	14	47.3411111111111	55.0678571428572
35	15	47.1205714285714	54.808
34	16	46.9341176470588	54.62
33	17	46.7490909090909	54.4382352941176
32	18	46.5709375	54.26
31	19	46.3477419354839	54.0626315789474
30	20	46.1383333333333	53.8465
29	21	45.9193103448276	53.6057142857143
28	22	45.7460714285715	53.4304545454545
27	23	45.5674074074074	53.3169565217391
26	24	45.3619230769231	53.0320833333333
25	25	45.1784	52.8364
24	26	44.87875	52.5826923076923
23	27	44.7308695652174	52.4559259259259
22	28	44.4990909090909	52.2060714285714
21	29	44.3052380952381	52.0089655172414
20	30	44.09	51.813
19	31	43.97	51.6377419354839
18	32	43.7333333333333	51.4159375
17	33	43.5947058823529	51.1936363636364
16	34	43.3075	50.9097058823529
15	35	43.0646666666667	50.7662857142857
14	36	42.8728571428571	50.5208333333333
13	37	42.5253846153846	50.365945945946
12	38	42.4333333333333	50.1321052631579
11	39	42.2318181818182	49.9469230769231
10	40	42.004	49.7095
9	41	41.7233333333333	49.5036585365853
8	42	41.555	49.2969047619047
7	43	41.3057142857143	49.0425581395349
6	44	41.12	48.8706818181818
5	45	40.874	48.6328888888889
4	46	40.62	48.4060869565217
3	47	40.5033333333333	48.17
2	48	40.24	47.9420833333333
1	49	40	47.7240816326531
0	50	0	47.5
