num_of_tit_for_tat	num_of_TFT_with_trembling_hand	average_fitness_of_tit_for_tat	average_fitness_of_TFT_with_trembling_hand
50	0	50	0
49	1	49.8386224489796	50.85
48	2	49.6553125	50.73375
47	3	49.5087765957447	50.6733333333333
46	4	49.3352173913044	50.446875
45	5	49.1752222222222	50.351
44	6	48.9846590909091	50.16
43	7	48.835	50.0617857142857
42	8	48.6679166666667	49.8865625
41	9	48.5214634146341	49.7097222222222
40	10	48.344125	49.52175
39	11	48.1851923076923	49.4181818181818
38	12	47.9904605263158	49.261875
37	13	47.867972972973	49.0171153846154
36	14	47.6915972222222	48.95375
35	15	47.4999285714286	48.6688333333334
34	16	47.3447794117647	48.591875
33	17	47.1478787878788	48.5020588235294
32	18	47.043828125	48.2940277777778
31	19	46.8622580645161	48.1731578947368
30	20	46.6731666666667	47.972
29	21	46.5499137931034	47.9130952380952
28	22	46.3188392857143	47.7096590909091
27	23	46.1481481481482	47.4778260869565
26	24	46.0263461538462	47.38625
25	25	45.8269	47.2234
24	26	45.65	47.04875
23	27	45.4844565217391	46.957037037037
22	28	45.3586363636364	46.7357142857143
21	29	45.2025	46.6037931034483
20	30	45.0225	46.53775
19	31	44.8609210526316	46.2992741935484
18	32	44.6565277777778	46.205078125
17	33	44.5245588235294	45.9766666666666
16	34	44.413125	45.9330882352941
15	35	44.2095	45.6825714285714
14	36	44.01125	45.6061805555556
13	37	43.7590384615385	45.4472297297297
12	38	43.6939583333333	45.2609210526316
11	39	43.5377272727273	45.1573717948718
10	40	43.29825	45.0111875
9	41	43.2261111111111	44.7861585365854
8	42	43.0553125	44.6697619047619
7	43	42.8842857142857	44.5138953488372
6	44	42.7108333333333	44.3803409090909
5	45	42.468	44.2044444444444
4	46	42.31375	44.0673913043478
3	47	42.0725	43.9120744680851
2	48	41.90125	43.7391145833333
1	49	41.555	43.5825510204082
0	50	0	43.40845
