num_of_tit_for_tat	num_of_Pavlov	average_fitness_of_tit_for_tat	average_fitness_of_Pavlov
50	0	50	0
49	1	49.7781632653061	50.8875
48	2	49.5736979166667	50.83125
47	3	49.3607978723404	50.1116666666667
46	4	49.1575	50.4625
45	5	48.9603888888889	50.66
44	6	48.7266477272727	50.3545833333333
43	7	48.5452906976744	50.4425
42	8	48.3201785714285	50.3859375
41	9	48.09	50.2986111111111
40	10	47.86425	50.327
39	11	47.6419230769231	50.2520454545455
38	12	47.4582894736842	50.115
37	13	47.2775675675676	49.9392307692307
36	14	47.0696527777778	49.7555357142857
35	15	46.7851428571429	49.6456666666667
34	16	46.6058823529412	49.7065625
33	17	46.395606060606	49.6360294117647
32	18	46.15859375	49.5108333333333
31	19	46.0108870967742	49.5764473684211
30	20	45.7368333333333	49.510625
29	21	45.5288793103448	49.3669047619048
28	22	45.3382142857143	49.3690909090909
27	23	45.1607407407407	49.2025
26	24	44.8772115384615	49.1544791666667
25	25	44.6402	48.8782
24	26	44.5436458333333	49.0182692307692
23	27	44.2369565217391	48.9505555555556
22	28	44.0953409090909	48.9088392857143
21	29	43.8555952380952	48.8358620689655
20	30	43.623375	48.69125
19	31	43.4364473684211	48.4882258064516
18	32	43.1577777777778	48.494140625
17	33	42.9627941176471	48.247196969697
16	34	42.710625	48.3152941176471
15	35	42.5741666666667	48.231
14	36	42.3453571428571	48.0877083333333
13	37	42.1109615384616	48.2983783783784
12	38	41.9289583333333	48.2250657894737
11	39	41.6427272727273	47.9383333333333
10	40	41.49675	48.044875
9	41	41.2830555555556	47.8715853658537
8	42	40.9384375	47.6708928571429
7	43	40.895	47.8766279069767
6	44	40.4654166666667	47.4944318181818
5	45	40.4565	47.5847222222222
4	46	40.1825	47.575
3	47	40.1066666666667	47.3868617021276
2	48	39.66125	47.2808854166667
1	49	39.59	47.2871428571429
0	50	0	47.1525
