num_of_always_cooperate	num_of_guilt_driven_amending	average_fitness_of_always_cooperate	average_fitness_of_guilt_driven_amending
100	0	150	0
99	1	149.805454545455	154.7125
98	2	149.612040816326	154.47875
97	3	149.416907216495	154.211666666667
96	4	149.223645833333	154.004375
95	5	149.056421052632	153.746
94	6	148.863936170213	153.445833333333
93	7	148.642043010753	153.149642857143
92	8	148.475869565217	152.8846875
91	9	148.265164835165	152.679722222222
90	10	148.088333333333	152.3435
89	11	147.900898876405	152.1975
88	12	147.671477272727	151.855208333333
87	13	147.489310344828	151.662884615385
86	14	147.319069767442	151.397678571429
85	15	147.137411764706	151.101833333333
84	16	146.901904761905	150.89859375
83	17	146.727951807229	150.640735294118
82	18	146.554024390244	150.348055555556
81	19	146.341234567901	150.159605263158
80	20	146.166	149.866
79	21	145.969240506329	149.596666666667
78	22	145.771538461538	149.378181818182
77	23	145.572337662338	149.128152173913
76	24	145.428157894737	148.844791666667
75	25	145.214933333333	148.5567
74	26	145.022567567568	148.294807692308
73	27	144.788493150685	148.08712962963
72	28	144.652916666667	147.849553571429
71	29	144.461549295775	147.508275862069
70	30	144.239285714286	147.246083333333
69	31	144.050144927536	147.082983870968
68	32	143.863382352941	146.80703125
67	33	143.689253731343	146.506818181818
66	34	143.488333333333	146.211323529412
65	35	143.288307692308	146.031928571429
64	36	143.09125	145.856388888889
63	37	142.929841269841	145.451621621622
62	38	142.718064516129	145.206118421053
61	39	142.549508196721	144.956666666667
60	40	142.340666666667	144.673625
59	41	142.19	144.531707317073
58	42	141.969310344828	144.206071428571
57	43	141.758947368421	143.901860465116
56	44	141.569464285714	143.708068181818
55	45	141.432727272727	143.407444444444
54	46	141.205925925926	143.185217391304
53	47	140.995094339623	142.899787234042
52	48	140.773076923077	142.649427083333
51	49	140.600588235294	142.360816326531
50	50	140.4586	142.13905
49	51	140.265918367347	141.890931372549
48	52	140.013333333333	141.622115384615
47	53	139.808510638298	141.371273584906
46	54	139.607173913043	141.114537037037
45	55	139.509555555556	140.879045454545
44	56	139.278863636364	140.579553571429
43	57	139.111860465116	140.321842105263
42	58	138.932142857143	140.124525862069
41	59	138.703414634146	139.864194915254
40	60	138.53875	139.529
39	61	138.316923076923	139.288729508197
38	62	138.095526315789	139.066532258065
37	63	137.985135135135	138.79876984127
36	64	137.785277777778	138.575390625
35	65	137.568571428571	138.304461538462
34	66	137.349705882353	138.067234848485
33	67	137.133939393939	137.788880597015
32	68	136.9740625	137.536764705882
31	69	136.769677419355	137.253442028986
30	70	136.606333333333	137.002821428571
29	71	136.401379310345	136.751549295775
28	72	136.2425	136.530902777778
27	73	136.018518518518	136.244863013699
26	74	135.856538461538	136.035236486487
25	75	135.636	135.733433333333
24	76	135.449583333333	135.490822368421
23	77	135.273043478261	135.232402597403
22	78	135.018181818182	134.936698717949
21	79	134.77619047619	134.733006329114
20	80	134.7525	134.4174375
19	81	134.482631578947	134.200740740741
18	82	134.305555555556	133.932713414634
17	83	134.07	133.678825301205
16	84	133.840625	133.442142857143
15	85	133.748	133.178558823529
14	86	133.626428571429	132.885261627907
13	87	133.343076923077	132.649712643678
12	88	133.145	132.408409090909
11	89	132.95	132.111601123595
10	90	132.79	131.841361111111
9	91	132.535555555556	131.635082417582
8	92	132.3325	131.37375
7	93	132.167142857143	131.112419354839
6	94	131.978333333333	130.845585106383
5	95	131.77	130.6215
4	96	131.6175	130.319140625
3	97	131.453333333333	130.071881443299
2	98	131.235	129.861020408163
1	99	131.09	129.577803030303
0	100	0	129.312475
