num_of_always_trembling	num_of_guilt_driven_amending	average_fitness_of_always_trembling	average_fitness_of_guilt_driven_amending
100	0	74.987775	0
99	1	75.2614141414141	66.325
98	2	75.7690051020408	68.03375
97	3	75.9649742268041	68.445
96	4	76.3235677083334	68.2375
95	5	76.7953421052631	68.978
94	6	77.1004521276596	69.6520833333333
93	7	77.4074462365591	69.8610714285714
92	8	77.9727989130435	70.811875
91	9	78.0928571428571	71.7008333333333
90	10	78.3816666666667	72.15925
89	11	78.9190449438202	72.8993181818182
88	12	79.2261079545455	73.6275
87	13	79.4543390804598	73.9767307692308
86	14	79.9991860465117	74.7291071428571
85	15	80.0944411764706	75.4268333333333
84	16	80.5055952380952	76.0265625
83	17	80.8009638554217	76.7579411764706
82	18	81.1799390243903	77.5004166666666
81	19	81.4085185185185	77.751447368421
80	20	81.95053125	78.398125
79	21	82.3544620253165	79.4078571428571
78	22	82.4690705128206	79.99875
77	23	82.9317857142857	80.6042391304348
76	24	83.3023684210526	81.3530208333333
75	25	83.5857333333333	81.8081
74	26	83.9592567567568	82.4378846153846
73	27	84.3615753424658	82.9177777777778
72	28	84.6587847222222	83.7438392857143
71	29	84.9646478873239	84.3231896551724
70	30	85.3412857142857	84.9453333333333
69	31	85.8282971014492	85.5561290322581
68	32	85.9543382352941	86.158984375
67	33	86.4048134328358	86.7674242424242
66	34	86.7051893939394	87.3039705882353
65	35	87.0341153846154	87.9905
64	36	87.4585546875	88.6284027777778
63	37	87.7359126984127	89.2721621621622
62	38	87.9520161290322	89.7819736842105
61	39	88.4353278688524	90.4864102564103
60	40	88.726875	91.2978125
59	41	89.059872881356	91.8865853658537
58	42	89.4342672413793	92.655
57	43	89.8217105263158	93.2368023255814
56	44	90.0915178571429	93.7498295454546
55	45	90.4860909090909	94.4027777777778
54	46	90.8993981481481	95.0089130434783
53	47	91.1884433962264	95.5750531914894
52	48	91.4375	96.4611979166667
51	49	91.9063725490196	96.7991836734694
50	50	92.15605	97.6235
49	51	92.5588265306122	98.2299019607843
48	52	92.9958333333333	98.7613942307692
47	53	93.1265425531915	99.4810377358491
46	54	93.52375	100.169027777778
45	55	93.9516111111111	100.612272727273
44	56	94.1150000000001	101.306741071429
43	57	94.6332558139535	102.028114035088
42	58	94.8835714285714	102.725775862069
41	59	95.2635975609756	103.332033898305
40	60	95.652	103.963666666667
39	61	95.9267948717948	104.66381147541
38	62	96.3549342105263	105.249072580645
37	63	96.4917567567567	105.809484126984
36	64	97.0085416666667	106.454296875
35	65	97.5862857142857	107.005615384615
34	66	97.8395588235294	107.782916666667
33	67	97.9870454545454	108.399552238806
32	68	98.24515625	109.061654411765
31	69	98.748064516129	109.640471014493
30	70	99.0454166666667	110.23325
29	71	99.3468965517241	110.895598591549
28	72	99.686875	111.546770833333
27	73	100.336203703704	112.114726027397
26	74	100.341538461538	112.715743243243
25	75	100.9162	113.378566666667
24	76	100.947916666667	114.120592105263
23	77	101.501630434783	114.71301948052
22	78	101.672272727273	115.363493589744
21	79	102.091071428571	115.90082278481
20	80	102.66225	116.60971875
19	81	102.671447368421	117.198518518518
18	82	103.230277777778	117.832713414634
17	83	103.433235294118	118.486084337349
16	84	103.94515625	119.163988095238
15	85	104.1945	119.776852941176
14	86	104.462321428571	120.374534883721
13	87	104.800384615385	121.090488505747
12	88	105.283333333333	121.782784090909
11	89	105.508181818182	122.298398876405
10	90	105.90725	122.970388888889
9	91	106.013611111111	123.546593406593
8	92	106.5715625	124.252744565217
7	93	106.876785714286	124.859919354839
6	94	107.152916666667	125.556968085106
5	95	107.866	126.090105263158
4	96	108.08375	126.776796875
3	97	108.08	127.407268041237
2	98	108.53375	128.060204081633
1	99	108.845	128.682247474747
0	100	0	129.322175
