num_of_always_trembling	num_of_Pavlov	average_fitness_of_always_trembling	average_fitness_of_Pavlov
100	0	74.932375	0
99	1	75.2458333333333	74.5725
98	2	75.796862244898	75.83375
97	3	75.9615979381443	76.1075
96	4	76.3620833333333	76.046875
95	5	76.7082368421053	75.975
94	6	76.9506914893616	76.5445833333333
93	7	77.5090860215054	76.94
92	8	77.8550543478261	77.77
91	9	78.1407417582418	77.7027777777778
90	10	78.4651111111111	78.3975
89	11	78.8714606741573	78.2088636363637
88	12	79.1023295454546	78.8066666666667
87	13	79.759683908046	78.9969230769231
86	14	80.0240406976744	79.3196428571428
85	15	80.2704705882353	79.9728333333333
84	16	80.5499404761905	79.825625
83	17	80.9757831325302	80.6326470588235
82	18	81.3304268292683	80.6922222222222
81	19	81.5817592592593	81.5940789473684
80	20	82.0675	81.498875
79	21	82.2738924050633	81.9314285714285
78	22	82.626217948718	82.2304545454545
77	23	83.0328896103896	82.991847826087
76	24	83.1823355263158	82.8913541666667
75	25	83.6896333333333	83.3329
74	26	84.1173648648648	83.5364423076923
73	27	84.3115068493151	84.2128703703704
72	28	84.795625	84.7195535714286
71	29	85.0551408450704	84.6514655172414
70	30	85.3832142857143	85.136
69	31	85.8446739130435	85.4483064516129
68	32	86.1862867647059	85.80296875
67	33	86.5124253731343	86.0743181818182
66	34	86.8523106060606	86.4984558823529
65	35	87.1815769230769	86.6536428571429
64	36	87.4544921875	87.2592361111111
63	37	87.8265079365079	87.4858783783784
62	38	88.2304032258064	87.9519078947368
61	39	88.5009836065574	88.2978846153846
60	40	89.03425	88.8214375
59	41	89.1630084745763	89.0165853658537
58	42	89.6460775862069	89.4182738095238
57	43	90.0099122807018	89.635523255814
56	44	90.3546428571428	90.0705681818181
55	45	90.7191818181818	90.3575555555555
54	46	90.9459722222222	90.7252717391304
53	47	91.4662264150943	91.1085106382978
52	48	91.7913942307692	91.4080208333333
51	49	91.8858333333334	91.8462755102041
50	50	92.51185	92.23435
49	51	92.9624489795918	92.4510294117647
48	52	92.8852604166666	93.1697115384616
47	53	93.2493085106383	93.1920283018868
46	54	93.7134782608696	93.6262037037037
45	55	94.0509444444444	93.8969545454545
44	56	94.5675	94.3520089285715
43	57	94.8528488372093	94.6477631578948
42	58	94.9779761904762	95.0240948275862
41	59	95.397987804878	95.3541949152542
40	60	96.065375	95.7993333333333
39	61	95.9787820512821	96.1656147540983
38	62	96.5180263157895	96.5465725806451
37	63	96.806554054054	96.7177777777778
36	64	97.3014583333334	97.166953125
35	65	97.6865	97.4241538461539
34	66	98.0508088235294	97.9170833333333
33	67	98.3200757575757	98.1616417910447
32	68	98.75578125	98.4902573529412
31	69	99.0139516129032	98.8613768115942
30	70	99.1306666666666	99.2005
29	71	99.5941379310345	99.5975704225353
28	72	99.9458035714286	99.9699652777778
27	73	100.184166666667	100.447328767123
26	74	100.725673076923	100.723817567568
25	75	101.0519	101.030266666667
24	76	101.3165625	101.418980263158
23	77	101.848586956522	101.857532467532
22	78	102.220795454545	102.18092948718
21	79	102.26369047619	102.482689873418
20	80	102.88925	102.85534375
19	81	103.091315789474	103.241481481481
18	82	103.440277777778	103.484024390244
17	83	103.564117647059	104.079698795181
16	84	104.03546875	104.278452380952
15	85	104.559666666667	104.692882352941
14	86	104.779107142857	104.975726744186
13	87	105.306923076923	105.365574712644
12	88	105.618958333333	105.7325
11	89	105.484318181818	106.076011235955
10	90	106.61775	106.491944444444
9	91	106.649166666667	106.854945054945
8	92	107.1859375	107.251331521739
7	93	107.555357142857	107.740698924731
6	94	107.487083333333	107.944760638298
5	95	107.7665	108.309447368421
4	96	108.311875	108.732083333333
3	97	109.119166666667	109.060463917526
2	98	109.03375	109.416887755102
1	99	109.735	109.917929292929
0	100	0	110.164
