num_of_always_trembling	num_of_TFT_with_trembling_hand	average_fitness_of_always_trembling	average_fitness_of_TFT_with_trembling_hand
100	0	75.02105	0
99	1	75.3385858585858	67.585
98	2	75.6933163265306	67.1175
97	3	75.9548969072165	67.7116666666666
96	4	76.364375	68.365
95	5	76.6683157894737	69.664
94	6	77.0809308510638	70.1166666666667
93	7	77.3660483870968	70.2132142857143
92	8	77.6079076086957	71.08625
91	9	78.0623076923077	71.4488888888889
90	10	78.3776111111111	72.05975
89	11	78.8169382022472	72.4484090909091
88	12	78.8541761363636	73.04125
87	13	79.2922988505747	74.0146153846154
86	14	79.647761627907	74.3108928571429
85	15	80.0496764705882	74.7273333333333
84	16	80.2672619047619	75.69390625
83	17	80.585421686747	76.1152941176471
82	18	80.9821341463415	76.7308333333333
81	19	81.2183641975309	77.1836842105263
80	20	81.65621875	77.931625
79	21	81.9100316455696	78.2646428571428
78	22	82.2725320512821	78.9621590909091
77	23	82.6112662337662	79.6180434782609
76	24	82.9309210526316	80.0073958333333
75	25	83.2353666666666	80.7455
74	26	83.5453378378378	81.2627884615385
73	27	83.9839383561644	82.0662037037037
72	28	84.3767361111111	82.5340178571429
71	29	84.6715845070422	83.2177586206897
70	30	85.05925	83.6425833333333
69	31	85.1463768115942	84.2047580645161
68	32	85.4793382352941	84.844375
67	33	85.8296268656717	85.1951515151515
66	34	86.2093939393939	85.8202941176471
65	35	86.4281153846154	86.5355
64	36	86.94546875	87.025
63	37	87.3115873015873	87.5144594594595
62	38	87.492620967742	88.2341447368421
61	39	87.948237704918	89.0858974358974
60	40	88.1513333333333	89.421875
59	41	88.5000847457627	89.8069512195122
58	42	88.8021551724138	90.4630357142857
57	43	89.2567982456141	91.2505813953488
56	44	89.4970982142857	91.6654545454545
55	45	89.8998181818182	92.3881111111111
54	46	90.1577777777778	92.8152717391304
53	47	90.4979716981132	93.3312234042553
52	48	90.7115865384616	94.0546875
51	49	91.1752450980392	94.5496428571429
50	50	91.6216	95.1394
49	51	91.9888265306123	95.754362745098
48	52	91.9791145833334	96.4806730769231
47	53	92.493829787234	96.9890566037736
46	54	92.924402173913	97.4464351851852
45	55	93.1858888888889	97.9506818181818
44	56	93.6456818181818	98.6166517857143
43	57	93.8500581395349	99.3310964912281
42	58	94.0972023809524	99.8788793103448
41	59	94.4642073170732	100.409576271186
40	60	94.8491875	100.976583333333
39	61	95.2313461538461	101.578032786885
38	62	95.5659210526316	102.133427419355
37	63	95.7901351351351	102.762301587302
36	64	96.2280555555556	103.240078125
35	65	96.4188571428571	103.739230769231
34	66	96.8055882352941	104.448598484849
33	67	97.2504545454545	105.105634328358
32	68	97.52328125	105.598345588235
31	69	97.6676612903226	106.176594202899
30	70	98.2374166666667	106.634714285714
29	71	98.3303448275862	107.305563380282
28	72	99.0186607142857	107.805138888889
27	73	99.1062037037038	108.600445205479
26	74	99.571923076923	109.069054054054
25	75	99.9173	109.6792
24	76	100.12	110.243486842105
23	77	100.344673913043	110.842435064935
22	78	100.7475	111.367467948718
21	79	101.092738095238	111.970917721519
20	80	101.38	112.57665625
19	81	101.744605263158	113.136327160494
18	82	102.168333333333	113.589207317073
17	83	102.621176470588	114.249337349398
16	84	102.93875	114.890714285714
15	85	103.013166666667	115.385117647059
14	86	103.329464285714	115.983895348837
13	87	103.712115384615	116.642212643678
12	88	104.1325	117.125965909091
11	89	104.525	117.745898876404
10	90	105.10925	118.371666666667
9	91	105.007222222222	118.844725274725
8	92	105.476875	119.47652173913
7	93	105.620357142857	119.985725806452
6	94	106.166666666667	120.646808510638
5	95	106.4835	121.217052631579
4	96	106.78625	121.7984375
3	97	107.46	122.373994845361
2	98	107.14	122.914336734694
1	99	107.535	123.531262626263
0	100	0	124.11255
