num_of_always_cooperate	num_of_shame_driven_denying	average_fitness_of_always_cooperate	average_fitness_of_shame_driven_denying
100	0	150	0
99	1	149.609292929293	159.16
98	2	149.242857142857	158.845
97	3	148.900515463918	158.3625
96	4	148.536458333333	157.829375
95	5	148.143578947368	157.438
94	6	147.755	156.8775
93	7	147.359032258065	156.547142857143
92	8	146.995326086957	155.9471875
91	9	146.60010989011	155.4175
90	10	146.276333333333	155.0345
89	11	145.806966292135	154.654318181818
88	12	145.514659090909	154.197291666667
87	13	145.152988505747	153.724230769231
86	14	144.722790697674	153.247857142857
85	15	144.425647058824	152.750166666667
84	16	144.007619047619	152.24828125
83	17	143.682530120482	151.674117647059
82	18	143.250365853659	151.419722222222
81	19	142.92037037037	151.033421052632
80	20	142.44825	150.45475
79	21	142.078860759494	149.89130952381
78	22	141.766025641026	149.463295454545
77	23	141.410909090909	149.012934782609
76	24	141.043157894737	148.475625
75	25	140.7316	148.0991
74	26	140.264594594595	147.614134615385
73	27	139.898767123288	147.077222222222
72	28	139.435416666667	146.635178571429
71	29	139.189436619718	146.188017241379
70	30	138.680285714286	145.681083333333
69	31	138.493043478261	145.473306451613
68	32	138.093529411765	144.746640625
67	33	137.672985074627	144.344015151515
66	34	137.19696969697	143.823088235294
65	35	136.830923076923	143.542357142857
64	36	136.47390625	143.058611111111
63	37	136.13126984127	142.512162162162
62	38	135.800967741935	142.155592105263
61	39	135.502131147541	141.524294871795
60	40	135.0515	141.0861875
59	41	134.689661016949	140.7025
58	42	134.314482758621	140.304880952381
57	43	133.775438596491	139.738546511628
56	44	133.428035714286	139.297954545455
55	45	133.153090909091	138.796777777778
54	46	132.731111111111	138.335760869565
53	47	132.424528301887	137.851542553192
52	48	131.964038461538	137.368229166667
51	49	131.564117647059	136.914489795918
50	50	131.317	136.5661
49	51	130.898979591837	135.946519607843
48	52	130.552291666667	135.626778846154
47	53	130.005106382979	135.103254716981
46	54	129.884130434783	134.615740740741
45	55	129.298	134.199727272727
44	56	128.965909090909	133.6346875
43	57	128.750697674419	133.160921052632
42	58	128.209047619048	132.70275862069
41	59	127.866097560976	132.307118644068
40	60	127.591	131.727
39	61	127.27641025641	131.423360655738
38	62	126.835789473684	130.885685483871
37	63	126.464864864865	130.423015873016
36	64	126.291111111111	130.014453125
35	65	125.681714285714	129.475384615385
34	66	125.425588235294	129.062386363636
33	67	124.911818181818	128.537462686567
32	68	124.5978125	127.941764705882
31	69	124.149032258065	127.62402173913
30	70	123.757	127.141821428572
29	71	123.614137931034	126.703098591549
28	72	122.971071428571	126.308993055556
27	73	122.615555555556	125.778424657534
26	74	122.230384615385	125.282736486486
25	75	121.8984	124.824166666667
24	76	121.599583333333	124.442467105263
23	77	121.277391304348	123.922662337662
22	78	120.925454545455	123.461185897436
21	79	120.568571428571	122.992911392405
20	80	119.927	122.39365625
19	81	119.658421052632	122.033641975309
18	82	119.269444444444	121.525274390244
17	83	119.015294117647	121.050301204819
16	84	118.619375	120.713005952381
15	85	118.289333333333	120.167264705882
14	86	117.665714285714	119.731860465116
13	87	117.46	119.187212643678
12	88	116.944166666667	118.7596875
11	89	116.654545454545	118.320308988764
10	90	116.187	117.761472222222
9	91	115.87	117.324203296703
8	92	115.4775	116.948586956522
7	93	115.151428571429	116.451908602151
6	94	114.98	115.924627659575
5	95	114.526	115.464578947368
4	96	114.1025	115.076015625
3	97	113.706666666667	114.553969072165
2	98	113.925	114.064795918367
1	99	113.25	113.623813131313
0	100	0	113.19695
