num_of_always_cooperate	num_of_shame_driven_hiding	average_fitness_of_always_cooperate	average_fitness_of_shame_driven_hiding
100	0	150	0
99	1	149.816666666667	155
98	2	149.631632653061	154.835
97	3	149.451134020619	154.666666666667
96	4	149.257604166667	154.4825
95	5	149.079684210526	154.188
94	6	148.897021276596	154.03
93	7	148.707956989247	153.848571428571
92	8	148.514456521739	153.68125
91	9	148.345934065934	153.494444444444
90	10	148.179555555556	153.236
89	11	147.959438202247	153.131818181818
88	12	147.751590909091	152.949166666667
87	13	147.589310344828	152.727692307692
86	14	147.385465116279	152.575714285714
85	15	147.213058823529	152.39
84	16	147.03	152.16625
83	17	146.828795180723	151.993529411765
82	18	146.635853658537	151.782222222222
81	19	146.443333333333	151.587368421053
80	20	146.290375	151.4085
79	21	146.070379746835	151.175714285714
78	22	145.892051282051	151.049545454545
77	23	145.667012987013	150.842173913043
76	24	145.496973684211	150.5925
75	25	145.32	150.458
74	26	145.112972972973	150.209615384615
73	27	144.913561643836	150.101111111111
72	28	144.686388888889	149.825357142857
71	29	144.552676056338	149.692413793103
70	30	144.394857142857	149.477333333333
69	31	144.12768115942	149.241935483871
68	32	143.965294117647	149.0203125
67	33	143.746268656716	148.846666666667
66	34	143.561060606061	148.687647058824
65	35	143.388153846154	148.592285714286
64	36	143.16125	148.335555555556
63	37	142.999682539683	148.14
62	38	142.777903225806	147.902894736842
61	39	142.619180327869	147.697435897436
60	40	142.387	147.541
59	41	142.176610169491	147.334390243902
58	42	142.01	147.117142857143
57	43	141.775263157895	146.950930232558
56	44	141.646071428571	146.694772727273
55	45	141.380363636364	146.521111111111
54	46	141.148333333333	146.350869565217
53	47	141.011698113208	146.207446808511
52	48	140.768076923077	145.927291666667
51	49	140.602745098039	145.738367346939
50	50	140.4018	145.4846
49	51	140.231632653061	145.35862745098
48	52	139.94625	145.131923076923
47	53	139.768936170213	144.943773584906
46	54	139.556956521739	144.724444444444
45	55	139.396	144.537272727273
44	56	139.180681818182	144.290714285714
43	57	138.978837209302	144.141052631579
42	58	138.812380952381	143.957413793103
41	59	138.58	143.733220338983
40	60	138.38975	143.495666666667
39	61	138.182051282051	143.305901639344
38	62	137.920263157895	143.132903225806
37	63	137.777837837838	142.873492063492
36	64	137.566666666667	142.6884375
35	65	137.342857142857	142.481538461538
34	66	137.098235294118	142.258181818182
33	67	136.898484848485	142.050298507463
32	68	136.7184375	141.832647058824
31	69	136.54935483871	141.65884057971
30	70	136.246666666667	141.439428571429
29	71	135.985172413793	141.192676056338
28	72	135.828214285714	140.995
27	73	135.688888888889	140.779178082192
26	74	135.391153846154	140.546486486486
25	75	135.1888	140.390933333333
24	76	134.981666666667	140.175
23	77	134.883913043478	139.958441558442
22	78	134.596818181818	139.780128205128
21	79	134.330952380952	139.557721518987
20	80	134.203	139.301875
19	81	133.978947368421	139.124814814815
18	82	133.806111111111	138.909512195122
17	83	133.474705882353	138.69265060241
16	84	133.248125	138.46869047619
15	85	133.071333333333	138.276352941176
14	86	132.846428571429	138.039069767442
13	87	132.622307692308	137.845517241379
12	88	132.439166666667	137.632727272727
11	89	132.164545454545	137.380786516854
10	90	131.996	137.210111111111
9	91	131.718888888889	136.947582417582
8	92	131.51625	136.742173913043
7	93	131.32	136.532150537634
6	94	131.148333333333	136.310106382979
5	95	130.864	136.099578947368
4	96	130.6525	135.8875
3	97	130.45	135.658350515464
2	98	130.245	135.446632653061
1	99	130	135.230505050505
0	100	0	135
