num_of_always_defect	num_of_Pavlov	average_fitness_of_always_defect	average_fitness_of_Pavlov
100	0	0	0
99	1	1.21747474747475	-24.9325
98	2	2.465	-23.8225
97	3	3.68752577319588	-22.265
96	4	4.91552083333333	-21.058125
95	5	6.12073684210526	-19.607
94	6	7.37085106382979	-18.27
93	7	8.58989247311828	-16.9196428571429
92	8	9.84032608695652	-15.5871875
91	9	11.0614285714286	-14.1961111111111
90	10	12.2475555555556	-12.7025
89	11	13.5241573033708	-11.4788636363636
88	12	14.7001136363636	-10.078125
87	13	15.9371264367816	-8.5325
86	14	17.1751162790698	-7.50035714285714
85	15	18.4190588235294	-5.93983333333333
84	16	19.6557142857143	-4.6246875
83	17	20.8665060240964	-3.45838235294118
82	18	22.0957317073171	-1.9725
81	19	23.2740740740741	-0.592105263157895
80	20	24.48625	0.733375
79	21	25.7651898734177	2.19892857142857
78	22	26.9873076923077	3.50761363636364
77	23	28.1692207792208	4.96836956521739
76	24	29.5326315789474	6.1840625
75	25	30.5934666666667	7.6935
74	26	31.8851351351351	9.06673076923077
73	27	32.9954794520548	10.3209259259259
72	28	34.3258333333333	11.7834821428571
71	29	35.5918309859155	13.1186206896552
70	30	36.7544285714286	14.2755833333333
69	31	38.0527536231884	15.5841935483871
68	32	39.2095588235294	16.94421875
67	33	40.62	18.5389393939394
66	34	41.7198484848485	19.8486029411765
65	35	43.0030769230769	21.1087857142857
64	36	44.2528125	22.5988888888889
63	37	45.3079365079365	24.0141216216216
62	38	46.5354838709678	25.1897368421053
61	39	47.8352459016393	26.5422435897436
60	40	48.9186666666667	28.0715
59	41	50.3652542372882	29.2761585365854
58	42	51.4948275862069	30.7597619047619
57	43	52.7166666666666	32.0258139534884
56	44	53.9883928571429	33.4346022727273
55	45	55.1652727272727	34.9884444444445
54	46	56.2355555555556	36.2066304347826
53	47	57.6996226415095	37.4433510638298
52	48	58.8953846153846	38.9555208333333
51	49	60.0121568627451	40.2454591836735
50	50	61.3782	41.56525
49	51	62.6022448979592	43.1877941176471
48	52	63.83625	44.5319711538462
47	53	65.0885106382979	45.7629245283019
46	54	66.2163043478261	47.1661574074074
45	55	67.5102222222222	48.3972272727273
44	56	68.7709090909091	49.8023214285714
43	57	69.9774418604651	51.1930263157895
42	58	71.2652380952381	52.5322844827586
41	59	72.3126829268293	53.9828389830508
40	60	73.6155	55.3069166666667
39	61	74.8979487179487	56.5788524590164
38	62	76.1547368421053	57.7216532258065
37	63	77.4405405405405	59.4869841269841
36	64	78.4652777777778	60.703046875
35	65	79.7522857142857	62.2316153846154
34	66	81.0788235294117	63.4742045454545
33	67	82.2127272727273	64.9146268656716
32	68	83.47125	66.2329411764706
31	69	84.5993548387097	67.5129347826087
30	70	85.8356666666667	68.8222857142857
29	71	87.1579310344827	70.2934154929577
28	72	88.4014285714286	71.6868055555556
27	73	89.467037037037	72.9804452054795
26	74	90.6846153846154	74.3527702702703
25	75	91.9068	75.7426666666667
24	76	93.4320833333333	77.1223355263158
23	77	94.3652173913044	78.3791883116883
22	78	95.5713636363636	79.9601602564102
21	79	97.0371428571429	81.2118037974683
20	80	97.955	82.535875
19	81	99.5905263157895	83.9013271604938
18	82	100.573333333333	85.4402743902439
17	83	101.598823529412	86.7566265060241
16	84	103.095	88.0408333333334
15	85	104.286	89.4893823529412
14	86	105.505714285714	90.8814534883721
13	87	106.969230769231	92.2471551724138
12	88	108.125833333333	93.5169886363636
11	89	109.190909090909	94.9220786516854
10	90	110.302	96.3726944444445
9	91	111.565555555556	97.7077197802198
8	92	112.6725	99.1177173913043
7	93	114.124285714286	100.438978494624
6	94	115.51	101.868670212766
5	95	116.406	103.134184210526
4	96	117.795	104.642291666667
3	97	119.013333333333	106.050618556701
2	98	120.13	107.431326530612
1	99	121.42	108.717626262626
0	100	0	110.137375
