num_of_always_defect	num_of_shame_driven_hiding	average_fitness_of_always_defect	average_fitness_of_shame_driven_hiding
100	0	0	0
99	1	0.839696969696969	-20.6875
98	2	1.6769387755102	-19.44375
97	3	2.53257731958763	-18.0791666666667
96	4	3.36364583333333	-16.64625
95	5	4.20326315789474	-15.388
94	6	5.03223404255319	-13.9716666666667
93	7	5.86247311827957	-12.7542857142857
92	8	6.68423913043478	-11.364375
91	9	7.53736263736264	-10.1961111111111
90	10	8.40566666666667	-8.47
89	11	9.22089887640449	-7.25977272727273
88	12	10.0506818181818	-5.615
87	13	10.916091954023	-4.54653846153846
86	14	11.7456976744186	-3.00875
85	15	12.5602352941176	-1.63633333333333
84	16	13.4154761904762	-0.20859375
83	17	14.2716867469879	1.18617647058823
82	18	15.0835365853659	2.54652777777778
81	19	15.9540740740741	3.94578947368421
80	20	16.814125	5.392375
79	21	17.6269620253165	6.78535714285714
78	22	18.4819230769231	8.16295454545454
77	23	19.3016883116883	9.46619565217391
76	24	20.1367105263158	10.9415625
75	25	20.992	12.4515
74	26	21.8354054054054	13.7803846153846
73	27	22.6408219178082	15.2755555555556
72	28	23.51375	16.7974107142857
71	29	24.3245070422535	18.060775862069
70	30	25.1958571428571	19.6688333333333
69	31	26.0039130434782	21.1138709677419
68	32	26.8458823529412	22.563984375
67	33	27.6968656716418	23.9462878787879
66	34	28.534696969697	25.4613235294118
65	35	29.3581538461539	26.9204285714286
64	36	30.21765625	28.4570138888889
63	37	31.0593650793651	29.8816216216216
62	38	31.8912903225806	31.34375
61	39	32.7004918032787	32.6923717948718
60	40	33.564	34.4366875
59	41	34.424406779661	35.7607317073171
58	42	35.2415517241379	37.2165476190476
57	43	36.1112280701754	38.8020348837209
56	44	36.8971428571429	40.4102272727273
55	45	37.7514545454545	41.6668888888889
54	46	38.5842592592593	43.3860326086956
53	47	39.4692452830189	44.9096808510638
52	48	40.3105769230769	46.48609375
51	49	41.0970588235294	47.8491836734694
50	50	41.9794	49.56615
49	51	42.7491836734694	51.0020098039216
48	52	43.5927083333334	52.5449038461538
47	53	44.5038297872341	54.0180188679245
46	54	45.2971739130435	55.7459722222223
45	55	46.1	57.1808181818182
44	56	47.0384090909091	58.7929464285714
43	57	47.7937209302326	60.3751754385965
42	58	48.7085714285714	61.9973706896552
41	59	49.5156097560976	63.5777118644068
40	60	50.354	65.2655833333334
39	61	51.2	66.806475409836
38	62	52.0510526315789	68.4864516129032
37	63	52.8456756756757	70.0130158730159
36	64	53.7236111111111	71.588515625
35	65	54.538	73.3423076923077
34	66	55.3588235294118	74.8801893939394
33	67	56.1827272727273	76.5376865671642
32	68	57.0003125	78.1636764705882
31	69	57.9054838709677	79.9236594202899
30	70	58.6923333333333	81.5260714285714
29	71	59.5989655172414	83.2325
28	72	60.3578571428571	84.7979861111111
27	73	61.232962962963	86.5185273972603
26	74	62.1480769230769	88.2862162162162
25	75	62.9112	89.9788333333333
24	76	63.7820833333333	91.5575
23	77	64.5513043478261	93.3996103896104
22	78	65.4440909090909	95.0786538461539
21	79	66.2742857142857	96.8333860759494
20	80	67.175	98.567125
19	81	68.0489473684211	100.305740740741
18	82	68.905	102.019634146341
17	83	69.5258823529412	103.852680722892
16	84	70.481875	105.534345238095
15	85	71.3766666666666	107.297735294118
14	86	72.0514285714286	109.079186046512
13	87	72.9907692307692	110.952844827586
12	88	73.9416666666667	112.616647727273
11	89	74.7654545454546	114.4625
10	90	75.507	116.297027777778
9	91	76.3266666666667	118.178956043956
8	92	77.07875	119.959592391304
7	93	78.0528571428571	121.803897849462
6	94	78.7333333333334	123.655904255319
5	95	79.694	125.540289473684
4	96	80.6025	127.428880208333
3	97	81.2333333333333	129.334793814433
2	98	82.76	131.179209183673
1	99	83.19	133.098484848485
0	100	0	135
