num_of_always_trembling	num_of_shame_driven_hiding	average_fitness_of_always_trembling	average_fitness_of_shame_driven_hiding
100	0	75.0662	0
99	1	75.2064141414141	67.765
98	2	75.644081632653	68.1475
97	3	75.9960824742268	68.5516666666667
96	4	76.3467447916667	69.001875
95	5	76.5015263157895	69.689
94	6	76.7441223404255	70.66625
93	7	77.1208064516129	71.0582142857143
92	8	77.6511684782609	71.416875
91	9	77.8082967032967	72.4633333333333
90	10	78.23025	72.509
89	11	78.4092134831461	73.1990909090909
88	12	78.7602556818182	73.9675
87	13	79.0405459770115	74.3682692307692
86	14	79.344534883721	74.6951785714286
85	15	79.7432352941177	75.5135
84	16	80.0262202380952	76.2540625
83	17	80.2452409638554	76.9269117647058
82	18	80.7906402439024	77.6484722222222
81	19	80.9717592592592	78.2371052631579
80	20	81.29271875	78.857375
79	21	81.6603481012658	79.8415476190476
78	22	82.020032051282	80.0544318181818
77	23	82.3036038961039	80.7506521739131
76	24	82.6377302631579	81.4610416666667
75	25	82.8506666666666	82.0082
74	26	83.2448986486486	82.6321153846154
73	27	83.4902739726028	83.2096296296296
72	28	83.8077430555555	83.8407142857143
71	29	84.0257042253521	84.7763793103448
70	30	84.3318214285715	85.1459166666666
69	31	84.6065217391305	85.9325806451613
68	32	85.0859926470588	86.47375
67	33	85.4578731343284	87.3733333333334
66	34	85.6173484848485	87.7802205882353
65	35	86.0208076923077	88.4978571428572
64	36	86.3878515625	89.0777777777778
63	37	86.6548412698413	89.7427027027027
62	38	86.9331048387097	90.4150657894737
61	39	87.1818442622951	91.0402564102564
60	40	87.5115416666666	91.7335
59	41	87.9670762711865	92.4250609756098
58	42	88.370948275862	93.125
57	43	88.2756140350877	93.7351162790698
56	44	88.7053125	94.3926704545455
55	45	89.0995454545454	95.0848888888889
54	46	89.5125	95.7867934782609
53	47	89.7790094339623	96.4149999999999
52	48	90.1109615384615	97.0355729166666
51	49	90.370294117647	97.7526020408163
50	50	90.81225	98.4656
49	51	90.9634693877551	99.021568627451
48	52	91.11203125	99.6769230769231
47	53	91.7409574468085	100.420613207547
46	54	91.9991847826087	101.128287037037
45	55	92.3341111111111	101.778272727273
44	56	92.6964204545455	102.569375
43	57	92.8672093023256	103.161666666667
42	58	93.3901190476191	103.88625
41	59	93.717256097561	104.658728813559
40	60	93.80425	105.302416666667
39	61	94.0735256410257	105.987131147541
38	62	94.4580921052631	106.619798387097
37	63	94.866554054054	107.313134920635
36	64	95.1798611111111	108.0472265625
35	65	95.442	108.757884615385
34	66	95.8060294117647	109.457348484848
33	67	96.1218939393939	110.202574626866
32	68	96.37671875	110.850919117647
31	69	96.8481451612903	111.638115942029
30	70	97.08625	112.399464285714
29	71	97.4763793103448	113.066408450704
28	72	97.6435714285715	113.683611111111
27	73	98.0394444444445	114.467602739726
26	74	98.5603846153846	115.175912162162
25	75	98.5807	115.891533333333
24	76	98.7808333333333	116.664375
23	77	99.3640217391304	117.426103896104
22	78	99.4480681818181	118.24875
21	79	99.8089285714286	118.839778481013
20	80	100.182	119.58690625
19	81	100.622105263158	120.372530864198
18	82	100.789722222222	121.09493902439
17	83	101.391470588235	121.892921686747
16	84	101.3240625	122.597321428571
15	85	101.842166666667	123.374205882353
14	86	101.995535714286	124.05648255814
13	87	102.365961538462	124.931954022989
12	88	102.81125	125.648835227273
11	89	102.972954545455	126.493426966292
10	90	103.381	127.207194444444
9	91	103.555277777778	127.914587912088
8	92	104.165625	128.668097826087
7	93	104.338571428571	129.492069892473
6	94	104.443333333333	130.241808510638
5	95	105.37	131.078552631579
4	96	105.271875	131.84375
3	97	105.6425	132.638788659794
2	98	106.3325	133.405510204082
1	99	105.945	134.21303030303
0	100	0	135
