num_of_always_defect	num_of_shame_driven_denying	average_fitness_of_always_defect	average_fitness_of_shame_driven_denying
100	0	0	0
99	1	0.834242424242424	-20.605
98	2	1.6784693877551	-19.60125
97	3	2.52556701030928	-18.2133333333333
96	4	3.3596875	-16.913125
95	5	4.20852631578947	-15.393
94	6	5.02829787234042	-14.0325
93	7	5.8816129032258	-12.5825
92	8	6.71956521739131	-11.2984375
91	9	7.56483516483517	-10.1330555555556
90	10	8.38522222222222	-8.7235
89	11	9.2214606741573	-7.27659090909091
88	12	10.0585227272727	-5.99875
87	13	10.928275862069	-4.72211538461539
86	14	11.7474418604651	-3.20035714285714
85	15	12.5743529411765	-1.89016666666667
84	16	13.4476190476191	-0.66140625
83	17	14.2695180722892	0.769705882352941
82	18	15.0867073170732	2.26694444444444
81	19	15.9387654320988	3.76486842105263
80	20	16.78325	5.000875
79	21	17.6659493670886	6.15988095238095
78	22	18.4508974358974	7.52238636363636
77	23	19.304025974026	9.05630434782609
76	24	20.1423684210526	10.326875
75	25	20.9772	11.7973
74	26	21.815	13.1884615384615
73	27	22.6520547945205	14.345462962963
72	28	23.4659722222222	15.6384821428571
71	29	24.3050704225352	17.0386206896552
70	30	25.1827142857143	18.3700833333333
69	31	25.9798550724638	19.8107258064516
68	32	26.8522058823529	21.16140625
67	33	27.6431343283582	22.4354545454545
66	34	28.5257575757576	23.83875
65	35	29.3913846153846	25.182
64	36	30.18234375	26.5313194444444
63	37	31.0642857142857	27.9742567567567
62	38	31.8564516129032	29.2027631578947
61	39	32.7081967213115	30.6466025641026
60	40	33.5881666666667	31.9870625
59	41	34.4069491525423	33.4478048780488
58	42	35.2389655172414	34.6976785714286
57	43	36.1114035087719	36.0148255813953
56	44	36.91875	37.3929545454545
55	45	37.7183636363636	38.7581111111111
54	46	38.6268518518519	39.9907608695652
53	47	39.4424528301887	41.3839361702128
52	48	40.2894230769231	42.94578125
51	49	41.1280392156863	44.1273469387755
50	50	41.97	45.6643
49	51	42.7667346938776	46.770931372549
48	52	43.6404166666667	48.3220673076923
47	53	44.4770212765957	49.6231603773585
46	54	45.3580434782609	51.1781944444444
45	55	46.2035555555556	52.3539545454546
44	56	47.0340909090909	53.6512946428572
43	57	47.8218604651163	55.0703070175439
42	58	48.7430952380952	56.3735775862069
41	59	49.559756097561	57.7569491525424
40	60	50.3865	59.0290416666667
39	61	51.2048717948718	60.3340983606557
38	62	52.03	61.7787096774194
37	63	52.8613513513514	63.0101190476191
36	64	53.7308333333334	64.452734375
35	65	54.552	65.8912307692308
34	66	55.4411764705882	67.2288636363636
33	67	56.2087878787879	68.5257462686567
32	68	57.131875	69.8547426470588
31	69	57.938064516129	71.250615942029
30	70	58.705	72.5571428571429
29	71	59.4820689655172	73.9994014084507
28	72	60.3625	75.2843749999999
27	73	61.1914814814815	76.652705479452
26	74	61.9961538461538	77.9558783783784
25	75	62.9584	79.4128666666666
24	76	63.7083333333333	80.7387828947369
23	77	64.6386956521739	82.0994805194806
22	78	65.4572727272727	83.4016987179487
21	79	66.297619047619	84.7784493670886
20	80	67.226	86.12421875
19	81	67.9931578947369	87.5244753086419
18	82	68.7955555555555	88.9225914634147
17	83	69.5888235294118	90.0985843373494
16	84	70.420625	91.4985416666667
15	85	71.246	92.8663823529412
14	86	72.1828571428572	94.3725
13	87	72.9246153846154	95.7208045977011
12	88	73.7208333333333	96.9499715909091
11	89	74.5918181818182	98.3071348314607
10	90	75.52	99.6193611111111
9	91	76.2533333333333	100.965549450549
8	92	77.14375	102.327065217391
7	93	77.9757142857143	103.720376344086
6	94	78.7516666666667	105.099494680851
5	95	79.804	106.468631578947
4	96	80.83	107.75015625
3	97	81.3633333333333	109.175360824742
2	98	81.86	110.529056122449
1	99	82.74	111.811868686869
0	100	0	113.116475
