num_of_always_defect	num_of_TFT_with_trembling_hand	average_fitness_of_always_defect	average_fitness_of_TFT_with_trembling_hand
100	0	0	0
99	1	0.842222222222222	-20.79
98	2	1.68336734693878	-19.38625
97	3	2.51525773195876	-17.7758333333333
96	4	3.36135416666667	-16.43125
95	5	4.19347368421053	-14.9825
94	6	5.03670212765958	-13.4804166666667
93	7	5.8541935483871	-11.9332142857143
92	8	6.72010869565217	-10.45
91	9	7.54648351648352	-8.94861111111111
90	10	8.40088888888889	-7.67125
89	11	9.21696629213483	-6.11704545454546
88	12	10.0728409090909	-4.55895833333333
87	13	10.9044827586207	-3.23269230769231
86	14	11.7560465116279	-1.87089285714286
85	15	12.6041176470588	-0.486
84	16	13.432619047619	1.23671875
83	17	14.2627710843374	2.76058823529412
82	18	15.0995121951219	4.1825
81	19	15.9443209876543	5.46605263157895
80	20	16.77	7.00025
79	21	17.6267088607595	8.45845238095238
78	22	18.4707692307692	9.93034090909091
77	23	19.2867532467532	11.3398913043478
76	24	20.1368421052632	12.8873958333333
75	25	21.0069333333333	14.3321
74	26	21.8295945945946	15.7469230769231
73	27	22.673698630137	17.4175925925926
72	28	23.4652777777778	18.8685714285714
71	29	24.3095774647887	20.2195689655172
70	30	25.1605714285714	21.74175
69	31	25.994347826087	23.1536290322581
68	32	26.8480882352941	24.610234375
67	33	27.6746268656716	26.1136363636364
66	34	28.5213636363636	27.3722058823529
65	35	29.3593846153846	28.9732142857143
64	36	30.2171875	30.5108333333333
63	37	31.0825396825397	31.8900675675676
62	38	31.87	33.358552631579
61	39	32.7832786885246	34.810641025641
60	40	33.5598333333333	36.1511875
59	41	34.445593220339	37.7886585365854
58	42	35.2225862068966	39.268869047619
57	43	36.0445614035088	40.774011627907
56	44	37.0192857142857	42.169375
55	45	37.768	43.5130555555556
54	46	38.6542592592593	45.1190760869565
53	47	39.422641509434	46.5518617021277
52	48	40.295	48.0267708333334
51	49	41.136862745098	49.413112244898
50	50	41.9512	50.73505
49	51	42.8451020408163	52.478431372549
48	52	43.6216666666667	53.8242307692308
47	53	44.4578723404255	55.3102830188679
46	54	45.3467391304348	56.8618981481481
45	55	46.0768888888889	58.2499090909091
44	56	47.0213636363636	59.6259375
43	57	47.9067441860465	61.1055263157895
42	58	48.6573809523809	62.5940086206896
41	59	49.5482926829268	64.1950423728813
40	60	50.36975	65.6165
39	61	51.1789743589744	67.0835655737705
38	62	52.0881578947369	68.644314516129
37	63	52.8462162162162	70.0396428571429
36	64	53.7241666666667	71.4453515625
35	65	54.5414285714286	72.9504230769231
34	66	55.3352941176471	74.3213636363637
33	67	56.2948484848485	75.779776119403
32	68	57.0715625	77.2095588235294
31	69	57.9522580645161	78.7618115942029
30	70	58.715	80.123
29	71	59.5851724137931	81.6702816901409
28	72	60.4432142857143	83.0994097222222
27	73	61.2285185185185	84.6433904109589
26	74	62.095	86.031722972973
25	75	62.9852	87.6486666666667
24	76	63.7879166666667	88.9523684210527
23	77	64.6204347826087	90.3898051948053
22	78	65.54	91.8313141025641
21	79	66.2071428571428	93.3173734177216
20	80	67.1575	94.8368125
19	81	67.9610526315789	96.2826543209877
18	82	68.7927777777778	97.774481707317
17	83	69.7158823529412	99.2438554216867
16	84	70.32	100.744851190476
15	85	71.3433333333334	102.096
14	86	72.1257142857143	103.605639534884
13	87	72.9884615384615	105.129856321839
12	88	73.7	106.564289772727
11	89	74.8872727272727	107.956011235955
10	90	75.474	109.449611111111
9	91	76.4122222222222	110.905851648352
8	92	77.23875	112.360108695652
7	93	78.0185714285714	113.888279569892
6	94	78.8066666666667	115.361063829787
5	95	79.77	116.804763157895
4	96	80.7	118.227005208333
3	97	81.4366666666667	119.730386597938
2	98	82.08	121.155331632653
1	99	82.9	122.689823232323
0	100	0	124.143625
