num_of_guilt_driven_amending	num_of_Pavlov	average_fitness_of_guilt_driven_amending	average_fitness_of_Pavlov
100	0	129.3313	0
99	1	129.18095959596	110.0975
98	2	129.02125	109.40625
97	3	128.953711340206	110.169166666667
96	4	128.779166666667	110.328125
95	5	128.673210526316	110.204
94	6	128.594627659574	110.001666666667
93	7	128.452284946237	109.806785714286
92	8	128.322255434783	109.735625
91	9	128.206071428571	109.95
90	10	128.074333333333	110.2725
89	11	127.979606741573	110.093409090909
88	12	127.869602272727	109.633958333333
87	13	127.759626436782	110.175576923077
86	14	127.559563953488	109.876785714286
85	15	127.476617647059	109.833666666667
84	16	127.373779761905	109.9503125
83	17	127.217861445783	109.85
82	18	127.128048780488	109.906388888889
81	19	127.031944444444	109.888815789474
80	20	126.856125	109.979
79	21	126.788417721519	109.813928571429
78	22	126.649935897436	109.989090909091
77	23	126.491688311688	109.788913043478
76	24	126.386973684211	109.9965625
75	25	126.265333333333	109.7581
74	26	126.170168918919	110.128653846154
73	27	125.989280821918	109.988611111111
72	28	125.936145833333	109.868571428571
71	29	125.753767605634	110.105431034483
70	30	125.665	109.977333333333
69	31	125.508152173913	109.889677419355
68	32	125.415404411765	110.031015625
67	33	125.263395522388	110.121893939394
66	34	125.173295454545	110.153014705882
65	35	124.948769230769	110.214071428571
64	36	124.9222265625	110.087222222222
63	37	124.781944444445	109.895675675676
62	38	124.542016129032	110.069473684211
61	39	124.61237704918	109.984423076923
60	40	124.447416666667	109.956
59	41	124.260762711864	109.969817073171
58	42	124.168448275862	109.898571428572
57	43	124.042324561404	110.070058139535
56	44	123.89375	109.924034090909
55	45	123.801863636364	109.969444444444
54	46	123.740972222222	110.054836956522
53	47	123.546839622642	110.002606382979
52	48	123.474711538462	110.006770833333
51	49	123.263921568627	110.086989795918
50	50	123.1369	110.13655
49	51	123.159387755102	110.107647058824
48	52	122.96171875	110.060961538462
47	53	122.903936170213	110.183018867924
46	54	122.819510869565	110.031203703704
45	55	122.5025	109.978818181818
44	56	122.570113636364	110.049330357143
43	57	122.404302325581	110.15149122807
42	58	122.226845238095	110.194482758621
41	59	122.164329268293	110.020381355932
40	60	122.0265625	110.138958333333
39	61	121.937243589744	110.01868852459
38	62	121.763618421053	109.983629032258
37	63	121.592837837838	110.048293650794
36	64	121.506944444444	110.09625
35	65	121.341642857143	110.034192307692
34	66	121.263602941176	110.202121212121
33	67	121.07553030303	110.014402985075
32	68	121.073515625	110.173933823529
31	69	120.939274193548	110.094855072464
30	70	120.715666666667	110.169107142857
29	71	120.669137931034	110.174049295775
28	72	120.389017857143	110.111770833333
27	73	120.487407407407	110.069349315068
26	74	120.323365384615	110.174966216216
25	75	120.204	110.1517
24	76	119.992708333333	110.238618421053
23	77	119.941195652174	110.214935064935
22	78	119.862954545455	110.113493589744
21	79	119.604285714286	110.200284810127
20	80	119.70525	110.19140625
19	81	119.5175	110.049475308642
18	82	119.311388888889	110.22493902439
17	83	119.18	110.052319277108
16	84	119.201875	110.153720238095
15	85	118.765666666667	110.141441176471
14	86	118.690892857143	110.113924418605
13	87	118.674615384615	110.204022988506
12	88	118.763958333333	110.083465909091
11	89	118.451590909091	110.127106741573
10	90	118.35825	110.210583333333
9	91	118.224722222222	110.173049450549
8	92	117.990625	110.160054347826
7	93	117.807142857143	110.172634408602
6	94	117.809583333333	110.197553191489
5	95	117.643	110.2035
4	96	117.685625	110.111432291667
3	97	117.183333333333	110.294355670103
2	98	117.82	110.239209183673
1	99	116.825	110.269065656566
0	100	0	110.25395
