num_of_shame_driven_hiding	num_of_shame_driven_denying	average_fitness_of_shame_driven_hiding	average_fitness_of_shame_driven_denying
100	0	135	0
99	1	134.833661616162	122.0625
98	2	134.662678571429	121.9
97	3	134.508015463918	121.615833333333
96	4	134.356015625	121.748125
95	5	134.187263157895	121.2755
94	6	133.999867021277	121.434583333333
93	7	133.851478494624	121.523928571429
92	8	133.698423913043	121.33625
91	9	133.574175824176	121.130555555556
90	10	133.395055555556	120.956
89	11	133.247865168539	121.096136363636
88	12	133.084801136364	121.076458333333
87	13	132.941896551724	120.9625
86	14	132.800872093023	120.603928571429
85	15	132.628382352941	120.7665
84	16	132.500297619048	120.4328125
83	17	132.31515060241	120.215441176471
82	18	132.161006097561	120.339722222222
81	19	132.006820987654	120.135
80	20	131.85671875	120.1805
79	21	131.747436708861	120.08119047619
78	22	131.550705128205	120.0075
77	23	131.476558441558	119.686956521739
76	24	131.279177631579	119.5909375
75	25	131.137233333333	119.7019
74	26	130.940709459459	119.487307692308
73	27	130.835993150685	119.38712962963
72	28	130.722013888889	119.31375
71	29	130.548943661972	119.238189655172
70	30	130.393571428571	119.225333333333
69	31	130.234927536232	118.909596774194
68	32	130.116507352941	119.1071875
67	33	129.978731343284	118.823257575758
66	34	129.868825757576	118.894926470588
65	35	129.668	118.600571428571
64	36	129.551171875	118.609444444444
63	37	129.434920634921	118.518986486487
62	38	129.302943548387	118.432302631579
61	39	129.071844262295	118.39391025641
60	40	129.0105	118.1336875
59	41	128.928347457627	118.106036585366
58	42	128.740818965517	118.089285714286
57	43	128.643552631579	117.936220930233
56	44	128.5259375	117.949886363636
55	45	128.417636363636	117.827055555556
54	46	128.220787037037	117.787880434783
53	47	128.07358490566	117.674787234043
52	48	127.945673076923	117.548333333333
51	49	127.7825	117.404642857143
50	50	127.6452	117.303
49	51	127.619387755102	117.201911764706
48	52	127.4696875	117.100096153846
47	53	127.299095744681	117.096320754717
46	54	127.178369565217	116.946064814815
45	55	127.050166666667	116.8675
44	56	127.051704545455	116.715669642857
43	57	126.935523255814	116.607719298246
42	58	126.704404761905	116.680905172414
41	59	126.615975609756	116.61436440678
40	60	126.503	116.455666666667
39	61	126.362435897436	116.45381147541
38	62	126.213289473684	116.35189516129
37	63	126.087905405405	116.184682539683
36	64	125.919722222222	116.0454296875
35	65	125.823357142857	115.948961538461
34	66	125.703823529412	115.846666666667
33	67	125.675757575758	115.797537313433
32	68	125.551015625	115.763345588235
31	69	125.319435483871	115.676847826087
30	70	125.309166666667	115.586714285714
29	71	125.073189655172	115.451795774648
28	72	125.019107142857	115.523298611111
27	73	124.838703703704	115.310376712329
26	74	124.828173076923	115.238108108108
25	75	124.6216	115.202566666667
24	76	124.603125	115.091546052632
23	77	124.346956521739	114.935844155844
22	78	124.384318181818	115.001634615385
21	79	124.232142857143	114.802911392405
20	80	124.045625	114.76903125
19	81	123.959342105263	114.792993827161
18	82	123.815416666667	114.553048780488
17	83	123.635588235294	114.55328313253
16	84	123.7475	114.408125
15	85	123.536833333333	114.408705882353
14	86	123.545357142857	114.324941860465
13	87	123.396538461538	114.186781609195
12	88	123.173541666667	114.194460227273
11	89	123.120909090909	113.997191011236
10	90	122.84275	113.971222222222
9	91	122.8325	113.912582417582
8	92	122.83375	113.739891304348
7	93	122.510357142857	113.754032258065
6	94	122.800416666667	113.648882978723
5	95	122.617	113.579368421053
4	96	122.050625	113.518229166667
3	97	122.231666666667	113.355360824742
2	98	121.59875	113.390943877551
1	99	122.4925	113.163737373737
0	100	0	113.134
