num_of_shame_driven_denying	num_of_guilt_driven_amending	average_fitness_of_shame_driven_denying	average_fitness_of_guilt_driven_amending
100	0	113.173325	0
99	1	113.327777777778	115.3875
98	2	113.48012755102	115.3675
97	3	113.654149484536	115.7825
96	4	113.720833333333	115.668125
95	5	113.792894736842	115.9685
94	6	113.946994680851	115.815416666667
93	7	114.19623655914	116.325714285714
92	8	114.247282608696	116.164375
91	9	114.393791208791	116.509722222222
90	10	114.47	116.6975
89	11	114.759747191011	116.556363636364
88	12	114.773778409091	116.90875
87	13	114.946666666667	117.016923076923
86	14	115.129040697674	117.101071428571
85	15	115.205088235294	117.423
84	16	115.350922619048	117.35796875
83	17	115.507680722892	117.589117647059
82	18	115.634512195122	117.601388888889
81	19	115.803240740741	117.928815789474
80	20	115.97784375	118.084
79	21	116.034873417721	118.244880952381
78	22	116.235128205128	118.312840909091
77	23	116.334577922078	118.518369565217
76	24	116.567697368421	118.655520833333
75	25	116.525966666667	118.7269
74	26	116.713310810811	118.813942307692
73	27	116.915410958904	119.046574074074
72	28	117.087708333333	119.096785714286
71	29	117.195422535211	119.259137931034
70	30	117.308464285714	119.376166666667
69	31	117.514094202899	119.612661290323
68	32	117.586838235294	119.590078125
67	33	117.740597014925	119.840909090909
66	34	117.826287878788	119.941985294118
65	35	118.023230769231	120.185642857143
64	36	118.13953125	120.215972222222
63	37	118.203055555556	120.326621621622
62	38	118.412177419355	120.465328947368
61	39	118.54881147541	120.655641025641
60	40	118.701541666667	120.9380625
59	41	118.758686440678	120.994329268293
58	42	118.981982758621	121.102023809524
57	43	119.137192982456	121.290988372093
56	44	119.323303571429	121.414943181818
55	45	119.415045454545	121.559
54	46	119.593703703704	121.677880434783
53	47	119.789056603774	121.820265957447
52	48	119.760096153846	121.952395833333
51	49	120.021029411765	122.09693877551
50	50	120.1091	122.2924
49	51	120.219336734694	122.373480392157
48	52	120.39953125	122.414519230769
47	53	120.38670212766	122.612122641509
46	54	120.60597826087	122.832962962963
45	55	120.951333333333	122.997181818182
44	56	120.962386363636	123.071651785714
43	57	121.092906976744	123.183421052632
42	58	121.290178571429	123.380603448276
41	59	121.33012195122	123.522754237288
40	60	121.540625	123.658208333333
39	61	121.656858974359	123.786885245902
38	62	121.782960526316	123.931048387097
37	63	121.793445945946	124.021865079365
36	64	122.104236111111	124.2244921875
35	65	122.173928571429	124.347576923077
34	66	122.272720588235	124.499924242424
33	67	122.509090909091	124.684888059701
32	68	122.617265625	124.835294117647
31	69	122.675080645161	124.964239130435
30	70	122.653083333333	125.086428571429
29	71	122.909827586207	125.197781690141
28	72	123.195267857143	125.366840277778
27	73	123.254259259259	125.449417808219
26	74	123.464134615385	125.619054054054
25	75	123.5668	125.7699
24	76	123.7240625	125.907697368421
23	77	123.865543478261	126.063344155844
22	78	123.971022727273	126.186282051282
21	79	124.155476190476	126.387626582278
20	80	124.16425	126.5304375
19	81	124.447631578947	126.643672839506
18	82	124.598472222222	126.837012195122
17	83	124.812352941176	126.880963855422
16	84	124.75671875	127.060952380952
15	85	124.906833333333	127.179352941176
14	86	125.075535714286	127.321046511628
13	87	125.205961538462	127.425948275862
12	88	125.080625	127.611420454545
11	89	125.61	127.796039325843
10	90	125.646	127.87975
9	91	125.768055555556	128.042142857143
8	92	125.9653125	128.17097826087
7	93	125.985714285714	128.342204301075
6	94	125.950833333333	128.454867021277
5	95	126.2375	128.589
4	96	126.25	128.730286458333
3	97	126.2525	128.890412371134
2	98	126.735	129.056147959184
1	99	127.0925	129.176616161616
0	100	0	129.30015
