num_of_shame_driven_denying	num_of_Pavlov	average_fitness_of_shame_driven_denying	average_fitness_of_Pavlov
100	0	113.15675	0
99	1	113.289292929293	102.855
98	2	113.349489795918	103.25625
97	3	113.497551546392	103.358333333333
96	4	113.603072916667	102.86875
95	5	113.711263157895	102.684
94	6	113.779494680851	103.044166666667
93	7	113.893306451613	103.025714285714
92	8	113.961494565217	103.31
91	9	114.123928571429	103.055833333333
90	10	114.207472222222	103.05575
89	11	114.342584269663	103.171363636364
88	12	114.396960227273	103.63375
87	13	114.51566091954	103.799230769231
86	14	114.621482558139	103.965714285714
85	15	114.692764705882	103.523833333333
84	16	114.85056547619	103.8728125
83	17	114.958012048193	103.820882352941
82	18	115.069908536585	103.97375
81	19	115.191049382716	104.099736842105
80	20	115.25928125	104.198
79	21	115.227215189873	104.117023809524
78	22	115.434775641026	104.043977272727
77	23	115.542467532467	104.50347826087
76	24	115.665921052632	104.320208333333
75	25	115.7582	104.4264
74	26	115.810033783784	104.504903846154
73	27	115.96904109589	104.686388888889
72	28	116.034548611111	104.664553571429
71	29	116.161091549296	104.841982758621
70	30	116.244535714286	104.787166666667
69	31	116.387971014493	104.746935483871
68	32	116.476617647059	104.739609375
67	33	116.582649253731	105.00946969697
66	34	116.68946969697	105.139705882353
65	35	116.783076923077	105.122
64	36	116.9284765625	105.360555555556
63	37	116.959642857143	105.399054054054
62	38	117.066572580645	105.26427631579
61	39	117.175860655738	105.490897435897
60	40	117.356875	105.611
59	41	117.323898305085	105.959085365854
58	42	117.43	105.713273809524
57	43	117.583859649123	105.822034883721
56	44	117.714017857143	105.977329545455
55	45	117.784045454545	105.902222222222
54	46	117.973055555555	105.974945652174
53	47	117.976037735849	106.255
52	48	118.087596153846	106.2090625
51	49	118.244803921569	106.349387755102
50	50	118.3683	106.2535
49	51	118.335102040816	106.468970588235
48	52	118.454583333333	106.545336538462
47	53	118.663510638298	106.687169811321
46	54	118.704130434783	106.729583333333
45	55	118.857	106.692136363636
44	56	119.04875	106.7846875
43	57	119.086395348837	106.87600877193
42	58	119.188511904762	107.001034482759
41	59	119.237256097561	107.098050847458
40	60	119.366	107.051291666667
39	61	119.523846153846	107.34987704918
38	62	119.467960526316	107.246048387097
37	63	119.529121621622	107.149166666667
36	64	119.807777777778	107.4448828125
35	65	119.958785714286	107.549
34	66	120.074632352941	107.421477272727
33	67	120.085227272727	107.575447761194
32	68	120.216171875	107.786102941176
31	69	120.398951612903	107.752717391304
30	70	120.299083333333	107.893321428571
29	71	120.512413793103	108.103802816901
28	72	120.672946428571	108.047430555556
27	73	120.776111111111	108.171198630137
26	74	120.857115384615	108.1675
25	75	120.9218	108.265066666667
24	76	121.077708333333	108.232763157895
23	77	121.175108695652	108.48461038961
22	78	121.277045454545	108.520673076923
21	79	121.338452380952	108.494556962025
20	80	121.496125	108.624625
19	81	121.445526315789	108.783919753086
18	82	121.681111111111	108.800243902439
17	83	121.800147058824	108.871506024096
16	84	121.74375	108.983630952381
15	85	121.946833333333	108.990382352941
14	86	122.171964285714	109.218720930233
13	87	122.125961538462	109.222212643678
12	88	122.351666666667	109.275625
11	89	122.362272727273	109.351376404494
10	90	122.70225	109.4
9	91	122.790277777778	109.490659340659
8	92	122.6475	109.639891304348
7	93	122.861428571429	109.735887096774
6	94	122.872916666667	109.616888297872
5	95	122.8375	109.763763157895
4	96	123.083125	109.878229166667
3	97	123.248333333333	109.894304123711
2	98	123.48	109.968086734694
1	99	123.76	110.150202020202
0	100	0	110.1667
