num_of_TFT_with_trembling_hand	num_of_shame_driven_hiding	average_fitness_of_TFT_with_trembling_hand	average_fitness_of_shame_driven_hiding
100	0	124.076475	0
99	1	124.075	132.08
98	2	124.133673469388	132.59
97	3	124.105567010309	132.435833333333
96	4	124.089375	132.429375
95	5	124.108263157895	132.5355
94	6	124.132632978723	132.5425
93	7	124.129623655914	132.536785714286
92	8	124.154456521739	132.485625
91	9	124.13043956044	132.640555555556
90	10	124.097861111111	132.68125
89	11	124.109859550562	132.622045454545
88	12	124.171079545455	132.645208333333
87	13	124.095459770115	132.675576923077
86	14	124.092819767442	132.724464285714
85	15	124.160382352941	132.734166666667
84	16	124.116875	132.7984375
83	17	124.143855421687	132.716617647059
82	18	124.11631097561	132.702916666667
81	19	124.157932098765	132.716842105263
80	20	124.15765625	132.830125
79	21	124.127278481013	132.837857142857
78	22	124.215608974359	132.880227272727
77	23	124.129642857143	132.904565217391
76	24	124.210361842105	132.9340625
75	25	124.2083	132.9465
74	26	124.111824324324	132.9975
73	27	124.160239726027	132.954814814815
72	28	124.159201388889	133.011875
71	29	124.216126760563	132.989051724138
70	30	124.196428571429	133.0045
69	31	124.183333333333	133.047903225806
68	32	124.185845588235	133.0434375
67	33	124.200932835821	133.076742424242
66	34	124.135227272727	133.125955882353
65	35	124.159730769231	133.174
64	36	124.2271875	133.134444444444
63	37	124.152698412698	133.174932432432
62	38	124.166290322581	133.201842105263
61	39	124.227663934426	133.218205128205
60	40	124.222458333333	133.2861875
59	41	124.163855932203	133.261951219512
58	42	124.219439655172	133.297380952381
57	43	124.177324561404	133.33011627907
56	44	124.248392857143	133.315227272727
55	45	124.243590909091	133.371611111111
54	46	124.213888888889	133.417989130435
53	47	124.200990566038	133.394414893617
52	48	124.245144230769	133.431770833333
51	49	124.224705882353	133.450612244898
50	50	124.2828	133.53915
49	51	124.264132653061	133.514411764706
48	52	124.28515625	133.563076923077
47	53	124.257021276596	133.555047169811
46	54	124.29097826087	133.597083333333
45	55	124.307833333333	133.628454545455
44	56	124.341875	133.642767857143
43	57	124.258720930233	133.680219298246
42	58	124.305	133.686637931035
41	59	124.284207317073	133.711906779661
40	60	124.282625	133.72575
39	61	124.340320512821	133.775983606557
38	62	124.352631578947	133.781048387097
37	63	124.336081081081	133.843174603175
36	64	124.307083333333	133.8729296875
35	65	124.2865	133.878192307692
34	66	124.393602941176	133.917272727273
33	67	124.383712121212	133.938358208955
32	68	124.32234375	133.959080882353
31	69	124.444274193548	134.013586956522
30	70	124.354	134.035642857143
29	71	124.393534482759	134.041725352113
28	72	124.37375	134.097708333333
27	73	124.418981481481	134.115034246575
26	74	124.403461538462	134.117094594595
25	75	124.4912	134.152233333333
24	76	124.398645833333	134.191842105263
23	77	124.309565217391	134.235487012987
22	78	124.346590909091	134.246217948718
21	79	124.389523809524	134.293955696203
20	80	124.537375	134.3343125
19	81	124.448421052632	134.385277777778
18	82	124.537777777778	134.392591463415
17	83	124.458970588235	134.419728915663
16	84	124.52328125	134.437976190476
15	85	124.503833333333	134.490470588235
14	86	124.428392857143	134.506162790698
13	87	124.486346153846	134.563448275862
12	88	124.485	134.581392045455
11	89	124.551136363636	134.624803370787
10	90	124.56575	134.644111111111
9	91	124.675555555556	134.679862637363
8	92	124.4684375	134.716467391304
7	93	124.6025	134.745134408602
6	94	124.56875	134.766861702128
5	95	124.4665	134.816315789474
4	96	124.71625	134.857604166667
3	97	124.421666666667	134.885644329897
2	98	124.57375	134.932015306122
1	99	124.3125	134.963131313131
0	100	0	135
