num_of_TFT_with_trembling_hand	num_of_shame_driven_denying	average_fitness_of_TFT_with_trembling_hand	average_fitness_of_shame_driven_denying
100	0	124.09085	0
99	1	124.051111111111	123.085
98	2	123.931760204082	121.97
97	3	123.799793814433	122.1975
96	4	123.760416666667	121.831875
95	5	123.625157894737	121.7225
94	6	123.560638297872	121.722083333333
93	7	123.496478494624	121.643571428571
92	8	123.388342391304	121.3409375
91	9	123.300302197802	121.574722222222
90	10	123.143944444444	121.4785
89	11	123.0775	121.473409090909
88	12	122.975113636364	121.2075
87	13	122.949798850575	121.111538461538
86	14	122.859709302326	121.163392857143
85	15	122.7465	120.9335
84	16	122.628095238095	120.88265625
83	17	122.627078313253	120.713382352941
82	18	122.500548780488	120.648333333333
81	19	122.396604938272	120.535
80	20	122.23646875	120.59775
79	21	122.223037974684	120.438095238095
78	22	122.104006410256	120.214318181818
77	23	122.063441558442	120.147934782609
76	24	121.922335526316	120.032708333333
75	25	121.758433333333	120.0149
74	26	121.741182432432	120.061346153846
73	27	121.616301369863	119.815
72	28	121.514270833333	119.660357142857
71	29	121.483908450704	119.540172413793
70	30	121.360071428571	119.58225
69	31	121.283949275362	119.441048387097
68	32	121.164705882353	119.379609375
67	33	121.088097014925	119.229318181818
66	34	120.982045454545	119.251911764706
65	35	120.885038461538	119.147285714286
64	36	120.79296875	118.960486111111
63	37	120.692301587302	119.058378378378
62	38	120.649233870968	118.893289473684
61	39	120.43381147541	118.861923076923
60	40	120.373208333333	118.7064375
59	41	120.473686440678	118.664207317073
58	42	120.258448275862	118.37125
57	43	120.160745614035	118.354418604651
56	44	120.122946428571	118.369261363636
55	45	119.989363636364	118.170888888889
54	46	119.873425925926	118.155815217391
53	47	119.807358490566	118.027872340426
52	48	119.785817307692	117.917395833333
51	49	119.583284313725	117.799081632653
50	50	119.54805	117.70025
49	51	119.440765306123	117.665
48	52	119.364114583333	117.563173076923
47	53	119.288191489362	117.449764150943
46	54	119.201413043478	117.276527777778
45	55	119.074111111111	117.275954545454
44	56	119.048579545455	117.225401785714
43	57	118.941337209302	117.19697368421
42	58	118.799404761905	117.023362068965
41	59	118.703536585366	116.983940677966
40	60	118.511625	116.845958333333
39	61	118.436346153846	116.803155737705
38	62	118.468881578947	116.621088709677
37	63	118.282162162162	116.517619047619
36	64	118.176319444444	116.454921875
35	65	118.203571428571	116.399846153846
34	66	118.082867647059	116.273977272727
33	67	118.05946969697	116.138619402985
32	68	117.818828125	116.070845588235
31	69	117.911612903226	115.973913043478
30	70	117.722083333333	115.868678571429
29	71	117.614482758621	115.875316901408
28	72	117.485446428571	115.715381944444
27	73	117.403333333333	115.639349315068
26	74	117.330384615385	115.517668918919
25	75	117.1812	115.394366666667
24	76	117.074895833333	115.4075
23	77	117.108586956522	115.273571428571
22	78	116.931704545455	115.13108974359
21	79	116.767619047619	115.178291139241
20	80	116.843	114.91446875
19	81	116.686710526316	114.853179012346
18	82	116.63375	114.87
17	83	116.518676470588	114.798373493976
16	84	116.4053125	114.556964285714
15	85	116.264333333333	114.5225
14	86	116.302857142857	114.412005813953
13	87	116.244807692308	114.457959770115
12	88	116.127291666667	114.2759375
11	89	116.125227272727	114.075702247191
10	90	115.8175	113.974083333333
9	91	115.779444444444	114.042802197802
8	92	115.7978125	113.945407608696
7	93	115.563214285714	113.811317204301
6	94	115.560416666667	113.67625
5	95	115.3835	113.566736842105
4	96	114.998125	113.572552083333
3	97	115.414166666667	113.464149484536
2	98	114.98375	113.38125
1	99	114.885	113.227272727273
0	100	0	113.136775
