num_of_TFT_with_trembling_hand	num_of_guilt_driven_amending	average_fitness_of_TFT_with_trembling_hand	average_fitness_of_guilt_driven_amending
100	0	124.07565	0
99	1	124.204191919192	123.9325
98	2	124.166301020408	124.52625
97	3	124.246365979381	124.824166666667
96	4	124.288671875	124.6325
95	5	124.305789473684	124.977
94	6	124.385106382979	124.885
93	7	124.458172043011	124.711071428571
92	8	124.477744565217	124.8278125
91	9	124.515467032967	125.070833333333
90	10	124.562361111111	124.9995
89	11	124.61547752809	125.145454545455
88	12	124.675028409091	125.139375
87	13	124.652442528736	125.189423076923
86	14	124.782529069767	125.191071428571
85	15	124.812029411765	125.2935
84	16	124.821875	125.39140625
83	17	124.912710843374	125.363088235294
82	18	124.954237804878	125.354722222222
81	19	125.01212962963	125.435657894737
80	20	125.05065625	125.4245
79	21	125.086044303797	125.527976190476
78	22	125.084615384615	125.673295454545
77	23	125.135551948052	125.639130434783
76	24	125.233782894737	125.6940625
75	25	125.297733333333	125.728
74	26	125.362195945946	125.827115384615
73	27	125.4025	125.845462962963
72	28	125.400243055556	125.866607142857
71	29	125.44985915493	125.913534482759
70	30	125.486714285714	125.92275
69	31	125.531630434783	126.055887096774
68	32	125.609889705882	125.988671875
67	33	125.658656716418	126.140984848485
66	34	125.722045454545	126.138088235294
65	35	125.741615384615	126.237071428571
64	36	125.7681640625	126.182916666667
63	37	125.868531746032	126.301283783784
62	38	125.880443548387	126.252105263158
61	39	125.982827868852	126.365961538462
60	40	125.98575	126.4439375
59	41	126.017033898305	126.465853658537
58	42	126.086077586207	126.57125
57	43	126.158903508772	126.617034883721
56	44	126.130669642857	126.671704545455
55	45	126.196136363636	126.7015
54	46	126.259305555556	126.686358695652
53	47	126.29891509434	126.715638297872
52	48	126.377692307692	126.803697916667
51	49	126.422009803922	126.824948979592
50	50	126.4377	126.89625
49	51	126.478826530612	126.985735294118
48	52	126.5390625	127.023894230769
47	53	126.610319148936	127.082358490566
46	54	126.623043478261	127.096990740741
45	55	126.676333333333	127.237090909091
44	56	126.770738636364	127.230848214286
43	57	126.763488372093	127.240438596491
42	58	126.788273809524	127.27375
41	59	126.887682926829	127.33656779661
40	60	126.9346875	127.396083333333
39	61	126.992564102564	127.425532786885
38	62	126.967105263158	127.526411290323
37	63	127.092297297297	127.567341269841
36	64	127.080486111111	127.5792578125
35	65	127.198142857143	127.578384615385
34	66	127.225	127.699772727273
33	67	127.196136363636	127.703917910448
32	68	127.310625	127.735698529412
31	69	127.305967741935	127.842789855072
30	70	127.389083333333	127.87775
29	71	127.588103448276	127.914401408451
28	72	127.433839285714	127.987048611111
27	73	127.488796296296	127.999726027397
26	74	127.538653846154	128.042027027027
25	75	127.5374	128.102433333333
24	76	127.691875	128.137203947368
23	77	127.897282608696	128.238376623377
22	78	127.750795454545	128.238621794872
21	79	127.831666666667	128.361613924051
20	80	127.82125	128.286625
19	81	127.944868421053	128.46049382716
18	82	127.906944444444	128.421829268293
17	83	128.079117647059	128.475753012048
16	84	127.973125	128.530535714286
15	85	128.066333333333	128.602411764706
14	86	128.149464285714	128.660523255814
13	87	128.178653846154	128.636379310345
12	88	128.372291666667	128.738494318182
11	89	128.269545454545	128.770449438202
10	90	128.31425	128.782944444444
9	91	128.354722222222	128.871373626374
8	92	128.3759375	128.926385869565
7	93	128.607142857143	128.970376344086
6	94	128.4075	129.030744680851
5	95	128.744	129.05597368421
4	96	128.61625	129.130859375
3	97	128.725	129.172474226804
2	98	128.6225	129.204209183673
1	99	129.1425	129.255176767677
0	100	0	129.29605
