num_of_TFT_with_trembling_hand	num_of_Pavlov	average_fitness_of_TFT_with_trembling_hand	average_fitness_of_Pavlov
100	0	124.14745	0
99	1	124.054393939394	107.0875
98	2	123.964744897959	107.31
97	3	123.97618556701	108.629166666667
96	4	123.855026041667	108.94
95	5	123.893210526316	108.2945
94	6	123.810718085106	108.62875
93	7	123.733440860215	108.621428571429
92	8	123.76277173913	108.486875
91	9	123.659642857143	108.755833333333
90	10	123.581361111111	108.69225
89	11	123.549775280899	108.744318181818
88	12	123.528352272727	108.878541666667
87	13	123.476954022988	108.560961538462
86	14	123.452441860465	108.705
85	15	123.380558823529	108.657666666667
84	16	123.260089285714	108.7165625
83	17	123.193403614458	109.019117647059
82	18	123.137408536585	108.603194444445
81	19	123.139506172839	108.898815789474
80	20	123.12234375	108.977375
79	21	123.022784810127	109.024404761905
78	22	122.994551282051	108.6325
77	23	122.936785714286	108.854782608696
76	24	122.96875	108.9728125
75	25	122.8935	108.8933
74	26	122.836486486486	108.823653846154
73	27	122.719280821918	109.014166666667
72	28	122.661875	109.085535714286
71	29	122.589401408451	109.138103448276
70	30	122.644678571429	109.029916666667
69	31	122.637137681159	108.951612903226
68	32	122.498272058824	108.987578125
67	33	122.462611940299	109.035984848485
66	34	122.407613636364	109.193382352941
65	35	122.375269230769	109.195642857143
64	36	122.296953125	109.049652777778
63	37	122.296706349206	109.1225
62	38	122.107661290323	109.140986842105
61	39	122.163483606557	109.221282051282
60	40	122.153916666667	109.0360625
59	41	121.93906779661	109.178597560976
58	42	121.981034482759	109.142321428571
57	43	121.944605263158	109.080523255814
56	44	121.91875	109.356420454545
55	45	121.7495	109.259166666667
54	46	121.722824074074	109.37375
53	47	121.688490566038	109.203829787234
52	48	121.688461538462	109.236041666667
51	49	121.615833333333	109.320153061224
50	50	121.5411	109.3452
49	51	121.544540816327	109.606274509804
48	52	121.4053125	109.397644230769
47	53	121.530531914894	109.264103773585
46	54	121.392554347826	109.487037037037
45	55	121.446222222222	109.465454545455
44	56	121.324147727273	109.372723214286
43	57	121.282848837209	109.578070175439
42	58	121.136726190476	109.408922413793
41	59	121.193902439024	109.486186440678
40	60	121.0264375	109.51
39	61	121.011282051282	109.527745901639
38	62	120.993815789474	109.610766129032
37	63	120.984391891892	109.53369047619
36	64	120.869791666667	109.619765625
35	65	120.757	109.625038461538
34	66	120.811911764706	109.751439393939
33	67	120.758484848485	109.71276119403
32	68	120.6825	109.709301470588
31	69	120.707741935484	109.729202898551
30	70	120.591666666667	109.690714285714
29	71	120.498534482759	109.700035211268
28	72	120.495892857143	109.684270833333
27	73	120.409074074074	109.739623287671
26	74	120.266730769231	109.803310810811
25	75	120.2702	109.783
24	76	120.2975	109.814111842105
23	77	120.171304347826	109.925876623377
22	78	120.069659090909	109.851153846154
21	79	120.248333333333	109.789050632911
20	80	120.07125	109.82178125
19	81	120.069473684211	109.906234567901
18	82	120.075277777778	109.920121951219
17	83	119.964117647059	109.979759036145
16	84	119.623125	109.970178571429
15	85	119.863666666667	109.894647058824
14	86	119.894107142857	110.026279069767
13	87	119.938653846154	109.938534482759
12	88	119.988541666667	110.033778409091
11	89	119.835227272727	109.963370786517
10	90	119.62575	110.019444444444
9	91	119.561666666667	110.03717032967
8	92	119.454375	110.074239130435
7	93	119.495357142857	110.009892473118
6	94	119.395	110.040718085106
5	95	119.5695	110.132184210526
4	96	119.164375	110.040390625
3	97	118.866666666667	109.985025773196
2	98	119.00375	110.061198979592
1	99	120.1	110.213560606061
0	100	0	110.2045
