num_of_tit_for_tat	num_of_TFT_with_trembling_hand	average_fitness_of_tit_for_tat	average_fitness_of_TFT_with_trembling_hand
100	0	150	0
99	1	149.792070707071	143.21
98	2	149.567653061225	142.73125
97	3	149.357835051546	142.576666666667
96	4	149.131796875	142.29875
95	5	148.914157894737	142.0775
94	6	148.673643617021	142.110416666667
93	7	148.481586021505	141.761428571429
92	8	148.238668478261	141.509375
91	9	148.037747252747	141.360277777778
90	10	147.827555555556	141.2445
89	11	147.57904494382	141.019772727273
88	12	147.370227272727	140.719166666667
87	13	147.159885057471	140.55
86	14	146.907296511628	140.454464285714
85	15	146.7215	140.263166666667
84	16	146.525089285714	140.1428125
83	17	146.266114457831	139.855441176471
82	18	146.090853658537	139.651111111111
81	19	145.869074074074	139.408421052632
80	20	145.6055	139.181625
79	21	145.427373417722	139.099047619048
78	22	145.211826923077	138.8125
77	23	144.974480519481	138.627608695652
76	24	144.798815789474	138.474479166667
75	25	144.539633333333	138.1922
74	26	144.328817567568	138.234038461538
73	27	144.124349315068	138.006481481482
72	28	143.836493055556	137.743214285714
71	29	143.721795774648	137.528965517241
70	30	143.407678571429	137.393083333333
69	31	143.216884057971	137.298225806452
68	32	142.998088235294	136.984140625
67	33	142.780634328358	136.873257575758
66	34	142.574734848485	136.568602941176
65	35	142.349769230769	136.308785714286
64	36	142.1059375	136.211805555556
63	37	141.906547619048	136.047567567568
62	38	141.694112903226	135.884605263158
61	39	141.508401639344	135.625833333333
60	40	141.231375	135.4546875
59	41	140.998008474576	135.263536585366
58	42	140.801810344828	135.161547619048
57	43	140.637763157895	134.938313953488
56	44	140.441875	134.681647727273
55	45	140.158818181818	134.537
54	46	139.967962962963	134.353695652174
53	47	139.704575471698	134.117978723404
52	48	139.553509615385	133.978229166667
51	49	139.329068627451	133.734132653061
50	50	139.12165	133.5499
49	51	138.881224489796	133.440539215686
48	52	138.565208333333	133.217980769231
47	53	138.328404255319	133.052452830189
46	54	138.192934782609	132.862268518519
45	55	137.905666666667	132.643
44	56	137.719943181818	132.455223214286
43	57	137.495930232558	132.243026315789
42	58	137.299880952381	132.010948275862
41	59	137.058048780488	131.851313559322
40	60	136.863	131.720666666667
39	61	136.638525641026	131.426270491803
38	62	136.380789473684	131.362580645161
37	63	136.19777027027	131.135317460317
36	64	136.009236111111	130.9561328125
35	65	135.750285714286	130.824538461538
34	66	135.573602941176	130.523409090909
33	67	135.307954545454	130.340634328358
32	68	135.143515625	130.139411764706
31	69	134.901209677419	129.9775
30	70	134.713666666667	129.782857142857
29	71	134.557844827586	129.641126760563
28	72	134.241071428571	129.441701388889
27	73	134.013518518519	129.236130136986
26	74	133.756730769231	128.987668918919
25	75	133.6003	128.893633333333
24	76	133.367291666667	128.669243421053
23	77	133.081739130435	128.42762987013
22	78	132.997840909091	128.329551282051
21	79	132.738571428571	128.043132911392
20	80	132.538125	127.90465625
19	81	132.269210526316	127.679413580247
18	82	131.956944444444	127.46262195122
17	83	131.89	127.323373493976
16	84	131.6409375	127.094613095238
15	85	131.445666666667	126.9235
14	86	131.134285714286	126.78148255814
13	87	131.006923076923	126.56091954023
12	88	130.72375	126.377670454545
11	89	130.539318181818	126.174971910112
10	90	130.3625	126.041611111111
9	91	130.177777777778	125.777637362637
8	92	129.850625	125.594402173913
7	93	129.643928571429	125.378521505376
6	94	129.299583333333	125.248882978723
5	95	129.0545	125.023421052632
4	96	129.160625	124.863880208333
3	97	128.846666666667	124.666855670103
2	98	128.73875	124.529617346939
1	99	128.3725	124.273661616162
0	100	0	124.1188
