num_of_tit_for_tat	num_of_shame_driven_hiding	average_fitness_of_tit_for_tat	average_fitness_of_shame_driven_hiding
100	0	150	0
99	1	149.819292929293	155
98	2	149.634387755102	154.755
97	3	149.442680412371	154.636666666667
96	4	149.263645833333	154.435
95	5	149.087789473684	154.222
94	6	148.882872340426	154.046666666667
93	7	148.721182795699	153.875714285714
92	8	148.530760869565	153.645
91	9	148.335494505494	153.456666666667
90	10	148.171555555556	153.356
89	11	147.981123595506	153.08
88	12	147.775113636364	153.005
87	13	147.571954022989	152.746923076923
86	14	147.391744186046	152.547857142857
85	15	147.195058823529	152.408
84	16	147.033095238095	152.143125
83	17	146.82734939759	152.054705882353
82	18	146.623658536585	151.782777777778
81	19	146.419382716049	151.69
80	20	146.270875	151.3875
79	21	146.064810126582	151.208571428572
78	22	145.851153846154	151.030909090909
77	23	145.712207792208	150.820869565217
76	24	145.521710526316	150.62
75	25	145.294666666667	150.4728
74	26	145.104459459459	150.256923076923
73	27	144.868356164384	150.044074074074
72	28	144.719583333333	149.854642857143
71	29	144.582394366197	149.647931034483
70	30	144.390428571429	149.494
69	31	144.126231884058	149.338387096774
68	32	143.969852941176	149.0753125
67	33	143.789253731343	148.927575757576
66	34	143.541060606061	148.757058823529
65	35	143.337692307692	148.471428571429
64	36	143.1890625	148.286111111111
63	37	142.967936507937	148.150810810811
62	38	142.801935483871	147.921315789474
61	39	142.591147540984	147.674358974359
60	40	142.392166666667	147.48575
59	41	142.157118644068	147.285853658537
58	42	141.994655172414	147.101666666667
57	43	141.818070175439	146.932093023256
56	44	141.603571428571	146.797045454545
55	45	141.326909090909	146.572444444444
54	46	141.21462962963	146.299130434783
53	47	141.010377358491	146.18914893617
52	48	140.801538461538	146.010833333333
51	49	140.593921568627	145.75387755102
50	50	140.384	145.502
49	51	140.214489795918	145.297254901961
48	52	139.997916666667	145.126923076923
47	53	139.813404255319	144.930566037736
46	54	139.575869565217	144.725555555556
45	55	139.382888888889	144.528909090909
44	56	139.149772727273	144.33125
43	57	139.041627906977	144.156140350877
42	58	138.763809523809	143.912068965517
41	59	138.559268292683	143.689830508475
40	60	138.3495	143.554666666667
39	61	138.175641025641	143.280983606557
38	62	137.989736842105	143.06935483871
37	63	137.792162162162	142.874920634921
36	64	137.549166666667	142.69265625
35	65	137.367142857143	142.459846153846
34	66	137.135882352941	142.278484848485
33	67	136.951212121212	142.059253731343
32	68	136.7578125	141.775441176471
31	69	136.46935483871	141.661014492754
30	70	136.300333333333	141.428285714286
29	71	136.107586206897	141.185211267606
28	72	135.834285714286	140.99125
27	73	135.633333333333	140.848630136986
26	74	135.408461538462	140.61027027027
25	75	135.228	140.365333333333
24	76	135.149166666667	140.191842105263
23	77	134.862173913044	139.94025974026
22	78	134.585	139.781025641026
21	79	134.458095238095	139.526835443038
20	80	134.2135	139.318375
19	81	134.016842105263	139.141604938272
18	82	133.732222222222	138.887317073171
17	83	133.524705882353	138.724096385542
16	84	133.3625	138.483928571429
15	85	133.070666666667	138.285411764706
14	86	132.835714285714	138.069186046512
13	87	132.619230769231	137.827126436782
12	88	132.480833333333	137.623295454545
11	89	132.144545454545	137.403370786517
10	90	131.931	137.189
9	91	131.81	136.968901098901
8	92	131.48375	136.749565217391
7	93	131.431428571429	136.528709677419
6	94	131.11	136.323404255319
5	95	130.906	136.090736842105
4	96	130.59	135.880625
3	97	130.413333333333	135.66206185567
2	98	130.18	135.441020408163
1	99	130	135.222323232323
0	100	0	135
