num_of_tit_for_tat	num_of_Pavlov	average_fitness_of_tit_for_tat	average_fitness_of_Pavlov
100	0	150	0
99	1	149.732196969697	119.47
98	2	149.462602040816	119.03375
97	3	149.175902061856	120.001666666667
96	4	148.919921875	119.360625
95	5	148.649289473684	120.229
94	6	148.363829787234	119.421666666667
93	7	148.12497311828	119.255357142857
92	8	147.847391304348	119.016875
91	9	147.539120879121	118.961111111111
90	10	147.244222222222	118.69
89	11	147.011769662921	118.794090909091
88	12	146.724715909091	118.59375
87	13	146.449942528736	118.729423076923
86	14	146.2075	118.220178571429
85	15	145.885705882353	118.512166666667
84	16	145.623035714286	118.07671875
83	17	145.395421686747	118.349117647059
82	18	145.10987804878	118.088055555556
81	19	144.830092592593	117.808684210526
80	20	144.6074375	117.80525
79	21	144.265696202532	117.810119047619
78	22	144.042756410256	117.888522727273
77	23	143.741688311688	117.645760869565
76	24	143.462730263158	117.717604166667
75	25	143.184066666667	117.4803
74	26	142.858344594595	117.453846153846
73	27	142.64154109589	116.935925925926
72	28	142.358020833333	117.039285714286
71	29	142.141126760563	117.116293103448
70	30	141.866392857143	116.847583333333
69	31	141.588369565217	116.965564516129
68	32	141.277463235294	116.595390625
67	33	140.969962686567	116.705075757576
66	34	140.734090909091	116.408235294118
65	35	140.483846153846	116.406285714286
64	36	140.1914453125	116.380833333333
63	37	139.940119047619	116.20527027027
62	38	139.611008064516	116.307236842105
61	39	139.336926229508	116.038846153846
60	40	139.082333333333	116.0150625
59	41	138.807288135593	115.750914634146
58	42	138.523448275862	115.796607142857
57	43	138.295043859649	115.440406976744
56	44	137.965446428571	115.540681818182
55	45	137.793363636364	115.529444444444
54	46	137.561574074074	115.373043478261
53	47	137.160377358491	115.29664893617
52	48	136.94875	115.114427083333
51	49	136.552254901961	114.860204081633
50	50	136.27595	114.9932
49	51	136.160408163265	114.737794117647
48	52	135.88375	114.734086538462
47	53	135.544840425532	114.73108490566
46	54	135.331195652174	114.571712962963
45	55	134.994611111111	114.514
44	56	134.684602272727	114.399375
43	57	134.520406976744	114.263903508772
42	58	134.187380952381	114.073793103448
41	59	133.956280487805	114.068644067797
40	60	133.6560625	113.875666666667
39	61	133.350705128205	113.87606557377
38	62	133.179802631579	113.749153225806
37	63	132.900810810811	113.732341269841
36	64	132.606041666667	113.612890625
35	65	132.177428571429	113.529192307692
34	66	131.941470588235	113.389621212121
33	67	131.688636363636	113.297723880597
32	68	131.48296875	113.206176470588
31	69	131.279435483871	113.133043478261
30	70	130.895583333333	113.158214285714
29	71	130.739137931034	112.979436619718
28	72	130.340803571429	112.833611111111
27	73	130.093888888889	112.75051369863
26	74	129.819615384615	112.725743243243
25	75	129.5501	112.456766666667
24	76	129.353229166667	112.501315789474
23	77	129.123152173913	112.415422077922
22	78	128.716590909091	112.175929487179
21	79	128.489166666667	112.321930379747
20	80	128.08475	112.02321875
19	81	127.906973684211	112.061141975309
18	82	127.730833333333	111.853841463415
17	83	127.353382352941	111.839939759036
16	84	127.05359375	111.704613095238
15	85	126.843166666667	111.564588235294
14	86	126.608392857143	111.487296511628
13	87	126.311538461538	111.429166666667
12	88	125.943333333333	111.245738636364
11	89	125.6825	111.11202247191
10	90	125.60875	111.16075
9	91	125.105	111.132527472527
8	92	125.1253125	110.943668478261
7	93	124.693571428571	110.815322580645
6	94	124.357083333333	110.841781914894
5	95	124.132	110.682578947368
4	96	123.848125	110.529609375
3	97	123.404166666667	110.381649484536
2	98	122.95	110.347346938776
1	99	122.54	110.43345959596
0	100	0	110.161275
