num_of_tit_for_tat	num_of_guilt_driven_amending	average_fitness_of_tit_for_tat	average_fitness_of_guilt_driven_amending
100	0	150	0
99	1	149.835757575758	143.4625
98	2	149.665612244898	143.75
97	3	149.499922680412	143.548333333333
96	4	149.346223958333	143.285
95	5	149.190921052632	143.1185
94	6	149.017526595745	143.042916666667
93	7	148.846424731183	143.054642857143
92	8	148.678831521739	142.7609375
91	9	148.530714285714	142.746111111111
90	10	148.35925	142.53
89	11	148.21393258427	142.485454545455
88	12	148.046505681818	142.103958333333
87	13	147.857672413793	142.120192307692
86	14	147.730319767442	141.902678571429
85	15	147.552558823529	141.730666666667
84	16	147.368958333333	141.685
83	17	147.204939759036	141.543676470588
82	18	147.049024390244	141.342916666667
81	19	146.90549382716	141.220921052632
80	20	146.7033125	141.073
79	21	146.559018987342	140.903928571429
78	22	146.418621794872	140.751136363636
77	23	146.226396103896	140.607391304348
76	24	146.057664473684	140.501979166667
75	25	145.8639	140.3607
74	26	145.739222972973	140.268942307692
73	27	145.551301369863	140.023333333333
72	28	145.407638888889	139.876696428571
71	29	145.228063380282	139.738103448276
70	30	145.095464285714	139.537083333333
69	31	144.86	139.433951612903
68	32	144.714154411765	139.312578125
67	33	144.629552238806	139.228409090909
66	34	144.397537878788	139.055147058824
65	35	144.276	138.887
64	36	144.1148046875	138.760069444444
63	37	143.946468253968	138.5025
62	38	143.753911290323	138.443881578947
61	39	143.582745901639	138.234743589744
60	40	143.456291666667	138.11
59	41	143.270084745763	137.944817073171
58	42	143.108146551724	137.815
57	43	142.965921052632	137.645930232558
56	44	142.758571428571	137.490625
55	45	142.634090909091	137.331444444444
54	46	142.449722222222	137.251576086957
53	47	142.273254716981	137.04170212766
52	48	142.1525	136.962916666667
51	49	141.969852941176	136.82306122449
50	50	141.7569	136.62905
49	51	141.617397959184	136.535049019608
48	52	141.512395833333	136.314038461539
47	53	141.325585106383	136.149669811321
46	54	141.186902173913	136.006111111111
45	55	140.923444444444	135.848772727273
44	56	140.844886363636	135.797767857143
43	57	140.695290697675	135.683114035088
42	58	140.469761904762	135.456293103448
41	59	140.322804878049	135.329110169492
40	60	140.1435625	135.23425
39	61	139.997115384615	134.999590163934
38	62	139.783552631579	134.857217741935
37	63	139.710608108108	134.782142857143
36	64	139.467847222222	134.6613671875
35	65	139.383285714286	134.462038461538
34	66	139.133676470588	134.297727272727
33	67	138.973939393939	134.140335820896
32	68	138.863125	134.023455882353
31	69	138.668467741936	133.841413043478
30	70	138.450833333333	133.73875
29	71	138.342931034483	133.589647887324
28	72	138.169285714286	133.425763888889
27	73	138.056111111111	133.229520547945
26	74	137.871826923077	133.11929054054
25	75	137.6935	132.9814
24	76	137.536354166667	132.816611842105
23	77	137.348913043478	132.718311688312
22	78	137.171704545455	132.54375
21	79	136.980595238095	132.375063291139
20	80	136.8595	132.252375
19	81	136.731710526316	132.109135802469
18	82	136.508333333333	131.887621951219
17	83	136.412352941177	131.828554216867
16	84	136.234375	131.646488095238
15	85	136.035	131.496676470588
14	86	135.953928571429	131.355784883721
13	87	135.735576923077	131.252155172414
12	88	135.547916666667	131.053835227273
11	89	135.4025	130.901039325843
10	90	135.30325	130.723944444444
9	91	135.000555555556	130.648653846154
8	92	134.898125	130.465760869565
7	93	134.760714285714	130.279731182796
6	94	134.569166666667	130.179361702128
5	95	134.452	130.023631578947
4	96	134.23625	129.874505208333
3	97	134.178333333333	129.716829896907
2	98	133.91125	129.597474489796
1	99	133.855	129.449696969697
0	100	0	129.292875
