num_of_always_cooperate	num_of_Pavlov	average_fitness_of_always_cooperate	average_fitness_of_Pavlov
50	0	100	0
49	1	99.0618367346939	147.73
48	2	98.1354166666667	146.54
47	3	97.1602127659575	145.628333333333
46	4	96.2334782608696	143.8775
45	5	95.3744444444444	142.644
44	6	94.5	140.476666666667
43	7	93.4955813953489	139.098571428571
42	8	92.6119047619048	137.535
41	9	91.689756097561	135.778333333333
40	10	90.671	134.3485
39	11	89.7951282051282	132.192727272727
38	12	88.8031578947369	130.854166666667
37	13	88.0191891891892	128.953846153846
36	14	86.8977777777778	127.496785714286
35	15	86.0848571428571	126.276
34	16	85.2397058823529	124.7771875
33	17	84.1475757575758	122.770588235294
32	18	83.09875	121.318055555556
31	19	82.1990322580645	119.617105263158
30	20	81.2506666666666	117.987
29	21	80.4972413793104	116.464285714286
28	22	79.3382142857143	115.036363636364
27	23	78.76	113.204782608696
26	24	77.3157692307693	111.815625
25	25	76.8364	110.1056
24	26	75.90375	108.402692307692
23	27	74.5934782608696	107.162037037037
22	28	73.9690909090909	105.370357142857
21	29	72.9409523809524	103.782931034483
20	30	71.8705	102.116666666667
19	31	71.0968421052632	100.491774193548
18	32	70.4011111111111	99.0325
17	33	69.0641176470588	97.2356060606061
16	34	68.375625	95.7735294117647
15	35	67.2113333333333	94.1518571428571
14	36	66.3414285714286	92.5363888888889
13	37	65.466923076923	90.9033783783784
12	38	64.6416666666666	89.3936842105263
11	39	63.6281818181818	87.7932051282052
10	40	62.745	86.109875
9	41	61.4988888888889	84.4162195121951
8	42	60.51875	82.9197619047619
7	43	59.7457142857143	81.283488372093
6	44	59.4833333333333	79.5360227272727
5	45	58.044	78.0252222222222
4	46	56.9175	76.4441304347826
3	47	56.37	74.9193617021277
2	48	55.875	73.1723958333333
1	49	54.94	71.715306122449
0	50	0	69.9603
