num_of_always_trembling	num_of_shame_driven_denying	average_fitness_of_always_trembling	average_fitness_of_shame_driven_denying
50	0	50.0598	0
49	1	50.1338775510204	46.675
48	2	50.2620833333334	45.9875
47	3	50.518829787234	47.3766666666667
46	4	50.5272826086956	47.16375
45	5	50.6473333333333	47.032
44	6	51.0773863636364	48.0541666666667
43	7	51.1102325581396	47.8985714285714
42	8	51.2003571428571	48.5575
41	9	51.4178048780488	49.2072222222222
40	10	51.86325	49.1345
39	11	51.5319230769231	49.675
38	12	51.8871052631579	50.2491666666667
37	13	51.9481081081081	50.3846153846154
36	14	52.0518055555556	50.6189285714286
35	15	52.2435714285714	51.1343333333333
34	16	52.5511764705882	51.4778125
33	17	52.6909090909091	51.945294117647
32	18	52.966875	52.2191666666667
31	19	52.9929032258064	52.6005263157895
30	20	53.0275	52.90175
29	21	53.3393103448276	53.2445238095238
28	22	53.2667857142857	53.6715909090909
27	23	53.4905555555555	53.5923913043478
26	24	53.6746153846154	54.4472916666667
25	25	53.9656	54.7272
24	26	53.943125	55.3188461538462
23	27	54.1182608695652	55.4922222222222
22	28	54.6240909090909	55.8842857142857
21	29	54.6292857142857	56.1508620689655
20	30	54.419	56.5881666666667
19	31	54.9144736842105	56.8562903225807
18	32	55.1866666666667	57.2546875
17	33	55.1314705882353	57.5745454545455
16	34	55.126875	57.9292647058823
15	35	55.3143333333333	58.5458571428572
14	36	55.5342857142857	58.6011111111111
13	37	55.8211538461539	59.2032432432433
12	38	56.0570833333333	59.3802631578947
11	39	56.1913636363637	59.7817948717949
10	40	56.116	60.121125
9	41	56.3183333333333	60.550243902439
8	42	56.67125	60.7826190476191
7	43	56.5964285714286	61.0694186046511
6	44	56.9658333333333	61.5852272727273
5	45	56.918	61.7725555555556
4	46	57.24125	62.2425
3	47	57.5366666666667	62.5939361702127
2	48	58.2425	62.8832291666667
1	49	58.13	63.2986734693878
0	50	0	63.7719
