num_of_always_trembling	num_of_TFT_with_trembling_hand	average_fitness_of_always_trembling	average_fitness_of_TFT_with_trembling_hand
50	0	50.1359	0
49	1	50.1560204081633	40.795
48	2	50.6902083333333	42.3425
47	3	51.0884042553191	43.2683333333333
46	4	51.3627173913044	44.245
45	5	51.5555555555556	44.228
44	6	52.0042045454545	45.6166666666667
43	7	52.3605813953489	46.1342857142857
42	8	52.7225	46.853125
41	9	52.9904878048781	47.915
40	10	53.359625	48.164
39	11	53.5603846153846	49.1054545454545
38	12	53.7376315789474	49.8520833333333
37	13	54.319054054054	50.4142307692308
36	14	54.61125	51.3478571428571
35	15	55.0765714285714	51.68
34	16	55.4058823529412	52.5640625
33	17	55.6322727272728	53.2008823529412
32	18	55.97578125	53.9872222222222
31	19	56.1712903225807	54.7731578947368
30	20	56.5833333333333	55.4055
29	21	57.0231034482759	56.3147619047619
28	22	57.3967857142857	56.6052272727272
27	23	57.5468518518518	57.4697826086957
26	24	58.1355769230769	58.3552083333334
25	25	58.1722	59.0334
24	26	58.5972916666667	59.6769230769231
23	27	58.9669565217391	60.392962962963
22	28	59.3656818181818	61.1101785714285
21	29	59.4866666666667	61.8429310344828
20	30	60.104	62.4871666666667
19	31	60.1218421052631	63.2541935483871
18	32	60.8375	64.1384375
17	33	61.125	64.7343939393939
16	34	61.4221875	65.6063235294118
15	35	61.747	66.1511428571428
14	36	61.9385714285714	66.9348611111111
13	37	62.2288461538461	67.6158108108108
12	38	62.6104166666667	68.3911842105263
11	39	63.0963636363636	68.8932051282051
10	40	63.3925	69.640875
9	41	63.6066666666667	70.3429268292683
8	42	63.904375	71.0671428571429
7	43	64.0928571428571	71.8498837209302
6	44	64.645	72.5727272727273
5	45	64.962	73.326
4	46	65.2675	74.0008695652174
3	47	65.74	74.6853191489362
2	48	65.5825	75.4682291666666
1	49	66.68	76.1178571428571
0	50	0	76.8771
