num_of_always_defect	num_of_Pavlov	average_fitness_of_always_defect	average_fitness_of_Pavlov
50	0	0	0
49	1	2.27285714285714	-49.965
48	2	4.519375	-47.92
47	3	6.80787234042553	-45.3866666666666
46	4	9.1004347826087	-42.95875
45	5	11.3853333333333	-40.245
44	6	13.625	-37.755
43	7	15.903488372093	-35.4842857142857
42	8	18.1938095238095	-33.018125
41	9	20.3682926829268	-30.4505555555555
40	10	22.64725	-28.0085
39	11	24.8892307692308	-25.6613636363636
38	12	27.3902631578947	-23.1583333333333
37	13	29.4524324324324	-20.7842307692308
36	14	31.6552777777778	-18.3925
35	15	33.9028571428571	-15.7263333333333
34	16	36.1758823529412	-13.66625
33	17	38.5721212121212	-11.1414705882353
32	18	40.75625	-8.54527777777778
31	19	42.9196774193548	-6.25552631578947
30	20	45.156	-3.667
29	21	47.4124137931035	-1.31380952380952
28	22	49.7925	1.27136363636364
27	23	52.0707407407408	3.64260869565217
26	24	54.3011538461538	6.129375
25	25	56.6208	8.392
24	26	58.7395833333333	10.9021153846154
23	27	61.0582608695652	13.4066666666667
22	28	63.2318181818182	15.9582142857143
21	29	65.6138095238095	18.3846551724138
20	30	67.8885	20.8798333333333
19	31	70.0110526315789	23.1135483870968
18	32	72.3888888888889	25.435
17	33	74.5629411764706	28.1692424242424
16	34	77.078125	30.6435294117647
15	35	79.2073333333333	32.981
14	36	81.3992857142857	35.4697222222222
13	37	83.6523076923077	37.8183783783784
12	38	86.0541666666666	40.4467105263158
11	39	88.19	42.8048717948718
10	40	90.516	45.311625
9	41	92.9622222222222	47.6986585365854
8	42	95.24	50.3395238095238
7	43	97.1557142857143	52.7877906976744
6	44	99.5883333333333	55.1193181818182
5	45	101.772	57.5215555555556
4	46	104.055	60.1430434782609
3	47	106.41	62.4948936170213
2	48	108.945	65.1130208333334
1	49	111.35	67.490306122449
0	50	0	69.9687
