num_of_always_trembling	num_of_shame_driven_hiding	average_fitness_of_always_trembling	average_fitness_of_shame_driven_hiding
50	0	50.0351	0
49	1	50.2384693877551	42.38
48	2	50.5542708333333	43.6
47	3	50.8011702127659	44.6966666666667
46	4	51.2197826086956	45.05875
45	5	51.4553333333333	46.077
44	6	51.8875	46.6383333333333
43	7	52.0311627906977	47.6778571428572
42	8	52.3504761904762	48.241875
41	9	52.8181707317073	48.9277777777778
40	10	52.8155	50.0615
39	11	53.0675641025641	50.6827272727273
38	12	53.4282894736842	51.5829166666667
37	13	53.7390540540541	52.5980769230769
36	14	54.0844444444445	53.255
35	15	54.5338571428571	53.9453333333333
34	16	54.7019117647059	54.89875
33	17	55.130606060606	55.6573529411765
32	18	55.30484375	56.4241666666667
31	19	55.5312903225807	57.4986842105263
30	20	55.9151666666667	58.4535
29	21	56.063275862069	59.2404761904762
28	22	56.3528571428571	60.2679545454545
27	23	56.7153703703704	61.1219565217391
26	24	57.0167307692308	61.7314583333334
25	25	57.0946	62.7532
24	26	57.6779166666667	63.5978846153846
23	27	57.8936956521739	64.5735185185185
22	28	58.2381818181818	65.74875
21	29	58.5	66.5391379310345
20	30	58.737	67.5246666666667
19	31	58.8626315789474	68.3374193548387
18	32	59.0619444444444	69.48921875
17	33	59.9079411764706	70.3477272727273
16	34	60.075625	71.352205882353
15	35	60.092	72.3917142857143
14	36	60.4535714285714	73.3858333333333
13	37	60.63	74.4024324324324
12	38	61.035	75.4225
11	39	61.3118181818182	76.5748717948718
10	40	61.773	77.67375
9	41	61.6822222222222	78.7756097560976
8	42	61.8875	79.8372619047619
7	43	62.2757142857143	81.101976744186
6	44	62.8991666666667	82.2973863636364
5	45	63.015	83.5122222222222
4	46	63.35125	84.6865217391305
3	47	63.6083333333333	85.8988297872341
2	48	64.015	87.1798958333334
1	49	64.55	88.5763265306122
0	50	0	90
