num_of_always_defect	num_of_shame_driven_denying	average_fitness_of_always_defect	average_fitness_of_shame_driven_denying
50	0	0	0
49	1	0.974489795918367	-23.82
48	2	1.949375	-22.095
47	3	2.93042553191489	-20.3616666666667
46	4	3.90739130434782	-18.585
45	5	4.87888888888889	-16.691
44	6	5.85181818181818	-15.0608333333333
43	7	6.81976744186047	-13.1078571428571
42	8	7.80190476190477	-11.555625
41	9	8.78121951219512	-9.71333333333333
40	10	9.74175	-7.7605
39	11	10.7233333333333	-6.08045454545455
38	12	11.7163157894737	-4.19166666666667
37	13	12.6583783783784	-2.40961538461538
36	14	13.6730555555556	-0.613214285714286
35	15	14.6265714285714	1.089
34	16	15.6202941176471	2.9815625
33	17	16.5627272727273	4.71941176470588
32	18	17.558125	6.55222222222222
31	19	18.5403225806452	8.28578947368421
30	20	19.5203333333333	10.11375
29	21	20.5055172413793	11.8957142857143
28	22	21.4482142857143	13.8643181818182
27	23	22.4337037037037	15.3910869565217
26	24	23.4176923076923	17.1522916666667
25	25	24.4232	19.1456
24	26	25.37625	20.5567307692308
23	27	26.3295652173913	22.5357407407407
22	28	27.3077272727273	24.2635714285714
21	29	28.3104761904762	26.1027586206897
20	30	29.2925	27.798
19	31	30.2357894736842	29.6832258064516
18	32	31.1955555555556	31.46296875
17	33	32.1811764705882	33.2634848484849
16	34	33.193125	35.0788235294118
15	35	34.13	36.9815714285714
14	36	35.1328571428571	38.6901388888889
13	37	36.0861538461538	40.5681081081081
12	38	37.0266666666667	42.2678947368421
11	39	38.0963636363636	44.1558974358974
10	40	39.049	45.68775
9	41	39.9966666666666	47.6787804878049
8	42	41.02375	49.4321428571429
7	43	41.9257142857143	51.1793023255814
6	44	42.8683333333333	52.9315909090909
5	45	43.946	54.6563333333333
4	46	44.9325	56.5829347826087
3	47	45.8533333333333	58.4014893617021
2	48	46.83	60.1766666666667
1	49	47.59	61.9854081632653
0	50	0	63.7169
