num_of_always_cooperate	num_of_TFT_with_trembling_hand	average_fitness_of_always_cooperate	average_fitness_of_TFT_with_trembling_hand
50	0	100	0
49	1	99.5977551020408	110
48	2	99.175	109.29
47	3	98.7953191489362	108.685
46	4	98.3591304347826	108.075
45	5	97.9635555555555	107.214
44	6	97.5597727272727	106.610833333333
43	7	97.1453488372094	105.889285714286
42	8	96.6952380952381	105.285625
41	9	96.3065853658536	104.534444444444
40	10	95.93025	104.001
39	11	95.4794871794871	103.225
38	12	95.0847368421053	102.602916666667
37	13	94.7386486486486	101.875769230769
36	14	94.3319444444444	101.351071428571
35	15	93.92	100.615666666667
34	16	93.42	99.7809375
33	17	93.100303030303	99.0538235294118
32	18	92.6484375	98.5361111111111
31	19	92.236129032258	97.8636842105264
30	20	91.796	97.08575
29	21	91.4679310344827	96.5454761904762
28	22	90.9778571428571	95.7556818181818
27	23	90.6177777777778	95.1943478260869
26	24	90.2065384615385	94.5022916666666
25	25	89.7396000000001	93.8078
24	26	89.4275	93.0744230769231
23	27	88.96	92.4855555555556
22	28	88.5622727272727	91.8217857142857
21	29	88.167619047619	91.071724137931
20	30	87.7995000000001	90.4958333333333
19	31	87.2384210526316	89.8112903225806
18	32	86.9788888888889	89.06734375
17	33	86.4917647058823	88.3075757575757
16	34	86.184375	87.6932352941176
15	35	85.6126666666666	87.0565714285714
14	36	85.3335714285715	86.3016666666666
13	37	84.9692307692308	85.8154054054054
12	38	84.5233333333333	84.8884210526316
11	39	84.25	84.3021794871795
10	40	83.712	83.600125
9	41	83.2266666666666	82.8865853658536
8	42	82.91125	82.2572619047619
7	43	82.4185714285714	81.5946511627907
6	44	82.055	80.85
5	45	81.644	80.1902222222222
4	46	81.2325	79.5155434782609
3	47	80.8166666666667	78.9101063829787
2	48	80.38	78.23625
1	49	80	77.4955102040816
0	50	0	76.8695
