num_of_always_trembling	num_of_Pavlov	average_fitness_of_always_trembling	average_fitness_of_Pavlov
50	0	49.9891	0
49	1	50.4015306122449	48.645
48	2	50.8040625	49.3275
47	3	51.1645744680851	50.6366666666667
46	4	51.5058695652174	51.22375
45	5	51.987	52.056
44	6	52.2734090909091	51.5208333333333
43	7	52.6782558139535	51.96
42	8	53.3504761904762	52.465
41	9	53.3565853658537	52.9722222222222
40	10	53.896125	53.2015
39	11	54.0976923076923	54.1254545454545
38	12	54.7960526315789	54.3245833333333
37	13	55.2333783783784	54.278076923077
36	14	55.5055555555555	55.1196428571429
35	15	56.1352857142857	55.666
34	16	56.3219117647059	56.2234375
33	17	56.6060606060606	56.0641176470588
32	18	57.255625	56.4236111111111
31	19	57.6467741935484	57.1002631578948
30	20	57.9486666666667	57.511
29	21	58.2837931034483	57.8009523809524
28	22	58.4816071428572	58.2731818181818
27	23	59.1146296296296	58.864347826087
26	24	59.3475	58.9104166666666
25	25	59.887	59.4
24	26	60.338125	59.7430769230769
23	27	60.4717391304348	60.3007407407407
22	28	60.9143181818182	60.7375
21	29	61.3895238095238	61.2522413793104
20	30	61.78875	61.5633333333333
19	31	62.2863157894737	61.8958064516129
18	32	62.3236111111111	62.5215625
17	33	63.0967647058823	62.7375757575757
16	34	63.0275	63.3182352941176
15	35	63.9373333333333	63.571
14	36	64.0728571428571	63.9925
13	37	64.7438461538461	64.4083783783784
12	38	64.7495833333333	64.96
11	39	65.3118181818182	65.1674358974359
10	40	65.2305	65.731875
9	41	66.3433333333333	66.2354878048781
8	42	66.865625	66.6161904761905
7	43	66.4135714285714	66.9626744186046
6	44	67.5033333333333	67.4871590909091
5	45	67.461	67.7324444444445
4	46	68.88625	68.2877173913044
3	47	69.14	68.7952127659574
2	48	69.16	69.0064583333333
1	49	68.59	69.530306122449
0	50	0	69.8706
