num_of_always_defect	num_of_TFT_with_trembling_hand	average_fitness_of_always_defect	average_fitness_of_TFT_with_trembling_hand
50	0	0	0
49	1	0.973877551020408	-23.935
48	2	1.94791666666667	-21.9125
47	3	2.92851063829787	-19.8633333333333
46	4	3.90673913043478	-17.68375
45	5	4.87577777777778	-15.623
44	6	5.85022727272727	-13.7775
43	7	6.83162790697675	-11.4628571428571
42	8	7.79809523809524	-9.451875
41	9	8.78146341463415	-7.54722222222222
40	10	9.7515	-5.381
39	11	10.7197435897436	-3.51181818181818
38	12	11.6957894736842	-1.20958333333333
37	13	12.6883783783784	0.881538461538462
36	14	13.6683333333333	2.88214285714286
35	15	14.6554285714286	4.88166666666667
34	16	15.6058823529412	6.9371875
33	17	16.5821212121212	8.94823529411765
32	18	17.5496875	11.1488888888889
31	19	18.5406451612903	13.1363157894737
30	20	19.5243333333333	15.13875
29	21	20.4965517241379	17.2392857142857
28	22	21.4660714285714	19.2295454545455
27	23	22.4348148148148	21.3523913043478
26	24	23.4088461538462	23.4216666666667
25	25	24.374	25.3434
24	26	25.3904166666667	27.5925
23	27	26.3147826086957	29.5907407407407
22	28	27.2754545454546	31.6610714285714
21	29	28.3028571428571	33.6105172413793
20	30	29.234	35.7821666666667
19	31	30.2563157894737	37.8125806451613
18	32	31.2316666666667	39.89078125
17	33	32.2411764705882	41.7948484848485
16	34	33.149375	43.9897058823529
15	35	34.1233333333333	45.8995714285714
14	36	35.1364285714286	48.0495833333333
13	37	36.0907692307692	50.1045945945946
12	38	37.0258333333333	52.166447368421
11	39	38.0609090909091	54.2424358974359
10	40	39.017	56.297
9	41	39.9877777777778	58.3886585365854
8	42	40.9525	60.4117857142857
7	43	41.9114285714286	62.3623255813953
6	44	42.9116666666667	64.4896590909091
5	45	43.988	66.546
4	46	44.8525	68.6921739130435
3	47	45.8933333333333	70.7229787234043
2	48	46.835	72.7234375
1	49	47.77	74.7485714285714
0	50	0	76.8254
