num_of_always_defect	num_of_guilt_driven_amending	average_fitness_of_always_defect	average_fitness_of_guilt_driven_amending
50	0	0	0
49	1	0.977959183673469	-23.815
48	2	1.95145833333333	-21.6375
47	3	2.92808510638297	-19.3483333333333
46	4	3.90021739130435	-17.16375
45	5	4.87111111111111	-14.879
44	6	5.85386363636364	-12.8833333333333
43	7	6.83325581395349	-10.7607142857143
42	8	7.79571428571429	-8.54
41	9	8.77951219512195	-6.12277777777778
40	10	9.75275	-3.8205
39	11	10.74	-1.59590909090909
38	12	11.6934210526316	0.513333333333333
37	13	12.6705405405405	2.84961538461539
36	14	13.6619444444444	5.02571428571429
35	15	14.6217142857143	7.22666666666667
34	16	15.6067647058823	9.300625
33	17	16.5848484848485	11.7802941176471
32	18	17.5490625	13.9658333333333
31	19	18.5435483870968	16.2547368421053
30	20	19.4893333333333	18.29
29	21	20.4855172413793	20.6690476190476
28	22	21.4942857142857	22.7454545454545
27	23	22.4240740740741	25.1552173913043
26	24	23.4046153846154	27.3177083333334
25	25	24.3868	29.6878
24	26	25.3416666666667	31.7369230769231
23	27	26.3004347826087	34.0390740740741
22	28	27.3104545454545	36.1732142857143
21	29	28.3023809523809	38.4324137931035
20	30	29.273	40.5246666666667
19	31	30.2331578947368	42.8404838709677
18	32	31.1961111111111	45.0153125
17	33	32.1529411764706	47.4193939393939
16	34	33.12125	49.5270588235294
15	35	34.1653333333334	51.7918571428572
14	36	35.1114285714286	53.8968055555555
13	37	36.1192307692308	56.1410810810811
12	38	37.0591666666667	58.4134210526316
11	39	37.9436363636364	60.5997435897436
10	40	38.967	62.887875
9	41	40.0077777777778	65.1428048780487
8	42	40.9575	67.2261904761905
7	43	41.9542857142857	69.5225581395349
6	44	42.95	71.76
5	45	43.894	74.015
4	46	44.9425	76.191304347826
3	47	45.81	78.4351063829787
2	48	46.81	80.7385416666667
1	49	47.69	82.8624489795918
0	50	0	85.0873
