num_of_always_trembling	num_of_guilt_driven_amending	average_fitness_of_always_trembling	average_fitness_of_guilt_driven_amending
50	0	50.0061	0
49	1	50.2528571428571	40.415
48	2	50.9084375	41.875
47	3	51.0134042553191	42.8033333333333
46	4	51.4379347826087	43.66375
45	5	51.8944444444444	44.313
44	6	52.32375	45.4
43	7	52.5302325581396	46.09
42	8	52.9878571428572	47.32
41	9	53.3425609756098	48.2072222222222
40	10	53.703	49.165
39	11	54.091282051282	49.8627272727273
38	12	54.4278947368421	50.9316666666667
37	13	54.7397297297297	51.4807692307692
36	14	55.3422222222222	52.6607142857143
35	15	55.5265714285715	53.353
34	16	56.0608823529412	54.4096875
33	17	56.4645454545455	55.1344117647059
32	18	56.69734375	56.2719444444444
31	19	57.003064516129	57.2263157894737
30	20	57.4335	58.11925
29	21	57.7201724137931	58.8419047619048
28	22	58.2126785714286	59.7884090909091
27	23	58.3733333333334	60.8021739130435
26	24	58.9311538461539	61.6345833333333
25	25	59.3044	62.4952
24	26	59.655	63.4842307692308
23	27	60.11	64.3883333333333
22	28	60.7329545454545	65.3691071428571
21	29	60.8609523809524	66.1648275862069
20	30	60.91625	66.9985
19	31	61.5897368421052	68.0014516129033
18	32	62.1297222222222	68.83109375
17	33	62.3305882352941	69.6278787878788
16	34	62.513125	70.6195588235294
15	35	62.858	71.612
14	36	63.2917857142857	72.5470833333333
13	37	63.7530769230769	73.2544594594595
12	38	64.235	74.2536842105263
11	39	64.5795454545455	75.1044871794872
10	40	64.7335	76.08225
9	41	65.2377777777778	76.9898780487805
8	42	65.805625	77.8130952380952
7	43	66.1192857142857	78.7170930232558
6	44	66.74	79.7297727272728
5	45	66.865	80.5887777777778
4	46	67.38875	81.4280434782609
3	47	68.0133333333333	82.4101063829787
2	48	68.1775	83.3188541666667
1	49	68.67	84.220306122449
0	50	0	85.1388
