num_of_always_cooperate	num_of_shame_driven_denying	average_fitness_of_always_cooperate	average_fitness_of_shame_driven_denying
50	0	100	0
49	1	98.9442857142857	126.235
48	2	97.839375	125.2325
47	3	96.8546808510639	123.808333333333
46	4	95.6989130434782	122.40125
45	5	94.6182222222222	120.962
44	6	93.6422727272727	119.533333333333
43	7	92.4667441860465	118.663571428571
42	8	91.4633333333334	117
41	9	90.4065853658537	115.738333333333
40	10	89.352	114.682
39	11	88.2635897435897	113.51
38	12	87.241052631579	111.944583333333
37	13	86.0232432432432	110.979615384615
36	14	84.9647222222222	109.708928571429
35	15	83.8354285714286	108.457333333333
34	16	83.0244117647059	106.9471875
33	17	82.0236363636363	105.907941176471
32	18	80.6803125	104.512222222222
31	19	79.5164516129032	103.387894736842
30	20	78.71	102.02325
29	21	77.3203448275862	100.598095238095
28	22	76.5421428571428	99.4215909090909
27	23	75.5837037037037	97.9652173913044
26	24	74.4726923076923	96.9164583333334
25	25	73.0399999999999	95.689
24	26	72.26125	94.2523076923078
23	27	71.0517391304348	92.7992592592592
22	28	69.9277272727273	91.7539285714285
21	29	69.1180952380952	90.48
20	30	67.6085	89.3573333333334
19	31	66.5384210526316	88.0582258064516
18	32	65.8538888888889	86.72859375
17	33	64.7994117647059	85.3743939393939
16	34	63.611875	84.1392647058823
15	35	62.1626666666667	82.8247142857143
14	36	61.5021428571428	81.44875
13	37	60.7130769230769	80.2175675675676
12	38	59.1308333333333	78.8198684210526
11	39	58.0872727272727	77.8394871794872
10	40	56.922	76.31125
9	41	56.5066666666666	75.1209756097561
8	42	55.5025	73.8066666666667
7	43	54.06	72.443488372093
6	44	52.9066666666667	71.3443181818182
5	45	51.676	70.1075555555555
4	46	51.2325	68.7827173913043
3	47	50.0833333333333	67.4992553191489
2	48	48.62	66.345625
1	49	47.38	64.9362244897959
0	50	0	63.6382
