num_of_always_cooperate	num_of_shame_driven_hiding	average_fitness_of_always_cooperate	average_fitness_of_shame_driven_hiding
50	0	100	0
49	1	99.6661224489796	110
48	2	99.3129166666667	109.61
47	3	98.9823404255319	109.306666666667
46	4	98.6221739130435	108.94
45	5	98.3002222222223	108.632
44	6	97.9729545454545	108.241666666667
43	7	97.6006976744186	107.942857142857
42	8	97.2216666666666	107.59125
41	9	96.8434146341464	107.208888888889
40	10	96.517	106.762
39	11	96.2074358974359	106.409090909091
38	12	95.7965789473684	106.178333333333
37	13	95.4556756756757	105.741538461538
36	14	95.0938888888889	105.377857142857
35	15	94.6451428571428	105.052
34	16	94.3185294117647	104.625625
33	17	93.9615151515152	104.214705882353
32	18	93.5728125	103.925
31	19	93.1929032258064	103.529473684211
30	20	92.839	103.11
29	21	92.3951724137931	102.841428571429
28	22	92.0667857142857	102.360454545455
27	23	91.6766666666667	101.946956521739
26	24	91.2738461538462	101.616666666667
25	25	90.8791999999999	101.1656
24	26	90.5054166666667	100.771153846154
23	27	89.9504347826087	100.445925925926
22	28	89.6304545454546	100.010714285714
21	29	89.2014285714286	99.5303448275862
20	30	88.752	99.1643333333333
19	31	88.3789473684211	98.7838709677419
18	32	87.9277777777778	98.349375
17	33	87.5035294117647	97.8766666666667
16	34	87.096875	97.4808823529412
15	35	86.6013333333333	97.0154285714286
14	36	86.2642857142857	96.6030555555555
13	37	85.7907692307692	96.2035135135136
12	38	85.31	95.7602631578948
11	39	84.9509090909091	95.2561538461539
10	40	84.39	94.848
9	41	83.9977777777778	94.3856097560976
8	42	83.4475	93.8945238095238
7	43	82.9	93.4288372093023
6	44	82.545	92.9520454545455
5	45	81.97	92.5031111111111
4	46	81.54	91.9919565217391
3	47	80.8866666666666	91.5006382978724
2	48	80.495	91.006875
1	49	80	90.500612244898
0	50	0	90
