num_of_guilt_driven_amending	num_of_Pavlov	average_fitness_of_guilt_driven_amending	average_fitness_of_Pavlov
50	0	85.16	0
49	1	84.7771428571429	69.22
48	2	84.3982291666666	69.1525
47	3	84.0581914893617	68.83
46	4	83.7830434782609	69.08125
45	5	83.3798888888889	68.975
44	6	83.0720454545455	69.5133333333333
43	7	82.6889534883721	69.075
42	8	82.3202380952381	69.36125
41	9	82.050487804878	69.3311111111111
40	10	81.672375	69.2685
39	11	81.3417948717949	69.4972727272727
38	12	81.0478947368421	69.33375
37	13	80.6704054054054	69.325
36	14	80.3675	69.3375
35	15	79.9834285714286	69.5343333333333
34	16	79.7151470588236	69.425625
33	17	79.3940909090909	69.3061764705883
32	18	78.96484375	69.6216666666667
31	19	78.5190322580645	69.3397368421053
30	20	78.271	69.34025
29	21	77.8258620689655	69.7688095238095
28	22	77.6660714285714	69.6465909090909
27	23	77.2716666666666	69.7352173913044
26	24	76.8132692307692	69.6435416666666
25	25	76.6268	69.8046
24	26	76.21375	69.5611538461539
23	27	75.7973913043478	69.6724074074074
22	28	75.4904545454546	69.7060714285714
21	29	75.0530952380953	69.89
20	30	74.7645	69.8266666666666
19	31	74.3823684210526	69.7693548387097
18	32	74.0930555555556	69.88796875
17	33	73.8479411764706	69.6201515151515
16	34	73.3021875	69.9451470588235
15	35	73.2263333333333	69.9024285714286
14	36	72.8760714285714	69.7916666666667
13	37	72.5203846153846	69.7285135135135
12	38	71.8554166666667	69.7565789473684
11	39	71.5959090909091	69.934358974359
10	40	71.321	69.841
9	41	71.0861111111111	69.885
8	42	70.8	69.8978571428571
7	43	70.455	70.0470930232558
6	44	70.38	69.8889772727272
5	45	70.032	69.9802222222222
4	46	69.06	69.9051086956522
3	47	68.8216666666667	69.7937234042553
2	48	68.8075	70.115
1	49	68.66	69.884387755102
0	50	0	69.9974
