num_of_shame_driven_denying	num_of_guilt_driven_amending	average_fitness_of_shame_driven_denying	average_fitness_of_guilt_driven_amending
50	0	63.7713	0
49	1	64.0909183673469	65.095
48	2	64.4385416666667	65.815
47	3	64.9311702127659	66.0816666666667
46	4	65.1698913043478	66.87875
45	5	65.6382222222223	66.818
44	6	65.9867045454545	67.3558333333333
43	7	66.2818604651163	67.4885714285714
42	8	66.7076190476191	68.331875
41	9	67.0358536585366	68.5383333333333
40	10	67.438125	69.04
39	11	67.8857692307692	69.3140909090909
38	12	68.2448684210526	69.6108333333333
37	13	68.6744594594595	70.1338461538461
36	14	69.0572222222222	70.625
35	15	69.3231428571428	70.9616666666667
34	16	69.7130882352941	71.518125
33	17	70.1115151515151	71.5326470588235
32	18	70.41109375	72.1888888888889
31	19	70.9451612903226	72.5936842105263
30	20	71.492	72.93175
29	21	71.6068965517241	73.3761904761905
28	22	72.0228571428571	73.8254545454545
27	23	72.3012962962963	74.2936956521739
26	24	72.6263461538461	74.6614583333333
25	25	73.206	75.1096
24	26	73.73125	75.5415384615384
23	27	73.9226086956522	75.7933333333333
22	28	74.3311363636363	76.33875
21	29	74.63	76.6360344827586
20	30	74.9450000000001	77.0943333333333
19	31	75.2723684210526	77.5440322580645
18	32	75.6975	77.9140625
17	33	76.2038235294117	78.1945454545455
16	34	76.425	78.642794117647
15	35	76.9803333333333	79.238
14	36	77.4346428571429	79.5352777777778
13	37	77.6330769230769	79.894054054054
12	38	78.0995833333333	80.2622368421053
11	39	78.4668181818182	80.6108974358975
10	40	78.6845	81.015625
9	41	79.1177777777778	81.4191463414634
8	42	79.538125	81.9332142857143
7	43	80.24	82.276511627907
6	44	80.4766666666667	82.7105681818182
5	45	80.757	83.1015555555555
4	46	81.24875	83.5784782608696
3	47	81.29	83.985
2	48	82.085	84.3438541666667
1	49	81.54	84.7147959183673
0	50	0	85.1526
