num_of_shame_driven_hiding	num_of_Pavlov	average_fitness_of_shame_driven_hiding	average_fitness_of_Pavlov
50	0	90	0
49	1	89.6848979591836	63.905
48	2	89.4069791666667	65.165
47	3	89.1157446808511	64.49
46	4	88.814347826087	64.80375
45	5	88.5726666666666	64.971
44	6	88.2646590909091	65.2291666666667
43	7	88.1088372093023	65.3835714285714
42	8	87.8244047619048	65.325625
41	9	87.6270731707317	65.3961111111111
40	10	87.471	65.5665
39	11	87.2067948717948	65.7581818181818
38	12	87.0407894736842	66.2925
37	13	86.8612162162162	66.2542307692308
36	14	86.6497222222222	66.3039285714286
35	15	86.5075714285714	66.5453333333333
34	16	86.3102941176471	66.3578125
33	17	86.1230303030303	66.3920588235294
32	18	85.9159375	66.6825
31	19	85.9124193548387	66.9028947368421
30	20	85.616	67.16175
29	21	85.5058620689655	67.2609523809524
28	22	85.3575	67.1429545454546
27	23	85.0981481481482	67.3239130434783
26	24	85.1005769230769	67.5775
25	25	84.8942	67.3704
24	26	84.8020833333333	67.5036538461539
23	27	84.6393478260869	67.6762962962963
22	28	84.4902272727273	68.0385714285714
21	29	84.4459523809524	67.8072413793104
20	30	84.29	68.0671666666667
19	31	84.2263157894737	68.1666129032258
18	32	84.0822222222222	68.30921875
17	33	83.8379411764706	68.4207575757576
16	34	83.78	68.5375
15	35	83.5076666666667	68.6067142857143
14	36	83.3660714285714	68.7280555555556
13	37	83.5273076923077	68.7744594594595
12	38	83.3395833333334	68.9478947368421
11	39	83.1645454545455	68.8848717948718
10	40	82.8855	69.119875
9	41	82.8555555555556	69.2830487804878
8	42	82.623125	69.1713095238096
7	43	82.4535714285714	69.1510465116279
6	44	82.8166666666667	69.60625
5	45	82.504	69.5912222222222
4	46	82.555	69.4405434782609
3	47	82.3233333333333	69.7004255319149
2	48	81.88	69.8527083333334
1	49	81.86	69.8578571428572
0	50	0	69.9842
