num_of_shame_driven_hiding	num_of_guilt_driven_amending	average_fitness_of_shame_driven_hiding	average_fitness_of_guilt_driven_amending
50	0	90	0
49	1	90.2084693877551	76.775
48	2	90.4376041666667	77.2125
47	3	90.628085106383	77.0966666666667
46	4	90.8361956521739	77.40875
45	5	91.0418888888889	77.47
44	6	91.2548863636363	77.825
43	7	91.4409302325581	78.0278571428571
42	8	91.6078571428571	78.195625
41	9	91.8180487804878	78.3216666666666
40	10	91.9565	78.7825
39	11	92.1551282051282	78.9259090909091
38	12	92.3580263157895	79.0258333333333
37	13	92.5456756756757	79.2426923076923
36	14	92.7327777777778	79.3125
35	15	92.8308571428572	79.5683333333333
34	16	93.0323529411765	79.7803125
33	17	93.2072727272727	80.0088235294118
32	18	93.3421875	80.1591666666667
31	19	93.581129032258	80.2689473684211
30	20	93.6981666666667	80.49925
29	21	93.8151724137931	80.6490476190476
28	22	94.01	80.7972727272728
27	23	94.1322222222222	81.0084782608695
26	24	94.2996153846154	81.1854166666666
25	25	94.4574	81.358
24	26	94.6197916666666	81.4911538461538
23	27	94.7547826086957	81.6842592592592
22	28	94.8936363636364	81.78875
21	29	95.0159523809524	81.9098275862069
20	30	95.163	82.184
19	31	95.3044736842105	82.2848387096774
18	32	95.4375	82.44671875
17	33	95.5844117647059	82.7107575757576
16	34	95.7221875	82.8073529411765
15	35	95.8693333333334	82.9244285714286
14	36	96.03	83.0631944444444
13	37	96.141923076923	83.2355405405405
12	38	96.2758333333333	83.4738157894737
11	39	96.3745454545454	83.5394871794872
10	40	96.454	83.706
9	41	96.6333333333333	83.8589024390244
8	42	96.805625	83.990119047619
7	43	96.8907142857143	84.1354651162791
6	44	96.9941666666667	84.3321590909091
5	45	97.078	84.4134444444445
4	46	97.19	84.5870652173913
3	47	97.3866666666667	84.7191489361702
2	48	97.385	84.8397916666667
1	49	97.82	84.9948979591837
0	50	0	85.148
