num_of_shame_driven_denying	num_of_Pavlov	average_fitness_of_shame_driven_denying	average_fitness_of_Pavlov
50	0	63.6176	0
49	1	64.1562244897959	57.035
48	2	64.5129166666666	58.0175
47	3	64.9017021276596	57.5566666666667
46	4	65.33	58.24625
45	5	65.6932222222222	58.467
44	6	66.1473863636363	59.2716666666667
43	7	66.4643023255814	59.1157142857143
42	8	66.885	59.470625
41	9	67.3023170731707	60.1761111111111
40	10	67.6115	60.083
39	11	68.1930769230769	60.2972727272727
38	12	68.44	60.485
37	13	68.8336486486486	60.9957692307692
36	14	69.4109722222222	61.2185714285714
35	15	69.7492857142857	61.28
34	16	69.9604411764706	61.0965625
33	17	70.4207575757576	61.9470588235294
32	18	70.9621875	62.1452777777778
31	19	71.3774193548387	62.265
30	20	71.6503333333334	62.165
29	21	72.1951724137931	62.7078571428571
28	22	72.6203571428572	63.105
27	23	73.0707407407407	63.4247826086956
26	24	73.4286538461538	63.8245833333333
25	25	73.7124	63.7696
24	26	73.9383333333334	64.0988461538462
23	27	74.6015217391304	64.2983333333333
22	28	74.9029545454546	64.7355357142857
21	29	75.4295238095238	64.745
20	30	75.74575	64.9171666666667
19	31	76.1802631578948	65.3922580645162
18	32	76.5386111111111	65.33
17	33	77.0202941176471	65.695303030303
16	34	77.4578125	66.1876470588235
15	35	77.634	66.2835714285714
14	36	78.3692857142857	66.5244444444445
13	37	78.48	66.772972972973
12	38	78.9804166666667	66.9693421052632
11	39	79.7404545454545	67.3196153846153
10	40	79.6695	67.6584999999999
9	41	80.0866666666666	67.7923170731707
8	42	80.555	67.9635714285714
7	43	80.7757142857143	68.2713953488372
6	44	81.4566666666667	68.6743181818182
5	45	81.96	68.7894444444445
4	46	82.2975	69.0282608695652
3	47	82.6033333333333	69.3020212765957
2	48	82.73	69.4402083333333
1	49	83.355	69.7168367346939
0	50	0	69.9167
