num_of_TFT_with_trembling_hand	num_of_shame_driven_denying	average_fitness_of_TFT_with_trembling_hand	average_fitness_of_shame_driven_denying
50	0	76.8515	0
49	1	76.6517346938775	74.37
48	2	76.3726041666667	74.4525
47	3	76.0820212765957	74.1033333333334
46	4	75.9307608695652	74.18875
45	5	75.7355555555555	73.817
44	6	75.5010227272727	73.2491666666667
43	7	75.328488372093	73.2228571428572
42	8	74.9986904761905	72.8125
41	9	74.9398780487805	72.8494444444445
40	10	74.6855	72.675
39	11	74.4170512820513	72.33
38	12	74.2356578947368	72.4004166666667
37	13	73.9885135135135	72.0226923076923
36	14	73.6523611111111	71.765
35	15	73.4461428571429	71.4366666666666
34	16	73.3861764705883	71.35625
33	17	73.0169696969697	71.0967647058824
32	18	72.84140625	70.8616666666667
31	19	72.6025806451613	70.5871052631579
30	20	72.3145	70.40875
29	21	72.1268965517241	70.3695238095238
28	22	71.9557142857143	69.9320454545455
27	23	71.8355555555555	69.5954347826087
26	24	71.5825	69.7508333333334
25	25	71.2654	69.2258
24	26	70.93	68.995
23	27	70.8439130434783	68.8492592592593
22	28	70.6522727272727	68.4648214285714
21	29	70.3497619047619	68.2794827586207
20	30	70.1935	68.1565
19	31	69.9884210526316	67.8561290322581
18	32	69.7733333333334	67.76953125
17	33	69.5852941176471	67.5330303030303
16	34	69.278125	67.254705882353
15	35	69.1976666666667	67.0575714285714
14	36	68.7517857142857	66.6731944444445
13	37	68.4807692307692	66.6514864864865
12	38	68.3779166666666	66.3902631578947
11	39	68.155	66.1503846153846
10	40	68.1925	65.955625
9	41	67.5933333333333	65.6630487804878
8	42	67.451875	65.5444047619048
7	43	67.365	65.2473255813954
6	44	67.0366666666667	65.0303409090909
5	45	67.029	64.8766666666667
4	46	66.6575	64.7115217391304
3	47	66.0366666666666	64.4162765957447
2	48	66.115	64.1328125
1	49	65.325	64.0547959183674
0	50	0	63.6423
