num_of_TFT_with_trembling_hand	num_of_shame_driven_hiding	average_fitness_of_TFT_with_trembling_hand	average_fitness_of_shame_driven_hiding
50	0	76.8845	0
49	1	76.8030612244898	85.575
48	2	76.7796875	85.9075
47	3	76.7965957446808	85.375
46	4	76.6281521739131	85.9325
45	5	76.6882222222222	85.85
44	6	76.7110227272727	85.7533333333334
43	7	76.6859302325581	86.0614285714286
42	8	76.6376190476191	86.0625
41	9	76.7154878048781	86.0977777777778
40	10	76.63925	86.1065
39	11	76.6224358974359	86.1072727272728
38	12	76.6218421052632	86.3779166666667
37	13	76.5704054054054	86.2069230769231
36	14	76.43125	86.1703571428572
35	15	76.5285714285714	86.37
34	16	76.4463235294118	86.3065625
33	17	76.5578787878788	86.3132352941176
32	18	76.36421875	86.3705555555556
31	19	76.5506451612903	86.4297368421053
30	20	76.3895	86.5585
29	21	76.3484482758621	86.6735714285714
28	22	76.3028571428571	86.6172727272728
27	23	76.3872222222222	86.6656521739131
26	24	76.3298076923077	86.663125
25	25	76.31	86.8706
24	26	76.2827083333333	86.9425
23	27	76.1630434782609	86.8783333333333
22	28	76.1984090909091	87.0458928571428
21	29	76.2426190476191	87.1431034482759
20	30	76.25575	87.1906666666667
19	31	76.1347368421053	87.3016129032258
18	32	76.1341666666667	87.385625
17	33	76.1567647058824	87.454696969697
16	34	76.0725	87.5726470588236
15	35	76.0906666666667	87.6814285714286
14	36	76.1835714285714	87.7983333333333
13	37	76.1938461538461	87.8818918918919
12	38	76.0366666666667	87.9809210526316
11	39	76.0495454545454	88.1182051282051
10	40	75.9845	88.29125
9	41	75.9772222222223	88.3765853658537
8	42	76.035	88.5289285714286
7	43	75.7278571428572	88.6182558139535
6	44	75.935	88.8342045454546
5	45	75.984	88.9641111111111
4	46	75.86875	89.1572826086957
3	47	75.8483333333333	89.3487234042553
2	48	75.7025	89.5604166666666
1	49	75.755	89.7835714285714
0	50	0	90
