num_of_TFT_with_trembling_hand	num_of_Pavlov	average_fitness_of_TFT_with_trembling_hand	average_fitness_of_Pavlov
50	0	76.8414	0
49	1	76.8020408163265	66.7
48	2	76.6392708333333	66.5875
47	3	76.5762765957446	67.1233333333333
46	4	76.5065217391304	67.24625
45	5	76.5252222222222	67.524
44	6	76.4017045454545	67.2858333333334
43	7	76.2666279069768	67.2542857142857
42	8	76.1538095238095	67.458125
41	9	76.2229268292683	67.2938888888889
40	10	75.971625	67.546
39	11	75.9770512820513	67.6927272727273
38	12	75.8644736842105	67.3895833333333
37	13	75.8525675675676	67.9592307692308
36	14	75.7158333333333	67.7335714285714
35	15	75.6894285714286	67.9723333333333
34	16	75.6670588235294	67.8175
33	17	75.5212121212121	68.1502941176471
32	18	75.41859375	67.9836111111111
31	19	75.4079032258065	67.9
30	20	75.246	68.148
29	21	75.1518965517242	68.2530952380952
28	22	75.17125	68.4468181818182
27	23	75.0287037037037	68.3504347826087
26	24	74.9525	68.51875
25	25	75.013	68.4962
24	26	74.7529166666666	68.7861538461538
23	27	74.8317391304348	68.6187037037037
22	28	74.5927272727273	68.7251785714286
21	29	74.6471428571428	68.9167241379311
20	30	74.433	68.7896666666667
19	31	74.4639473684211	68.9129032258064
18	32	74.3875	69.0684375
17	33	74.285294117647	69.1268181818182
16	34	74.3325	69.1491176470588
15	35	74.0453333333333	69.009
14	36	73.8328571428571	69.1461111111111
13	37	74.1038461538461	69.1908108108108
12	38	73.7525	69.1236842105263
11	39	73.6936363636364	69.3394871794872
10	40	73.6995	69.344875
9	41	73.6188888888889	69.5718292682927
8	42	73.709375	69.6204761904762
7	43	73.5128571428571	69.4431395348837
6	44	73.0475	69.6538636363636
5	45	73.206	69.6077777777778
4	46	73.01625	69.7144565217392
3	47	73.0316666666667	69.7615957446808
2	48	73.19	69.9609375
1	49	73.165	69.844693877551
0	50	0	70.084
