num_of_tit_for_tat	num_of_Pavlov	average_fitness_of_tit_for_tat	average_fitness_of_Pavlov
50	0	100	0
49	1	99.474387755102	75.315
48	2	98.9522916666667	75.825
47	3	98.4378723404255	75.7566666666666
46	4	97.9069565217391	75.88
45	5	97.4115555555556	74.799
44	6	96.8544318181818	75.1216666666666
43	7	96.3280232558139	75.3
42	8	95.802619047619	74.890625
41	9	95.3524390243902	74.4211111111111
40	10	94.77025	74.383
39	11	94.2110256410256	74.2459090909091
38	12	93.8028947368421	74.6595833333333
37	13	93.2756756756756	74.2073076923077
36	14	92.6420833333333	74.2675
35	15	92.118	74.056
34	16	91.6936764705883	73.8403125
33	17	91.1312121212122	73.6788235294117
32	18	90.64265625	73.655
31	19	90.1609677419355	73.3568421052632
30	20	89.5436666666667	73.22525
29	21	89.0822413793104	73.445
28	22	88.6205357142857	73.1590909090909
27	23	88.0555555555556	73.1684782608695
26	24	87.4911538461538	72.9560416666667
25	25	86.9744	73.041
24	26	86.4195833333334	72.9261538461538
23	27	85.9371739130435	72.6364814814815
22	28	85.3677272727272	72.3517857142857
21	29	84.8397619047619	72.3481034482759
20	30	84.357	72.221
19	31	83.8518421052632	72.1433870967742
18	32	83.2227777777778	71.92015625
17	33	82.6388235294118	72.1098484848485
16	34	82.279375	71.9283823529412
15	35	81.6596666666667	71.5777142857143
14	36	81.1267857142857	71.5615277777778
13	37	80.6542307692308	71.6283783783784
12	38	80.2408333333333	71.2468421052632
11	39	79.5404545454546	71.1261538461538
10	40	79.1909999999999	71.113125
9	41	78.7644444444445	71.0553658536585
8	42	78.22625	70.9259523809524
7	43	77.2857142857143	70.7344186046512
6	44	77.1566666666667	70.5571590909091
5	45	76.4320000000001	70.6013333333334
4	46	75.95875	70.3620652173913
3	47	75.7066666666667	70.2320212765957
2	48	74.975	70.2360416666667
1	49	74.385	70.0995918367347
0	50	0	70.0451
