num_of_tit_for_tat	num_of_shame_driven_denying	average_fitness_of_tit_for_tat	average_fitness_of_shame_driven_denying
50	0	100	0
49	1	99.3036734693877	90.95
48	2	98.6070833333333	89.53
47	3	97.8991489361702	89.1433333333334
46	4	97.1627173913043	88.965
45	5	96.4603333333334	88.344
44	6	95.7965909090909	87.5891666666667
43	7	95.1182558139535	87.1742857142857
42	8	94.2622619047619	86.540625
41	9	93.6034146341463	85.6094444444444
40	10	92.9245	85.52
39	11	92.1997435897436	84.7118181818182
38	12	91.5840789473684	84.30375
37	13	90.8317567567567	83.8711538461538
36	14	90.1097222222223	83.2235714285714
35	15	89.3694285714286	82.5796666666667
34	16	88.8230882352941	82.2103125
33	17	88.2110606060606	81.6758823529412
32	18	87.37390625	81.1338888888889
31	19	86.6785483870967	80.6163157894737
30	20	85.8830000000001	80.04025
29	21	85.2144827586207	79.4228571428571
28	22	84.5917857142857	78.8195454545454
27	23	83.8074074074074	78.4702173913043
26	24	83.1153846153846	77.7752083333333
25	25	82.449	77.1716
24	26	81.7449999999999	76.7984615384615
23	27	80.9780434782609	76.235
22	28	80.5215909090909	75.5498214285714
21	29	79.6230952380953	74.9913793103448
20	30	78.82275	74.6655
19	31	78.081052631579	73.9141935483871
18	32	77.5877777777778	73.6084375
17	33	76.7958823529412	72.965303030303
16	34	76.0284375	72.5247058823529
15	35	75.335	71.7128571428571
14	36	74.5964285714286	71.1719444444444
13	37	74.0996153846154	70.8362162162162
12	38	73.4554166666667	70.3109210526316
11	39	72.3572727272727	69.6732051282051
10	40	71.8995	69.19425
9	41	71.3527777777778	68.6237804878049
8	42	70.53875	68.0929761904762
7	43	69.905	67.4890697674419
6	44	69.0375	66.8802272727273
5	45	68.155	66.4348888888889
4	46	67.935	65.8729347826087
3	47	66.74	65.5334042553191
2	48	66.2	64.8789583333333
1	49	65.365	64.2023469387755
0	50	0	63.7508
