num_of_tit_for_tat	num_of_shame_driven_hiding	average_fitness_of_tit_for_tat	average_fitness_of_shame_driven_hiding
50	0	100	0
49	1	99.6597959183674	110
48	2	99.3260416666667	109.66
47	3	98.967659574468	109.293333333333
46	4	98.6313043478261	108.9325
45	5	98.2864444444445	108.568
44	6	97.9527272727273	108.21
43	7	97.6304651162791	107.894285714286
42	8	97.2307142857143	107.62875
41	9	96.8258536585366	107.217777777778
40	10	96.4955	106.913
39	11	96.2002564102564	106.498181818182
38	12	95.7928947368421	106.1725
37	13	95.444054054054	105.776153846154
36	14	95.1097222222222	105.392857142857
35	15	94.7028571428572	105.082666666667
34	16	94.3197058823529	104.746875
33	17	93.9954545454546	104.280588235294
32	18	93.5628125	103.961111111111
31	19	93.1877419354838	103.484736842105
30	20	92.805	103.087
29	21	92.4044827586207	102.718571428571
28	22	91.9814285714286	102.311363636364
27	23	91.6651851851852	101.98347826087
26	24	91.2634615384616	101.645416666667
25	25	90.8448	101.2564
24	26	90.53375	100.792307692308
23	27	89.9608695652174	100.368518518518
22	28	89.6	100.0325
21	29	89.2219047619048	99.5675862068966
20	30	88.78	99.1593333333333
19	31	88.27	98.7032258064516
18	32	87.99	98.34125
17	33	87.4976470588235	97.9533333333334
16	34	87.10875	97.5011764705883
15	35	86.6166666666667	97.0822857142857
14	36	86.275	96.5705555555556
13	37	85.73	96.1608108108108
12	38	85.3166666666667	95.7521052631579
11	39	84.8709090909091	95.2215384615385
10	40	84.441	94.8352500000001
9	41	83.9188888888889	94.360731707317
8	42	83.49875	93.9383333333333
7	43	83.0714285714286	93.4651162790698
6	44	82.5216666666667	92.985
5	45	82.018	92.502
4	46	81.4675	91.9963043478261
3	47	81.06	91.5265957446808
2	48	80.555	91.0504166666667
1	49	80	90.5189795918367
0	50	0	90
