num_of_always_defect	num_of_Pavlov	average_fitness_of_always_defect	average_fitness_of_Pavlov
20	0	0	0
19	1	5.54842105263158	-25.0025
18	2	10.9388888888889	-19.27125
17	3	16.5335294117647	-13.4366666666667
16	4	21.965	-7.598125
15	5	27.4753333333333	-1.5955
14	6	32.945	3.75833333333333
13	7	38.6023076923077	9.9775
12	8	44.13	15.543125
11	9	49.5527272727273	21.5572222222222
10	10	54.87	27.649
9	11	60.4733333333334	33.1579545454546
8	12	66.085	39.0604166666667
7	13	71.5085714285715	45.0013461538461
6	14	77.1233333333333	51.1841071428571
5	15	82.514	56.9771666666667
4	16	88.15	63.14390625
3	17	93.3166666666667	69.5160294117648
2	18	98.995	75.1327777777778
1	19	104.44	81.9976315789474
0	20	0	88.840375
