num_of_always_trembling	num_of_TFT_with_trembling_hand	average_fitness_of_always_trembling	average_fitness_of_TFT_with_trembling_hand
20	0	74.94225	0
19	1	75.2538157894737	74.2625
18	2	75.8059722222222	75.24625
17	3	76.0570588235294	78.0208333333333
16	4	76.46484375	79.990625
15	5	76.645	82.752
14	6	76.9294642857143	84.9066666666667
13	7	77.5628846153846	86.5117857142857
12	8	77.8327083333333	89.1384375
11	9	77.9836363636364	91.3766666666666
10	10	78.22825	93.492
9	11	78.9977777777778	96.0572727272727
8	12	79.154375	98.0939583333333
7	13	79.4789285714286	100.233461538462
6	14	80.0025	102.522142857143
5	15	80.131	104.9205
4	16	80.624375	107.32609375
3	17	81.0225	109.455
2	18	80.67	111.756111111111
1	19	81.89	113.839342105263
0	20	0	116.165
