num_of_always_cooperate	num_of_Pavlov	average_fitness_of_always_cooperate	average_fitness_of_Pavlov
20	0	150	0
19	1	147.659473684211	172.285
18	2	145.373888888889	168.70375
17	3	142.699411764706	164.216666666667
16	4	140.555	159.87125
15	5	138.04	155.6825
14	6	135.653571428571	151.45875
13	7	133.104615384615	146.824642857143
12	8	130.55	142.9725
11	9	128.847272727273	138.674722222222
10	10	125.998	134.05575
9	11	123.463333333333	130.013636363636
8	12	121.66125	125.224375
7	13	118.78	120.970384615385
6	14	116.076666666667	116.309285714286
5	15	114.812	111.964333333333
4	16	113.69	107.059375
3	17	110.383333333333	102.719117647059
2	18	106.93	97.9773611111111
1	19	104.5	93.5288157894737
0	20	0	88.877
