num_of_always_defect	num_of_shame_driven_denying	average_fitness_of_always_defect	average_fitness_of_shame_driven_denying
20	0	0	0
19	1	1	-4.75
18	2	2	0.42
17	3	3	4.76833333333333
16	4	4	10.446875
15	5	5	15.0315
14	6	6	20.2454166666667
13	7	6.99923076923077	25.3410714285714
12	8	8	30.396875
11	9	8.99909090909091	35.3458333333333
10	10	10	39.94625
9	11	10.9988888888889	45.0015909090909
8	12	12	49.9441666666667
7	13	13	54.5319230769231
6	14	14	60.0114285714286
5	15	15	65.0775
4	16	16	69.79578125
3	17	17	74.7805882352942
2	18	18	79.4481944444444
1	19	19	84.4980263157895
0	20	0	89.519875
