num_of_always_defect	num_of_shame_driven_hiding	average_fitness_of_always_defect	average_fitness_of_shame_driven_hiding
20	0	0	0
19	1	1	-4.7475
18	2	2	-0.1925
17	3	2.99941176470588	5.14916666666667
16	4	4	10.4575
15	5	5	15.761
14	6	5.99928571428571	21.7954166666667
13	7	7	26.7703571428571
12	8	8	32.7375
11	9	9	38.8597222222222
10	10	10	44.6995
9	11	10.9988888888889	52.0245454545455
8	12	12	58.3914583333333
7	13	13	65.8380769230769
6	14	14	72.8546428571428
5	15	15	80.6458333333333
4	16	16	89.36296875
3	17	17	98.54
2	18	17.995	108.774722222222
1	19	19	120.596184210526
0	20	0	134.63875
