num_of_always_cooperate	num_of_shame_driven_denying	average_fitness_of_always_cooperate	average_fitness_of_shame_driven_denying
20	0	150	0
19	1	147.206842105263	163.2225
18	2	144.422222222222	158.7475
17	3	141.673529411765	155.743333333333
16	4	138.7375	152.263125
15	5	135.598666666667	147.6105
14	6	133.446428571429	144.325416666667
13	7	130.236923076923	139.531785714286
12	8	127.424166666667	136.91625
11	9	124.694545454545	132.858333333333
10	10	121.437	128.85375
9	11	119.93	124.488863636364
8	12	116.675	120.899375
7	13	114.255714285714	116.777115384615
6	14	111.273333333333	113.15625
5	15	108.08	109.071666666667
4	16	105.8525	104.94046875
3	17	102.713333333333	101.071617647059
2	18	101.125	96.9126388888889
1	19	95.99	93.2119736842105
0	20	0	89.369625
