num_of_always_trembling	num_of_guilt_driven_amending	average_fitness_of_always_trembling	average_fitness_of_guilt_driven_amending
20	0	74.885625	0
19	1	75.2476315789474	73.145
18	2	75.6580555555555	76.9525
17	3	76.2360294117647	80.3458333333333
16	4	76.3653125	83.48125
15	5	77.3006666666667	86.5985
14	6	77.3508928571429	89.65875
13	7	77.6234615384615	93.0492857142857
12	8	78.4216666666666	96.7709375
11	9	78.4606818181818	100.398611111111
10	10	79.141	103.369
9	11	79.4369444444444	107.022272727273
8	12	79.8584375	110.198333333333
7	13	80.455	113.467115384615
6	14	80.4216666666667	116.915535714286
5	15	80.9225	119.976166666667
4	16	81.5025	123.51140625
3	17	81.5716666666667	127.159705882353
2	18	81.7025	130.40625
1	19	82.6325	133.831578947368
0	20	0	137.0965
