num_of_always_cooperate	num_of_shame_driven_hiding	average_fitness_of_always_cooperate	average_fitness_of_shame_driven_hiding
20	0	150	0
19	1	149.594210526316	152.5
18	2	149.151666666667	152.135
17	3	148.705882352941	151.756666666667
16	4	148.294375	151.255
15	5	147.82	150.762
14	6	147.356428571429	150.433333333333
13	7	146.881538461539	149.967142857143
12	8	146.354166666667	149.47375
11	9	145.864545454545	149.032222222222
10	10	145.417	148.549
9	11	144.955555555556	148.03
8	12	144.3375	147.546666666667
7	13	143.848571428571	147.014230769231
6	14	143.285	146.376964285714
5	15	142.65	145.7635
4	16	142.0575	144.88953125
3	17	141.343333333333	143.599852941176
2	18	140.715	141.840694444444
1	19	140	139.111315789474
0	20	0	134.430375
