num_of_always_defect	num_of_guilt_driven_amending	average_fitness_of_always_defect	average_fitness_of_guilt_driven_amending
20	0	0	0
19	1	1	-4.75
18	2	2	2.27125
17	3	3	10.0325
16	4	4	17.611875
15	5	5	25.2415
14	6	6	32.41
13	7	7	40.1567857142857
12	8	8	47.533125
11	9	9	54.8422222222222
10	10	10	62.6795
9	11	11	69.8793181818182
8	12	12	77.2354166666667
7	13	13	84.7526923076923
6	14	13.9983333333333	92.1407142857143
5	15	14.994	99.8858333333333
4	16	15.9975	107.340625
3	17	17	114.750882352941
2	18	18	122.218333333333
1	19	19	129.698684210526
0	20	0	137.167125
