num_of_always_trembling	num_of_shame_driven_hiding	average_fitness_of_always_trembling	average_fitness_of_shame_driven_hiding
20	0	75.043625	0
19	1	75.3031578947368	74.28
18	2	75.4809722222222	76.14
17	3	75.8261764705883	78.4258333333333
16	4	75.95015625	81.795
15	5	76.1601666666667	84.088
14	6	76.7010714285714	86.0408333333333
13	7	77.2188461538462	89.6132142857143
12	8	77.356875	91.813125
11	9	77.8395454545454	94.7552777777777
10	10	77.684	97.79125
9	11	78.1627777777778	100.848409090909
8	12	78.57875	104.135625
7	13	78.5935714285714	107.553461538462
6	14	79.0341666666667	111.160178571429
5	15	79.37	115.064333333333
4	16	80.13125	118.825625
3	17	79.8191666666666	123.200294117647
2	18	80.05125	127.754583333333
1	19	80.9025	132.507105263158
0	20	0	134.66225
