num_of_always_cooperate	num_of_guilt_driven_amending	average_fitness_of_always_cooperate	average_fitness_of_guilt_driven_amending
20	0	150	0
19	1	149.515263157895	152.375
18	2	149.015555555556	151.625
17	3	148.498823529412	150.809166666667
16	4	147.95125	150.0575
15	5	147.501333333333	149.1375
14	6	146.943571428571	148.29125
13	7	146.476153846154	147.560714285714
12	8	145.905833333333	146.8196875
11	9	145.572727272727	145.914166666667
10	10	144.97	145.06625
9	11	144.564444444444	144.278863636364
8	12	144.025	143.553125
7	13	143.458571428571	142.736923076923
6	14	142.876666666667	141.915535714286
5	15	142.25	141.172333333333
4	16	141.965	140.33796875
3	17	141.39	139.530882352941
2	18	140.86	138.668333333333
1	19	140.41	137.941184210526
0	20	0	137.0715
