num_of_always_defect	num_of_TFT_with_trembling_hand	average_fitness_of_always_defect	average_fitness_of_TFT_with_trembling_hand
20	0	0	0
19	1	1	-4.75
18	2	2	1.43
17	3	3	7.50666666666667
16	4	4	14.5575
15	5	5	20.979
14	6	6	27.1020833333333
13	7	7	33.1960714285714
12	8	8	39.8175
11	9	9	45.8380555555556
10	10	9.999	52.49225
9	11	11	58.6184090909091
8	12	11.99875	64.9220833333333
7	13	13	71.3069230769231
6	14	14	77.9980357142857
5	15	15	84.3213333333333
4	16	15.9975	90.7896875
3	17	16.9966666666667	97.0573529411765
2	18	18	103.428888888889
1	19	19	109.754868421053
0	20	0	116.00725
