num_of_guilt_driven_amending	num_of_Pavlov	average_fitness_of_guilt_driven_amending	average_fitness_of_Pavlov
20	0	137.088875	0
19	1	135.574736842105	85.49
18	2	134.040694444444	85.8675
17	3	132.536176470588	86.0291666666667
16	4	130.943125	86.578125
15	5	129.577666666667	86.579
14	6	127.790535714286	87.26
13	7	126.388461538462	87.4789285714286
12	8	124.748333333333	87.6428125
11	9	123.403863636364	87.9822222222222
10	10	121.89125	88.0515
9	11	120.6325	88.0565909090909
8	12	118.600625	88.0972916666667
7	13	117.206785714286	88.4930769230769
6	14	115.80125	88.3596428571429
5	15	114.173	88.6301666666667
4	16	112.993125	88.50359375
3	17	111.78	88.7657352941177
2	18	109.59375	88.88625
1	19	107.875	89.0880263157895
0	20	0	88.9735
