num_of_shame_driven_denying	num_of_guilt_driven_amending	average_fitness_of_shame_driven_denying	average_fitness_of_guilt_driven_amending
20	0	89.6485	0
19	1	91.1293421052631	106.83
18	2	91.9852777777778	108.8225
17	3	93.4676470588235	109.206666666667
16	4	95.07640625	111.221875
15	5	96.2601666666667	112.946
14	6	97.9603571428571	114.834583333333
13	7	99.1311538461539	115.786785714286
12	8	99.868125	117.63625
11	9	101.646136363636	119.494166666667
10	10	103.11875	120.84375
9	11	104.001944444444	122.726590909091
8	12	105.8896875	124.28375
7	13	106.747142857143	125.455576923077
6	14	107.67875	127.18875
5	15	108.9835	129.081333333333
4	16	110.8075	130.63125
3	17	111.923333333333	132.455735294118
2	18	113.10375	133.945
1	19	115.8125	135.448947368421
0	20	0	137.092875
