num_of_shame_driven_denying	num_of_Pavlov	average_fitness_of_shame_driven_denying	average_fitness_of_Pavlov
20	0	89.19075	0
19	1	90.9468421052632	75.675
18	2	92.3965277777778	76.145
17	3	93.9242647058823	76.1375
16	4	95.54453125	77.094375
15	5	97.2981666666666	77.694
14	6	98.12375	78.6533333333333
13	7	99.7892307692308	79.3639285714285
12	8	101.828333333333	80.448125
11	9	103.1875	80.9125
10	10	105.031	81.48125
9	11	106.109444444444	83.0722727272727
8	12	107.211875	83.66625
7	13	109.934285714286	83.4838461538461
6	14	110.745833333333	84.6505357142857
5	15	112.4585	85.6185
4	16	113.36125	85.98125
3	17	114.965833333333	87.0669117647059
2	18	117.3325	87.3866666666667
1	19	117.085	88.3067105263158
0	20	0	89.02825
