num_of_shame_driven_hiding	num_of_guilt_driven_amending	average_fitness_of_shame_driven_hiding	average_fitness_of_guilt_driven_amending
20	0	134.66425	0
19	1	137.720526315789	134.24
18	2	140.093888888889	134.5875
17	3	141.524558823529	134.610833333333
16	4	142.548125	134.73625
15	5	143.106666666667	134.882
14	6	143.392142857143	135.135
13	7	143.600192307692	135.350357142857
12	8	143.7575	135.404375
11	9	143.872272727273	135.667222222222
10	10	144.0285	135.7935
9	11	144.116388888889	135.904090909091
8	12	144.2528125	136.05125
7	13	144.347142857143	136.285192307692
6	14	144.43625	136.363928571429
5	15	144.561	136.479666666667
4	16	144.645	136.52546875
3	17	144.796666666667	136.749852941176
2	18	144.82125	136.849722222222
1	19	144.9325	137.0425
0	20	0	137.10875
