num_of_shame_driven_hiding	num_of_shame_driven_denying	average_fitness_of_shame_driven_hiding	average_fitness_of_shame_driven_denying
20	0	134.305125	0
19	1	131.243421052632	102.555
18	2	128.295972222222	101.835
17	3	125.439558823529	100.8
16	4	123.19921875	99.964375
15	5	120.7415	99.2775
14	6	119.089107142857	98.2175
13	7	116.334615384615	97.5807142857143
12	8	115.331458333333	96.7628125
11	9	113.408636363636	96.6136111111111
10	10	112.29	95.30925
9	11	110.695	94.5095454545455
8	12	109.10625	94.3947916666667
7	13	107.763928571429	93.4371153846154
6	14	107.277916666667	93.1278571428571
5	15	105.28	92.1168333333333
4	16	105.02125	91.27375
3	17	104.315	91.2069117647059
2	18	102.51875	90.6680555555556
1	19	102.6075	90.4347368421053
0	20	0	89.4089999999999
