num_of_shame_driven_hiding	num_of_Pavlov	average_fitness_of_shame_driven_hiding	average_fitness_of_Pavlov
20	0	134.665625	0
19	1	135.204078947368	83.02
18	2	134.64625	83.4875
17	3	133.583088235294	84.265
16	4	132.29265625	84.198125
15	5	130.964166666667	84.9215
14	6	129.415357142857	85.73875
13	7	128.612692307692	85.5932142857143
12	8	127.895208333333	85.715
11	9	126.976590909091	86.4597222222222
10	10	126.06175	86.941
9	11	125.075	87.5984090909091
8	12	124.7396875	87.4270833333334
7	13	123.549285714286	87.7863461538461
6	14	122.929583333333	87.8528571428572
5	15	122.058	87.643
4	16	121.70625	88.3784375
3	17	120.9075	88.5525
2	18	120.4725	88.5686111111111
1	19	119.4275	88.8655263157895
0	20	0	88.86875
