num_of_TFT_with_trembling_hand	num_of_shame_driven_denying	average_fitness_of_TFT_with_trembling_hand	average_fitness_of_shame_driven_denying
20	0	116.08025	0
19	1	115.312368421053	103.6625
18	2	114.63125	103.9025
17	3	113.8075	103.224166666667
16	4	113.01546875	102.9075
15	5	112.290666666667	101.211
14	6	111.043928571429	100.832916666667
13	7	110.649423076923	99.5653571428572
12	8	109.566875	99.0653125
11	9	109.058409090909	98.1224999999999
10	10	108.214	97.784
9	11	107.4725	96.6984090909091
8	12	106.7728125	96.2697916666667
7	13	105.741428571429	95.2413461538461
6	14	104.277916666667	94.7073214285714
5	15	104.9075	93.1838333333334
4	16	103.2425	92.53453125
3	17	103.330833333333	91.9657352941176
2	18	101.96375	91.7626388888889
1	19	101.7925	90.5838157894737
0	20	0	89.63475
