num_of_TFT_with_trembling_hand	num_of_shame_driven_hiding	average_fitness_of_TFT_with_trembling_hand	average_fitness_of_shame_driven_hiding
20	0	116.046	0
19	1	116.367105263158	124.375
18	2	116.407777777778	124.74125
17	3	116.613088235294	125.143333333333
16	4	116.67375	125.20625
15	5	117.089833333333	125.8355
14	6	116.994464285714	126.14625
13	7	117.192884615385	126.399285714286
12	8	117.501666666667	127.4771875
11	9	117.658409090909	127.748611111111
10	10	117.748	128.4955
9	11	118.160277777778	129.025454545455
8	12	118.40625	129.845625
7	13	118.325357142857	130.547307692308
6	14	118.905416666667	131.228571428571
5	15	119.1855	132.104333333333
4	16	119.195	133.2425
3	17	119.713333333333	134.055
2	18	119.93	134.929027777778
1	19	120.835	134.966447368421
0	20	0	134.760125
