num_of_tit_for_tat	num_of_shame_driven_denying	average_fitness_of_tit_for_tat	average_fitness_of_shame_driven_denying
20	0	150	0
19	1	147.803289473684	117.9875
18	2	145.639444444444	115.63375
17	3	143.498529411765	115.5625
16	4	141.2615625	113.690625
15	5	139.155333333333	112.3525
14	6	137.064464285714	111.04875
13	7	134.596153846154	109.051071428571
12	8	132.63875	108.46
11	9	130.349545454545	105.171666666667
10	10	128.1705	104.46625
9	11	125.682222222222	103.128181818182
8	12	123.9565625	101.668333333333
7	13	121.742857142857	99.8988461538461
6	14	119.667916666667	98.91375
5	15	116.7065	96.6721666666667
4	16	115.038125	95.32703125
3	17	112.990833333333	94.2289705882352
2	18	110.73625	92.3752777777778
1	19	107.9825	90.8051315789474
0	20	0	89.69025
