num_of_tit_for_tat	num_of_shame_driven_hiding	average_fitness_of_tit_for_tat	average_fitness_of_shame_driven_hiding
20	0	150	0
19	1	149.581578947368	152.5
18	2	149.142222222222	152.095
17	3	148.704705882353	151.66
16	4	148.28125	151.2875
15	5	147.809333333333	150.876
14	6	147.376428571429	150.376666666667
13	7	146.921538461539	149.961428571429
12	8	146.38	149.50125
11	9	145.837272727273	149.004444444444
10	10	145.379	148.578
9	11	144.911111111111	147.996136363636
8	12	144.44375	147.503333333333
7	13	143.714285714286	146.997692307692
6	14	143.141666666667	146.40125
5	15	142.608	145.498666666667
4	16	141.98	144.67328125
3	17	141.496666666667	142.656029411765
2	18	140.655	140.990972222222
1	19	140	138.113289473684
0	20	0	134.667875
