num_of_tit_for_tat	num_of_TFT_with_trembling_hand	average_fitness_of_tit_for_tat	average_fitness_of_TFT_with_trembling_hand
20	0	150	0
19	1	148.782368421053	132.245
18	2	147.488055555556	131.07125
17	3	146.396470588235	130.044166666667
16	4	145.33890625	130.13
15	5	143.980166666667	129.176
14	6	142.763571428571	128.43
13	7	141.779807692308	127.081071428571
12	8	140.472291666667	126.2790625
11	9	139.007954545455	125.805555555556
10	10	137.74525	124.592
9	11	136.727777777778	123.683409090909
8	12	135.3846875	122.550833333333
7	13	134.103571428571	122.040576923077
6	14	133.342083333333	120.946785714286
5	15	132.1425	120.338833333333
4	16	130.98625	119.42625
3	17	129.903333333333	118.637352941176
2	18	128.95375	117.808194444444
1	19	126.78	116.624605263158
0	20	0	116.155125
