num_of_generous_TFT	num_of_always_defect	average_fitness_of_generous_TFT	average_fitness_of_always_defect
20	0	50	0
19	1	44.8076315789474	64.15
18	2	39.6977777777778	61.51
17	3	34.4702941176471	57.52
16	4	29.2546875	54.0875
15	5	24.2263333333333	50.818
14	6	18.8944642857143	47.36
13	7	13.7688461538462	43.9085714285714
12	8	8.63770833333334	40.455
11	9	3.42363636363636	36.9133333333333
10	10	-1.6775	34.005
9	11	-6.59527777777778	30.2372727272727
8	12	-11.889375	27.0566666666667
7	13	-17.1582142857143	23.6353846153846
6	14	-22.2325	20.3178571428572
5	15	-27.54	16.9173333333333
4	16	-33.050625	13.56
3	17	-37.5325	10.1782352941176
2	18	-42.42375	6.7
1	19	-48.6075	3.41157894736842
0	20	0	0
