num_of_generous_TFT	num_of_shame_driven_denying	average_fitness_of_generous_TFT	average_fitness_of_shame_driven_denying
20	0	50	0
19	1	49.6261842105263	51.315
18	2	49.2618055555556	51.25875
17	3	48.9976470588235	50.8483333333333
16	4	48.7125	50.52875
15	5	48.4675	50.216
14	6	47.9455357142857	49.6533333333333
13	7	47.6807692307692	49.3546428571429
12	8	47.3085416666667	48.9346875
11	9	46.7972727272727	48.5466666666666
10	10	46.67375	48.12375
9	11	46.23	47.9015909090909
8	12	45.9978125	47.463125
7	13	45.6046428571429	46.9246153846154
6	14	45.2233333333333	46.82875
5	15	44.8565	46.4613333333333
4	16	44.758125	46.04546875
3	17	44.1825	45.6741176470588
2	18	43.84875	45.2618055555555
1	19	43.175	45.0127631578947
0	20	0	44.63925
