num_of_generous_TFT	num_of_guilt_driven_amending	average_fitness_of_generous_TFT	average_fitness_of_guilt_driven_amending
20	0	50	0
19	1	49.9497368421053	50.1325
18	2	49.9004166666667	50.11875
17	3	49.8552941176471	50.0716666666667
16	4	49.78921875	49.9875
15	5	49.7461666666667	49.8835
14	6	49.6771428571429	49.80625
13	7	49.6317307692308	49.8521428571429
12	8	49.598125	49.790625
11	9	49.5356818181819	49.6619444444444
10	10	49.475	49.64775
9	11	49.4161111111111	49.5720454545455
8	12	49.38125	49.4885416666667
7	13	49.3467857142857	49.473076923077
6	14	49.25875	49.4082142857143
5	15	49.1985	49.356
4	16	49.211875	49.28484375
3	17	49.1258333333333	49.2372058823529
2	18	49.09	49.1745833333333
1	19	48.9675	49.1356578947368
0	20	0	49.07425
