num_of_generous_TFT	num_of_shame_driven_hiding	average_fitness_of_generous_TFT	average_fitness_of_shame_driven_hiding
100	0	50	0
99	1	49.9811111111111	51.5
98	2	49.9609183673469	51.495
97	3	49.9382474226805	51.47
96	4	49.9208333333333	51.43
95	5	49.8970526315789	51.422
94	6	49.881914893617	51.3833333333333
93	7	49.8672043010753	51.4042857142857
92	8	49.8379347826087	51.3625
91	9	49.8263736263736	51.3411111111111
90	10	49.7972222222222	51.322
89	11	49.7821348314607	51.3218181818182
88	12	49.7590909090909	51.2816666666667
87	13	49.7277011494253	51.2538461538462
86	14	49.7138372093023	51.2607142857143
85	15	49.6897647058823	51.2533333333334
84	16	49.6763095238095	51.1925
83	17	49.6671084337349	51.1694117647059
82	18	49.635487804878	51.1638888888889
81	19	49.6330864197531	51.1394736842106
80	20	49.593	51.129
79	21	49.5764556962025	51.087619047619
78	22	49.5597435897436	51.0909090909091
77	23	49.5320779220779	51.05
76	24	49.5169736842105	51.0354166666667
75	25	49.5008	51.0312
74	26	49.4635135135135	50.9942307692308
73	27	49.4557534246575	50.9855555555555
72	28	49.4245833333333	50.9575
71	29	49.4040845070422	50.9379310344827
70	30	49.3892857142857	50.912
69	31	49.3697101449276	50.9132258064516
68	32	49.3576470588235	50.8709375
67	33	49.329552238806	50.8448484848485
66	34	49.3163636363636	50.8229411764706
65	35	49.2964615384615	50.8334285714286
64	36	49.275	50.8033333333333
63	37	49.2547619047619	50.7672972972973
62	38	49.2374193548387	50.7421052631579
61	39	49.2196721311476	50.7351282051282
60	40	49.1955	50.7095
59	41	49.1742372881356	50.69
58	42	49.1668965517241	50.6897619047619
57	43	49.1315789473684	50.6583720930233
56	44	49.1110714285714	50.6272727272727
55	45	49.104909090909	50.6128888888889
54	46	49.0683333333333	50.5934782608695
53	47	49.0396226415095	50.5834042553192
52	48	49.0303846153846	50.5558333333333
51	49	49.001568627451	50.5142857142857
50	50	48.9956	50.5152
49	51	48.9665306122449	50.4974509803922
48	52	48.948125	50.4742307692308
47	53	48.9370212765958	50.4466037735849
46	54	48.9354347826087	50.4342592592593
45	55	48.8702222222222	50.4145454545455
44	56	48.8575	50.3866071428571
43	57	48.840465116279	50.3717543859649
42	58	48.8278571428571	50.3484482758621
41	59	48.7956097560976	50.3413559322034
40	60	48.792	50.3208333333333
39	61	48.7820512820512	50.2863934426229
38	62	48.7668421052632	50.2633870967742
37	63	48.7316216216216	50.2685714285714
36	64	48.7227777777778	50.2296875
35	65	48.6851428571429	50.2113846153846
34	66	48.6705882352941	50.1909090909091
33	67	48.6530303030303	50.1698507462686
32	68	48.6203125	50.1457352941176
31	69	48.6161290322581	50.1304347826087
30	70	48.5776666666666	50.1052857142857
29	71	48.5737931034483	50.0764788732394
28	72	48.5628571428571	50.0644444444444
27	73	48.5533333333333	50.047397260274
26	74	48.5153846153846	50.0356756756757
25	75	48.4816	50.0061333333333
24	76	48.4820833333333	49.9881578947369
23	77	48.4482608695652	49.971038961039
22	78	48.4186363636364	49.9489743589744
21	79	48.4247619047619	49.9212658227848
20	80	48.3855	49.914125
19	81	48.3952631578947	49.8798765432099
18	82	48.36	49.8717073170732
17	83	48.335294117647	49.8407228915663
16	84	48.285	49.8209523809524
15	85	48.2953333333333	49.8016470588235
14	86	48.2685714285714	49.7847674418605
13	87	48.2515384615384	49.7627586206896
12	88	48.2158333333333	49.7431818181818
11	89	48.1981818181818	49.727191011236
10	90	48.1969999999999	49.7121111111111
9	91	48.1811111111112	49.6853846153846
8	92	48.135	49.6560869565217
7	93	48.1071428571429	49.6511827956989
6	94	48.0983333333334	49.6206382978723
5	95	48.086	49.6062105263158
4	96	48.06	49.5796875
3	97	48.03	49.561649484536
2	98	48.015	49.5390816326531
1	99	48	49.5181818181818
0	100	0	49.5
