num_of_generous_TFT	num_of_always_trembling	average_fitness_of_generous_TFT	average_fitness_of_always_trembling
100	0	50	0
99	1	49.3026262626263	83.1325
98	2	48.6185204081633	81.95625
97	3	47.9138917525773	81.6366666666667
96	4	47.2225260416667	81.345
95	5	46.526052631579	80.4575
94	6	45.8250265957447	79.9175
93	7	45.1457795698925	79.2260714285715
92	8	44.4701902173913	78.7565625
91	9	43.7908516483516	78.4563888888889
90	10	43.1424166666667	77.66025
89	11	42.3839325842697	76.9863636363636
88	12	41.6713636363636	76.940625
87	13	41.0185344827586	75.9926923076923
86	14	40.3070930232558	75.5935714285714
85	15	39.6386176470588	74.4998333333333
84	16	38.9376785714286	74.22515625
83	17	38.2401506024096	73.5530882352941
82	18	37.5908841463415	73.1184722222222
81	19	36.8731481481481	72.2902631578948
80	20	36.15246875	71.944875
79	21	35.5543037974684	71.1420238095238
78	22	34.7504166666667	70.3953409090909
77	23	34.0987012987013	70.2475
76	24	33.3858881578947	69.3352083333333
75	25	32.7029	68.8818
74	26	32.0002027027027	68.4667307692308
73	27	31.3444863013699	67.9032407407408
72	28	30.6142708333333	67.2345535714286
71	29	29.8554225352113	66.4613793103448
70	30	29.23975	65.7339166666667
69	31	28.5127173913043	65.5395967741936
68	32	27.8731617647059	64.669921875
67	33	27.2158208955224	64.3332575757576
66	34	26.5275	63.5185294117647
65	35	25.7989230769231	63.2022142857143
64	36	25.145859375	62.4194444444444
63	37	24.3723412698413	61.744054054054
62	38	23.6875	61.5603289473684
61	39	23.0589754098361	60.7205128205128
60	40	22.33775	60.29575
59	41	21.733686440678	59.492743902439
58	42	20.9647844827586	58.926130952381
57	43	20.183947368421	58.2391279069768
56	44	19.5529464285714	57.5735227272727
55	45	18.7663181818182	57.1233888888889
54	46	18.1764814814815	56.4941304347826
53	47	17.4363679245283	56.1063829787234
52	48	16.7409134615385	55.5321875
51	49	16.0645588235294	54.7569897959184
50	50	15.42805	54.43425
49	51	14.7310714285714	53.7689705882353
48	52	14.0203125	53.1685576923077
47	53	13.2556382978723	52.4615566037736
46	54	12.6364673913043	52.0272685185185
45	55	12.0390555555556	51.2757272727273
44	56	11.2567613636364	50.9050446428571
43	57	10.5511046511628	50.1757456140351
42	58	9.87285714285714	49.51625
41	59	9.18140243902439	49.0090254237288
40	60	8.389375	48.4405833333333
39	61	7.9623717948718	47.8766393442623
38	62	7.01703947368421	47.1167741935484
37	63	6.36304054054054	46.6098809523809
36	64	5.84131944444444	46.13921875
35	65	4.99664285714286	45.4949615384615
34	66	4.30529411764706	44.9149242424242
33	67	3.75810606060606	44.4366417910448
32	68	2.8925	43.5812132352941
31	69	2.18201612903226	43.0889855072464
30	70	1.593	42.3823214285715
29	71	0.768620689655173	42.0479577464789
28	72	0.0779464285714286	41.5736458333333
27	73	-0.405277777777778	40.7743835616439
26	74	-1.23336538461538	40.347972972973
25	75	-2.1391	39.6324666666667
24	76	-2.62677083333333	39.0100986842105
23	77	-3.23902173913043	38.4325974025974
22	78	-3.86329545454545	37.9932371794872
21	79	-4.61023809523809	37.3400949367088
20	80	-5.404125	36.75784375
19	81	-6.15052631578947	36.1831172839506
18	82	-6.60652777777778	35.7191768292683
17	83	-7.59838235294117	34.9434036144578
16	84	-8.28125	34.3922619047619
15	85	-8.7135	33.5813235294118
14	86	-9.51696428571429	33.2344476744186
13	87	-10.3098076923077	32.5866091954023
12	88	-11.0504166666667	32.06875
11	89	-11.4759090909091	31.4436516853933
10	90	-12.036	30.9526111111111
9	91	-13.0316666666667	30.1715934065934
8	92	-13.45	29.631277173913
7	93	-14.5271428571428	28.9154838709677
6	94	-15.3133333333333	28.5233244680851
5	95	-15.6565	28.02
4	96	-16.355625	27.2452604166667
3	97	-17.19	26.7416494845361
2	98	-17.815	26.1392346938776
1	99	-18.22	25.6612373737374
0	100	0	24.919125
