num_of_generous_TFT	num_of_shame_driven_denying	average_fitness_of_generous_TFT	average_fitness_of_shame_driven_denying
100	0	50	0
99	1	49.9722474747475	51.525
98	2	49.9387755102041	51.40625
97	3	49.9056701030928	51.3375
96	4	49.8787760416666	51.411875
95	5	49.8526842105263	51.3535
94	6	49.8304521276596	51.3358333333333
93	7	49.7984946236559	51.2864285714286
92	8	49.7693206521739	51.2925
91	9	49.7410714285714	51.2111111111111
90	10	49.7168055555556	51.20375
89	11	49.682106741573	51.2363636363636
88	12	49.6578977272727	51.1560416666667
87	13	49.6219252873563	51.1303846153846
86	14	49.5974127906977	51.0942857142857
85	15	49.5637647058824	51.0786666666667
84	16	49.5337797619048	51.08640625
83	17	49.5120180722891	51.0176470588235
82	18	49.4821036585366	51.0091666666666
81	19	49.4611111111111	50.9161842105263
80	20	49.4235625	50.958125
79	21	49.3895569620253	50.9272619047619
78	22	49.3614102564102	50.8539772727273
77	23	49.3307792207792	50.8213043478261
76	24	49.2987828947368	50.8165625
75	25	49.2855666666667	50.7854
74	26	49.2361824324324	50.7693269230769
73	27	49.2228767123288	50.7288888888889
72	28	49.2011805555556	50.6666071428572
71	29	49.1295422535211	50.6702586206897
70	30	49.1359642857143	50.6254166666667
69	31	49.1115942028986	50.5992741935484
68	32	49.0720588235294	50.595234375
67	33	49.0553358208955	50.5017424242424
66	34	49.0007575757576	50.4954411764706
65	35	48.9835769230769	50.475
64	36	48.9517578125	50.4467361111111
63	37	48.9380158730159	50.4066216216216
62	38	48.8925403225806	50.3763815789474
61	39	48.8677459016393	50.3569871794872
60	40	48.8500416666666	50.346375
59	41	48.7969915254237	50.2909146341463
58	42	48.7987068965517	50.2549404761905
57	43	48.7538596491228	50.2352325581395
56	44	48.7434821428571	50.2045454545454
55	45	48.7064545454545	50.1522222222222
54	46	48.6624537037037	50.1467391304348
53	47	48.646179245283	50.1429255319149
52	48	48.6208653846154	50.0828645833333
51	49	48.5773039215686	50.0455102040816
50	50	48.5619	50.0281
49	51	48.5369897959184	49.9820588235294
48	52	48.4710416666667	49.9595192307692
47	53	48.478670212766	49.9387264150944
46	54	48.4054891304348	49.8931481481482
45	55	48.4037222222222	49.8750454545455
44	56	48.3811363636364	49.825
43	57	48.3480813953489	49.8177631578947
42	58	48.3054761904762	49.7804310344828
41	59	48.2949390243903	49.7470338983051
40	60	48.279	49.7244166666667
39	61	48.2821794871795	49.6738934426229
38	62	48.21375	49.67375
37	63	48.1600675675675	49.6294841269841
36	64	48.1338888888889	49.5685546875
35	65	48.1535	49.5791538461539
34	66	48.0538970588235	49.5518181818182
33	67	48.0925	49.5187313432836
32	68	48.02515625	49.4998897058823
31	69	48.0147580645161	49.4439855072464
30	70	47.98925	49.4211071428572
29	71	47.9348275862069	49.4051056338028
28	72	47.9123214285714	49.3489583333333
27	73	47.8632407407408	49.3311643835616
26	74	47.8595192307692	49.3141216216216
25	75	47.8634	49.2742666666667
24	76	47.790625	49.2562171052631
23	77	47.7766304347826	49.2143181818182
22	78	47.7151136363636	49.1751282051282
21	79	47.7332142857143	49.1454113924051
20	80	47.67075	49.10759375
19	81	47.6761842105263	49.093024691358
18	82	47.5929166666667	49.0458231707317
17	83	47.5820588235294	49.0267469879518
16	84	47.60046875	49.0207738095238
15	85	47.5503333333333	48.9724705882353
14	86	47.5721428571429	48.9354941860465
13	87	47.4659615384615	48.9116091954023
12	88	47.509375	48.8948579545455
11	89	47.4456818181818	48.8480898876404
10	90	47.40475	48.8265833333333
9	91	47.3394444444445	48.7955769230769
8	92	47.33375	48.7635869565217
7	93	47.2321428571428	48.7245698924731
6	94	47.2679166666667	48.70375
5	95	47.2795	48.6630263157895
4	96	47.190625	48.6618489583333
3	97	47.1708333333333	48.6114432989691
2	98	47.11	48.5812755102041
1	99	47.11	48.5521717171717
0	100	0	48.516725
