num_of_generous_TFT	num_of_guilt_driven_amending	average_fitness_of_generous_TFT	average_fitness_of_guilt_driven_amending
100	0	50	0
99	1	49.9871717171717	50.605
98	2	49.9701530612245	50.62375
97	3	49.9599742268041	50.595
96	4	49.9477604166667	50.644375
95	5	49.9335526315789	50.5775
94	6	49.9170212765958	50.5758333333333
93	7	49.9073387096774	50.5746428571429
92	8	49.8898097826087	50.5478125
91	9	49.8751648351648	50.5244444444444
90	10	49.8551666666666	50.5345
89	11	49.8548595505618	50.5009090909091
88	12	49.8380397727273	50.4825
87	13	49.8152298850575	50.4684615384615
86	14	49.8053197674419	50.4598214285714
85	15	49.799	50.4171666666667
84	16	49.7816964285714	50.421875
83	17	49.7747289156626	50.3922058823529
82	18	49.7557926829268	50.3833333333333
81	19	49.7408950617284	50.395
80	20	49.72275	50.376875
79	21	49.7122784810127	50.3539285714286
78	22	49.7058333333333	50.3469318181818
77	23	49.6838636363636	50.3348913043478
76	24	49.6755263157895	50.3313541666667
75	25	49.6622333333333	50.3058
74	26	49.6446621621622	50.2813461538461
73	27	49.6360273972603	50.2706481481481
72	28	49.6123263888889	50.2454464285714
71	29	49.6071478873239	50.2372413793103
70	30	49.5900714285714	50.2088333333333
69	31	49.5767753623188	50.21
68	32	49.5580514705882	50.173671875
67	33	49.5524253731343	50.1812878787879
66	34	49.5405303030303	50.1961764705882
65	35	49.5174615384615	50.1545
64	36	49.5022265625	50.1401388888889
63	37	49.4929761904762	50.1258108108108
62	38	49.4851209677419	50.1297368421053
61	39	49.4510245901639	50.0958974358975
60	40	49.4585833333333	50.064
59	41	49.4328389830508	50.047743902439
58	42	49.4180172413793	50.0346428571429
57	43	49.4145614035088	50.0427325581395
56	44	49.4034821428571	50.0409090909091
55	45	49.3817727272727	50.0072777777778
54	46	49.3709259259259	49.9852173913043
53	47	49.3479716981132	49.9971276595745
52	48	49.3496634615385	49.9594791666667
51	49	49.3211764705882	49.9802551020408
50	50	49.3159	49.9562
49	51	49.3132142857143	49.9283333333333
48	52	49.28046875	49.9199038461538
47	53	49.2721808510638	49.8836320754717
46	54	49.2527717391304	49.8747222222222
45	55	49.2582222222222	49.8739090909091
44	56	49.2419886363636	49.8409375
43	57	49.2206976744186	49.8251315789474
42	58	49.2063095238095	49.8353017241379
41	59	49.1989024390244	49.821779661017
40	60	49.1805625	49.8000416666667
39	61	49.1715384615384	49.7910245901639
38	62	49.1634210526316	49.7782258064516
37	63	49.1422297297297	49.7528571428572
36	64	49.1202083333333	49.7374609375
35	65	49.0865714285714	49.7464615384615
34	66	49.0986764705882	49.7092803030303
33	67	49.0641666666667	49.6917164179104
32	68	49.07359375	49.6894852941177
31	69	49.0506451612903	49.6553623188406
30	70	49.0358333333333	49.6556071428571
29	71	49.0377586206896	49.6350704225352
28	72	49.0175	49.6392361111111
27	73	49.0116666666667	49.5932534246575
26	74	48.9978846153846	49.6132094594594
25	75	48.9808	49.5830333333333
24	76	48.9448958333334	49.5607565789474
23	77	48.9420652173913	49.5523376623377
22	78	48.9132954545455	49.5366346153846
21	79	48.9053571428571	49.5414240506329
20	80	48.90375	49.49103125
19	81	48.8942105263158	49.4997530864198
18	82	48.8865277777778	49.4800304878049
17	83	48.8669117647059	49.4826204819277
16	84	48.86015625	49.4650595238095
15	85	48.8501666666666	49.4561764705882
14	86	48.8396428571429	49.419011627907
13	87	48.8326923076923	49.4018965517241
12	88	48.7814583333333	49.4110795454545
11	89	48.7936363636364	49.3797191011236
10	90	48.76175	49.3575277777778
9	91	48.7427777777778	49.3597802197802
8	92	48.7328125	49.3327989130435
7	93	48.7046428571428	49.3269086021505
6	94	48.73125	49.3143882978723
5	95	48.684	49.2874736842105
4	96	48.724375	49.2552083333333
3	97	48.6908333333333	49.2800515463918
2	98	48.6625	49.2451020408163
1	99	48.5875	49.2491414141414
0	100	0	49.221875
