num_of_generous_TFT	num_of_always_defect	average_fitness_of_generous_TFT	average_fitness_of_always_defect
100	0	50	0
99	1	48.625303030303	114.64
98	2	47.2471938775511	113.38
97	3	45.8884020618557	112.516666666667
96	4	44.5297135416667	111.445
95	5	43.1395789473684	109.868
94	6	41.7215691489362	108.665
93	7	40.3980913978495	107.458571428571
92	8	39.0070108695652	106.40125
91	9	37.6471703296703	105.268888888889
90	10	36.2845	104.113
89	11	34.9134831460674	102.818181818182
88	12	33.5372727272727	102.005
87	13	32.1625574712644	100.77
86	14	30.7856686046512	99.5057142857143
85	15	29.3975882352941	98.414
84	16	28.0566964285714	97.19125
83	17	26.6793975903614	96.204705882353
82	18	25.3000609756098	94.7044444444444
81	19	23.9010802469136	93.5426315789474
80	20	22.58740625	92.67
79	21	21.2126582278481	91.4119047619048
78	22	19.7698717948718	90.2445454545454
77	23	18.4065584415584	89.0813043478261
76	24	17.0534868421053	87.8908333333333
75	25	15.7327	86.7488
74	26	14.2848986486486	85.6049999999999
73	27	12.9091095890411	84.3537037037037
72	28	11.6745486111111	83.2014285714286
71	29	10.2116549295775	82.0662068965517
70	30	8.84678571428571	81.0566666666667
69	31	7.41094202898551	79.7296774193548
68	32	6.03779411764706	78.6540625
67	33	4.66425373134328	77.580606060606
66	34	3.33988636363636	76.3729411764706
65	35	1.96065384615385	75.198
64	36	0.688359375	73.865
63	37	-0.788253968253968	72.8170270270271
62	38	-2.18282258064516	71.6444736842105
61	39	-3.52045081967213	70.4023076923077
60	40	-4.84945833333333	69.33875
59	41	-6.2525	68.3517073170732
58	42	-7.73581896551724	67.0959523809524
57	43	-8.98907894736842	65.976511627907
56	44	-10.4389732142857	64.87
55	45	-11.7608636363636	63.7217777777778
54	46	-13.0911574074074	62.4697826086957
53	47	-14.5156132075472	61.2917021276596
52	48	-15.9387019230769	60.0891666666667
51	49	-17.2856862745098	59.0459183673469
50	50	-18.6375	57.87
49	51	-19.9067857142857	56.693137254902
48	52	-21.36234375	55.5471153846154
47	53	-22.7447340425532	54.3275471698113
46	54	-24.0008152173913	53.2492592592593
45	55	-25.2761111111111	52.0136363636364
44	56	-26.8600568181818	50.87375
43	57	-28.1819186046512	49.7975438596491
42	58	-29.587619047619	48.4953448275862
41	59	-30.9384756097561	47.383220338983
40	60	-32.3395625	46.2638333333333
39	61	-33.7187820512821	45.1196721311475
38	62	-35.1159210526316	43.8722580645161
37	63	-36.4430405405405	42.7631746031746
36	64	-37.9258333333333	41.63640625
35	65	-39.1348571428572	40.4844615384615
34	66	-40.6663235294118	39.2840909090909
33	67	-42.0557575757576	38.1813432835821
32	68	-43.376796875	36.9635294117647
31	69	-44.9429032258065	35.862463768116
30	70	-46.11825	34.7234285714286
29	71	-47.57	33.554647887324
28	72	-48.8273214285715	32.4225
27	73	-49.9240740740741	31.2293150684932
26	74	-51.63625	29.9927027027027
25	75	-52.8219	28.9118666666667
24	76	-54.2753125	27.7528947368421
23	77	-55.7591304347826	26.6327272727273
22	78	-56.8342045454546	25.4976923076923
21	79	-58.6088095238095	24.2683544303798
20	80	-59.717625	23.217375
19	81	-61.0222368421053	21.9686419753086
18	82	-62.605	20.8089024390244
17	83	-63.8277941176471	19.6831325301205
16	84	-65.31328125	18.4659523809524
15	85	-66.6	17.3118823529412
14	86	-68.1028571428572	16.2268604651163
13	87	-69.375	15.0073563218391
12	88	-70.768125	13.8568181818182
11	89	-72.0068181818182	12.6997752808989
10	90	-73.457	11.545
9	91	-74.9386111111112	10.3778021978022
8	92	-76.180625	9.24945652173913
7	93	-77.6846428571429	8.07354838709677
6	94	-78.9025	6.93457446808511
5	95	-80.403	5.79389473684211
4	96	-81.598125	4.62375
3	97	-83.19	3.45917525773196
2	98	-84.44125	2.31673469387755
1	99	-86.16	1.15131313131313
0	100	0	0
