num_of_generous_TFT	num_of_always_cooperate	average_fitness_of_generous_TFT	average_fitness_of_always_cooperate
100	0	50	0
99	1	50	50
98	2	50	50
97	3	50	50
96	4	50	50
95	5	50	50
94	6	50	50
93	7	50	50
92	8	50	50
91	9	50	50
90	10	50	50
89	11	50	50
88	12	50	50
87	13	50	50
86	14	50	50
85	15	50	50
84	16	50	50
83	17	50	50
82	18	50	50
81	19	50	50
80	20	50	50
79	21	50	50
78	22	50	50
77	23	50	50
76	24	50	50
75	25	50	50
74	26	50	50
73	27	50	50
72	28	50	50
71	29	50	50
70	30	50	50
69	31	50	50
68	32	50	50
67	33	50	50
66	34	50	50
65	35	50	50
64	36	50	50
63	37	50	50
62	38	50	50
61	39	50	50
60	40	50	50
59	41	50	50
58	42	50	50
57	43	50	50
56	44	50	50
55	45	50	50
54	46	50	50
53	47	50	50
52	48	50	50
51	49	50	50
50	50	50	50
49	51	50	50
48	52	50	50
47	53	50	50
46	54	50	50
45	55	50	50
44	56	50	50
43	57	50	50
42	58	50	50
41	59	50	50
40	60	50	50
39	61	50	50
38	62	50	50
37	63	50	50
36	64	50	50
35	65	50	50
34	66	50	50
33	67	50	50
32	68	50	50
31	69	50	50
30	70	50	50
29	71	50	50
28	72	50	50
27	73	50	50
26	74	50	50
25	75	50	50
24	76	50	50
23	77	50	50
22	78	50	50
21	79	50	50
20	80	50	50
19	81	50	50
18	82	50	50
17	83	50	50
16	84	50	50
15	85	50	50
14	86	50	50
13	87	50	50
12	88	50	50
11	89	50	50
10	90	50	50
9	91	50	50
8	92	50	50
7	93	50	50
6	94	50	50
5	95	50	50
4	96	50	50
3	97	50	50
2	98	50	50
1	99	50	50
0	100	0	50
