num_of_generous_TFT	num_of_TFT_with_trembling_hand	average_fitness_of_generous_TFT	average_fitness_of_TFT_with_trembling_hand
100	0	50	0
99	1	49.9838888888889	50.885
98	2	49.9636989795919	50.85125
97	3	49.9499484536083	50.83
96	4	49.9319010416667	50.795
95	5	49.9137894736842	50.7465
94	6	49.8997074468085	50.7979166666666
93	7	49.8810752688172	50.7678571428571
92	8	49.8606793478261	50.7015625
91	9	49.8412912087912	50.68
90	10	49.8295	50.71075
89	11	49.8138202247191	50.6454545454545
88	12	49.7907102272727	50.633125
87	13	49.7788793103448	50.6161538461538
86	14	49.7542441860465	50.6051785714285
85	15	49.7427058823529	50.5751666666667
84	16	49.7336607142857	50.58109375
83	17	49.7095481927711	50.5597058823529
82	18	49.6841768292683	50.5375
81	19	49.6713888888889	50.493947368421
80	20	49.6454375	50.501
79	21	49.6316455696203	50.5353571428571
78	22	49.6209615384615	50.4543181818182
77	23	49.5892207792208	50.4503260869566
76	24	49.5915460526316	50.4310416666667
75	25	49.5697666666667	50.3818
74	26	49.5462837837838	50.3675
73	27	49.528698630137	50.3681481481482
72	28	49.5167013888889	50.3515178571429
71	29	49.498661971831	50.3237068965517
70	30	49.4732857142857	50.2920833333333
69	31	49.475	50.2706451612903
68	32	49.4398897058824	50.2746875
67	33	49.4382462686567	50.2746212121212
66	34	49.4239393939394	50.2218382352941
65	35	49.3943846153846	50.2185
64	36	49.3723828125	50.2024305555555
63	37	49.3594047619047	50.1693243243243
62	38	49.3451209677419	50.1663157894737
61	39	49.3343852459016	50.1478846153846
60	40	49.322875	50.119875
59	41	49.3031779661017	50.0946341463415
58	42	49.2771982758621	50.0815476190476
57	43	49.2497368421053	50.0717441860465
56	44	49.2352678571428	50.0632386363636
55	45	49.2189545454545	50.0059444444445
54	46	49.2066666666667	49.9995108695652
53	47	49.1766037735849	49.981170212766
52	48	49.1668269230769	49.94984375
51	49	49.1529901960785	49.9604591836735
50	50	49.12945	49.9361
49	51	49.1210714285714	49.930637254902
48	52	49.0988541666667	49.90125
47	53	49.1020212765957	49.8850943396226
46	54	49.0566304347826	49.857962962963
45	55	49.0416111111111	49.8472272727273
44	56	49.053125	49.8188839285714
43	57	49.0133139534884	49.8170614035088
42	58	48.9967857142857	49.8126724137931
41	59	48.9828658536585	49.7725847457627
40	60	48.9700625	49.7637083333334
39	61	48.9335897435898	49.752131147541
38	62	48.91875	49.7121370967742
37	63	48.9129054054054	49.7155952380952
36	64	48.9090972222222	49.6878125
35	65	48.8847142857143	49.6443461538461
34	66	48.8690441176471	49.6341666666667
33	67	48.857803030303	49.6374626865672
32	68	48.84328125	49.6010294117647
31	69	48.8127419354839	49.5720652173913
30	70	48.7881666666667	49.55025
29	71	48.7677586206897	49.5379929577465
28	72	48.7565178571429	49.5346875
27	73	48.727037037037	49.5327739726028
26	74	48.7088461538462	49.4671621621622
25	75	48.691	49.473
24	76	48.7016666666667	49.4808881578947
23	77	48.6795652173913	49.4311688311688
22	78	48.6617045454545	49.4004166666667
21	79	48.6271428571428	49.4002531645569
20	80	48.59825	49.39253125
19	81	48.6061842105263	49.3638271604938
18	82	48.5759722222222	49.3617987804878
17	83	48.5433823529412	49.336265060241
16	84	48.53859375	49.3079166666667
15	85	48.5558333333333	49.2706764705882
14	86	48.5226785714286	49.2737209302326
13	87	48.5388461538461	49.2645977011494
12	88	48.4864583333333	49.2305113636364
11	89	48.4322727272727	49.2234550561798
10	90	48.4585	49.1999722222222
9	91	48.4219444444444	49.1862362637363
8	92	48.42875	49.1653260869565
7	93	48.415	49.1577956989247
6	94	48.33	49.1268085106383
5	95	48.373	49.1090789473684
4	96	48.349375	49.0953385416666
3	97	48.3375	49.0753350515464
2	98	48.3225	49.0475510204082
1	99	48.405	49.0213131313131
0	100	0	49.006275
