num_of_generous_TFT	num_of_Pavlov	average_fitness_of_generous_TFT	average_fitness_of_Pavlov
100	0	50	0
99	1	49.9751515151515	76.85
98	2	49.9496683673469	75.89125
97	3	49.928118556701	76.2508333333333
96	4	49.9095572916667	76.474375
95	5	49.8652368421053	76.068
94	6	49.854335106383	75.4675
93	7	49.8250537634408	76.3003571428571
92	8	49.7926358695652	76.30625
91	9	49.7785714285714	76.0402777777778
90	10	49.7479444444444	75.8525
89	11	49.7325	75.6470454545454
88	12	49.7019034090909	75.7502083333334
87	13	49.6850287356322	75.1588461538462
86	14	49.6521511627907	75.7289285714286
85	15	49.6341470588236	75.3376666666666
84	16	49.6116964285714	75.59515625
83	17	49.5748192771084	75.3097058823529
82	18	49.5678048780488	75.2893055555556
81	19	49.531450617284	75.2673684210527
80	20	49.48684375	75.148125
79	21	49.4783860759494	75.0947619047619
78	22	49.4720192307692	74.8727272727273
77	23	49.4342207792208	74.7980434782609
76	24	49.4249013157895	74.7580208333333
75	25	49.3825333333333	74.5656
74	26	49.3682094594595	74.5680769230769
73	27	49.3339383561644	74.3394444444444
72	28	49.2861458333333	74.5499107142857
71	29	49.2825352112676	74.6154310344828
70	30	49.2662857142857	74.0903333333333
69	31	49.2385144927536	73.7588709677419
68	32	49.2054044117647	74.01703125
67	33	49.1848134328358	74.0585606060607
66	34	49.1511742424243	73.7041176470588
65	35	49.1116153846154	73.8183571428571
64	36	49.1477734375	73.52125
63	37	49.0698412698413	73.9992567567568
62	38	49.0458064516129	73.6373684210526
61	39	49.0494262295082	73.3590384615384
60	40	48.99775	73.446
59	41	48.9927118644068	73.3100609756097
58	42	48.9597844827586	73.1465476190476
57	43	48.9215789473684	73.0548255813953
56	44	48.909375	73.1188636363636
55	45	48.8911818181818	72.9880555555556
54	46	48.860787037037	72.7963043478261
53	47	48.8327358490566	72.8039893617021
52	48	48.81625	72.735625
51	49	48.7760294117647	72.3994387755102
50	50	48.7734	72.3937
49	51	48.7252551020408	72.4037254901961
48	52	48.7247395833333	72.2465384615385
47	53	48.6987765957447	72.1842924528302
46	54	48.6711956521739	72.0975
45	55	48.6525555555556	72.0792272727273
44	56	48.5925	71.9326339285714
43	57	48.5964534883721	71.7436403508772
42	58	48.5589285714286	71.9122413793103
41	59	48.5321341463415	71.5603389830508
40	60	48.5208125	71.664375
39	61	48.5030128205128	71.395737704918
38	62	48.4571052631579	71.2900403225806
37	63	48.4367567567568	71.1811111111111
36	64	48.3668055555555	71.0766796875
35	65	48.3925	71.1226153846154
34	66	48.3355882352941	70.8948106060606
33	67	48.3413636363636	70.9275
32	68	48.3271875	70.7592647058823
31	69	48.2957258064516	70.6757608695652
30	70	48.2374166666667	70.4161428571429
29	71	48.2402586206896	70.463661971831
28	72	48.2308928571429	70.3406597222222
27	73	48.1915740740741	70.3001369863014
26	74	48.1575	70.1263175675676
25	75	48.1629	69.9975666666667
24	76	48.104375	69.9033552631578
23	77	48.0691304347826	69.7076948051948
22	78	48.0428409090909	69.6014743589744
21	79	48.0238095238095	69.5006962025316
20	80	48.013625	69.487
19	81	48.0298684210526	69.3371913580247
18	82	47.9958333333333	69.2300914634146
17	83	47.9326470588235	69.0715662650602
16	84	47.93875	69.0377380952381
15	85	47.8728333333333	68.9626470588235
14	86	47.8666071428571	68.8502325581395
13	87	47.8719230769231	68.6799425287356
12	88	47.8004166666667	68.6292897727273
11	89	47.7765909090909	68.4867696629213
10	90	47.82075	68.2543055555555
9	91	47.7238888888889	68.286043956044
8	92	47.783125	68.1517663043478
7	93	47.7332142857143	68.0620161290323
6	94	47.6520833333334	67.940585106383
5	95	47.7145	67.7296052631579
4	96	47.6075	67.7174479166667
3	97	47.6466666666667	67.4723711340206
2	98	47.6675	67.4326020408163
1	99	47.54	67.349696969697
0	100	0	67.265475
