num_of_always_trembling	num_of_guilt_driven_amending	average_fitness_of_always_trembling	average_fitness_of_guilt_driven_amending
100	0	74.982025	0
99	1	75.43	69.5625
98	2	75.3828826530612	69.3625
97	3	75.7785824742268	69.6741666666667
96	4	76.0062239583333	70.45375
95	5	76.3312894736842	70.745
94	6	76.6272340425532	70.9854166666667
93	7	76.8836559139785	71.0532142857143
92	8	76.8738586956522	71.83875
91	9	77.2621703296703	72.0286111111111
90	10	77.6191666666666	72.66325
89	11	77.8070786516854	73.3020454545455
88	12	77.9584090909091	73.8489583333333
87	13	78.3130172413793	74.3003846153846
86	14	78.5976162790698	74.4571428571429
85	15	78.7994705882353	74.6773333333333
84	16	79.0844642857143	75.3684375
83	17	79.261265060241	75.9611764705883
82	18	79.5976524390244	76.5393055555556
81	19	79.768549382716	76.9052631578947
80	20	79.959	77.429125
79	21	80.2372784810127	77.6980952380953
78	22	80.5360256410257	78.235
77	23	80.8210064935065	78.5972826086957
76	24	81.0360855263158	79.0752083333333
75	25	81.1623	79.2393
74	26	81.5368243243243	79.7968269230769
73	27	81.7333219178082	80.3100925925926
72	28	82.0813541666666	80.7464285714285
71	29	82.3457394366197	81.1312931034483
70	30	82.6524642857143	81.6880833333333
69	31	82.7869565217391	82.1201612903226
68	32	83.1840073529412	82.670078125
67	33	83.338171641791	82.8655303030303
66	34	83.6891287878788	83.4236029411765
65	35	83.7757307692308	83.8072142857143
64	36	84.032109375	84.4679861111111
63	37	84.3922222222222	84.7975675675675
62	38	84.6029032258064	85.2196710526316
61	39	84.961393442623	85.570641025641
60	40	85.0384166666666	86.1575
59	41	85.2033898305085	86.4698780487805
58	42	85.6052155172414	86.9269047619048
57	43	85.8714473684211	87.4409302325581
56	44	86.0779910714286	88.0577840909091
55	45	86.305	88.2093333333333
54	46	86.5734259259259	88.9372826086957
53	47	86.7734433962264	89.3667553191489
52	48	86.9991346153846	89.6997916666667
51	49	87.3079411764706	90.0640816326531
50	50	87.6304	90.7579
49	51	87.7731632653061	91.208137254902
48	52	88.1110416666667	91.4987980769231
47	53	88.3048404255319	91.9181132075471
46	54	88.4711956521739	92.422037037037
45	55	89.0274444444444	92.8837272727273
44	56	89.1182386363636	93.2025892857143
43	57	89.4103488372093	93.8130263157895
42	58	89.6967857142857	93.9708189655173
41	59	89.7953658536585	94.7078813559322
40	60	90.0068125	94.9305833333334
39	61	90.368141025641	95.4953278688525
38	62	90.6557894736842	95.9075806451613
37	63	90.7985135135135	96.3979761904762
36	64	91.0895833333333	96.882421875
35	65	91.3302857142857	97.2791538461538
34	66	91.7861764705883	97.7528787878788
33	67	91.9561363636364	98.0308955223881
32	68	92.218671875	98.7159558823529
31	69	92.3257258064516	99.0752173913044
30	70	92.6676666666667	99.4673571428571
29	71	92.8739655172414	99.9725352112676
28	72	93.1428571428572	100.373541666667
27	73	93.2938888888889	100.836130136986
26	74	93.6986538461538	101.184121621622
25	75	93.8855	101.743866666667
24	76	94.0919791666667	102.317335526316
23	77	94.3297826086956	102.683279220779
22	78	94.5192045454546	103.102692307692
21	79	94.9047619047619	103.439715189873
20	80	94.968625	104.01609375
19	81	95.3710526315789	104.440401234568
18	82	95.7881944444444	104.86887195122
17	83	96.0397058823529	105.262981927711
16	84	95.971875	105.782886904762
15	85	96.5358333333333	106.200647058824
14	86	96.7007142857143	106.649941860465
13	87	96.7646153846154	107.103017241379
12	88	96.8877083333334	107.496392045454
11	89	97.4727272727273	107.953033707865
10	90	97.576	108.387388888889
9	91	97.6630555555555	108.877335164835
8	92	98.163125	109.223315217391
7	93	98.4139285714285	109.75564516129
6	94	98.7183333333333	110.196622340426
5	95	98.7789999999999	110.674210526316
4	96	99.27625	111.130052083333
3	97	99.5275	111.494922680412
2	98	99.64375	112.000969387755
1	99	99.96	112.430176767677
0	100	0	112.882525
