num_of_always_cooperate	num_of_shame_driven_denying	average_fitness_of_always_cooperate	average_fitness_of_shame_driven_denying
100	0	150	0
99	1	149.302424242424	167.09
98	2	148.620816326531	166.24875
97	3	147.911030927835	165.476666666667
96	4	147.239791666667	164.81125
95	5	146.549052631579	164.108
94	6	145.885212765957	162.9975
93	7	145.188602150538	162.413928571429
92	8	144.453586956522	161.6159375
91	9	143.709010989011	160.685
90	10	143.075777777778	159.976
89	11	142.502471910112	159.104545454546
88	12	141.773181818182	158.229583333333
87	13	141.033218390805	157.568269230769
86	14	140.273255813954	156.636071428571
85	15	139.652117647059	155.824666666667
84	16	138.992142857143	155.1371875
83	17	138.245301204819	154.332647058824
82	18	137.550365853658	153.561111111111
81	19	136.812469135802	152.610263157895
80	20	136.239375	152.2105
79	21	135.399873417722	151.138452380952
78	22	134.855384615385	150.417840909091
77	23	134.078311688312	149.65597826087
76	24	133.438289473684	148.858958333333
75	25	132.849333333333	148.0287
74	26	132.084189189189	147.249519230769
73	27	131.24	146.488611111111
72	28	130.731666666667	145.873125
71	29	129.943521126761	144.823965517241
70	30	129.171142857143	144.067166666667
69	31	128.607391304348	143.265403225806
68	32	127.783529411765	142.416328125
67	33	127.058358208955	141.629318181818
66	34	126.510606060606	140.887941176471
65	35	125.773846153846	139.956642857143
64	36	125.13703125	139.179861111111
63	37	124.343650793651	138.53972972973
62	38	123.54064516129	137.683881578947
61	39	123.157704918033	137.100192307692
60	40	122.4735	136.2643125
59	41	121.707627118644	135.421707317073
58	42	121.030862068965	134.513809523809
57	43	120.194210526316	133.847558139535
56	44	119.517142857143	132.949772727273
55	45	118.976909090909	132.042444444444
54	46	118.239074074074	131.380108695652
53	47	117.537735849057	130.482978723404
52	48	116.757115384615	129.615989583333
51	49	116.127647058824	128.962704081633
50	50	115.6848	128.0452
49	51	114.590612244898	127.44068627451
48	52	113.907916666667	126.562932692308
47	53	113.496595744681	125.929622641509
46	54	112.664565217391	125.016018518518
45	55	111.996222222222	124.243545454545
44	56	111.370909090909	123.244553571429
43	57	110.620930232558	122.457192982456
42	58	109.821428571429	121.572284482759
41	59	109.237317073171	121.036779661017
40	60	108.4655	120.20525
39	61	107.794871794872	119.333893442623
38	62	107.170789473684	118.700887096774
37	63	106.208378378378	117.837936507937
36	64	105.775277777778	116.9951953125
35	65	105.132857142857	116.129923076923
34	66	104.38	115.414356060606
33	67	103.759393939394	114.709440298508
32	68	102.7075	113.742977941176
31	69	102.382903225806	113.095144927536
30	70	101.59	112.308678571429
29	71	100.938275862069	111.494049295775
28	72	100.298214285714	110.740659722222
27	73	99.5948148148148	109.90448630137
26	74	98.9576923076923	108.977567567568
25	75	98.0856000000001	108.182933333333
24	76	97.53875	107.522697368421
23	77	96.8639130434783	106.783311688312
22	78	96.1836363636364	105.891923076923
21	79	95.3495238095238	105.084462025316
20	80	94.693	104.2929375
19	81	94.0215789473685	103.531358024691
18	82	93.6016666666667	102.738231707317
17	83	92.6441176470588	101.995873493976
16	84	91.748125	101.072916666667
15	85	91.0406666666667	100.364735294118
14	86	90.835	99.4874709302326
13	87	89.7884615384615	98.6247988505747
12	88	89.1733333333333	97.9336079545455
11	89	88.3954545454545	97.1419101123596
10	90	87.451	96.3346666666667
9	91	87.3644444444444	95.4740384615385
8	92	86.28375	94.7257336956522
7	93	85.7485714285714	93.999435483871
6	94	85.2683333333333	93.245664893617
5	95	84.41	92.2756578947369
4	96	83.735	91.5955989583333
3	97	82.9833333333333	90.7552319587629
2	98	82.045	90.0138775510204
1	99	81.47	89.1239646464646
0	100	0	88.407925
