num_of_always_cooperate	num_of_guilt_driven_amending	average_fitness_of_always_cooperate	average_fitness_of_guilt_driven_amending
100	0	150	0
99	1	149.626161616162	158.9975
98	2	149.283265306122	158.49625
97	3	148.905670103093	158.075833333333
96	4	148.555	157.538125
95	5	148.166421052632	157.0765
94	6	147.81585106383	156.642916666667
93	7	147.472043010753	156.231785714286
92	8	147.087934782609	155.8165625
91	9	146.75010989011	155.295277777778
90	10	146.357222222222	154.918
89	11	146.01191011236	154.34
88	12	145.637272727273	153.926458333333
87	13	145.309655172414	153.4175
86	14	144.906627906977	153.01
85	15	144.539529411765	152.395166666667
84	16	144.169880952381	151.941875
83	17	143.846024096386	151.526029411765
82	18	143.474268292683	151.085277777778
81	19	143.094938271605	150.631842105263
80	20	142.725375	150.107375
79	21	142.33329113924	149.674523809524
78	22	142.014743589743	149.189659090909
77	23	141.667662337662	148.728260869565
76	24	141.275394736842	148.308229166667
75	25	140.9188	147.796
74	26	140.574324324324	147.259615384615
73	27	140.25397260274	146.795925925926
72	28	139.810138888889	146.328660714286
71	29	139.503943661972	146.009568965517
70	30	139.096142857143	145.37975
69	31	138.805217391304	145.066209677419
68	32	138.373823529412	144.538671875
67	33	138.011791044776	144.126515151515
66	34	137.640454545454	143.587794117647
65	35	137.294615384615	143.071571428571
64	36	136.93203125	142.707569444444
63	37	136.566984126984	142.199324324324
62	38	136.199032258065	141.669210526316
61	39	135.790819672131	141.3025
60	40	135.473333333333	140.843125
59	41	135.128644067797	140.387743902439
58	42	134.775344827586	139.919642857143
57	43	134.388596491228	139.453953488372
56	44	134.045357142857	138.915397727273
55	45	133.645272727273	138.53
54	46	133.263703703704	137.998967391304
53	47	132.981698113208	137.555265957447
52	48	132.590769230769	137.086197916667
51	49	132.223333333333	136.649642857143
50	50	131.837	136.2133
49	51	131.481020408163	135.638578431373
48	52	131.1825	135.165576923077
47	53	130.813191489362	134.766132075472
46	54	130.392608695652	134.279074074074
45	55	130.072444444444	133.894272727273
44	56	129.675909090909	133.362276785714
43	57	129.335348837209	132.904649122807
42	58	128.864523809524	132.391120689655
41	59	128.611219512195	132.031313559322
40	60	128.22175	131.46025
39	61	127.855897435897	131.067295081967
38	62	127.485	130.539677419355
37	63	127.142162162162	130.043373015873
36	64	126.691944444444	129.66921875
35	65	126.476285714286	129.127807692308
34	66	125.978823529412	128.682878787879
33	67	125.653636363636	128.117276119403
32	68	125.270625	127.759963235294
31	69	125.021935483871	127.337391304348
30	70	124.706	126.807
29	71	124.180344827586	126.356830985915
28	72	123.898928571429	125.865208333333
27	73	123.584444444444	125.417636986301
26	74	123.126538461539	125.054391891892
25	75	122.8748	124.491733333333
24	76	122.405833333333	124.108486842105
23	77	122.103913043478	123.658279220779
22	78	121.758181818182	123.094070512821
21	79	121.291904761905	122.693575949367
20	80	121.046	122.1220625
19	81	120.663684210526	121.714660493827
18	82	120.3	121.232317073171
17	83	119.911764705882	120.773463855422
16	84	119.404375	120.417351190476
15	85	119.144	119.932029411765
14	86	118.782142857143	119.30488372093
13	87	118.456153846154	118.932040229885
12	88	118.1475	118.465994318182
11	89	117.709090909091	117.973792134831
10	90	117.508	117.570277777778
9	91	116.935555555556	117.107774725275
8	92	116.59	116.578097826087
7	93	116.235714285714	116.117069892473
6	94	115.97	115.694228723404
5	95	115.456	115.238421052632
4	96	115.28	114.738463541667
3	97	114.89	114.296778350516
2	98	114.58	113.777295918367
1	99	114.14	113.322954545455
0	100	0	112.851575
