num_of_always_defect	num_of_guilt_driven_amending	average_fitness_of_always_defect	average_fitness_of_guilt_driven_amending
100	0	0	0
99	1	0.798484848484848	-19.6775
98	2	1.60540816326531	-18.47375
97	3	2.4120618556701	-17.3041666666667
96	4	3.21572916666666	-15.86875
95	5	4.00684210526316	-14.4355
94	6	4.8268085106383	-13.1458333333333
93	7	5.62720430107527	-11.805
92	8	6.41891304347826	-10.549375
91	9	7.21857142857143	-9.00666666666667
90	10	8.02977777777778	-7.9615
89	11	8.85112359550562	-6.55454545454546
88	12	9.64306818181818	-5.19520833333333
87	13	10.436091954023	-3.75557692307692
86	14	11.2140697674419	-2.31607142857143
85	15	12.0648235294118	-1.21383333333333
84	16	12.8097619047619	0.1584375
83	17	13.6387951807229	1.54705882352941
82	18	14.4784146341463	3.09805555555556
81	19	15.2659259259259	4.29618421052632
80	20	16.048	5.464
79	21	16.8549367088608	7.05166666666666
78	22	17.6510256410256	8.37545454545455
77	23	18.428961038961	9.51913043478261
76	24	19.2715789473684	10.8639583333333
75	25	20.0644	12.3883
74	26	20.852027027027	13.6310576923077
73	27	21.7027397260274	14.9139814814815
72	28	22.4798611111111	16.3236607142857
71	29	23.2728169014085	17.5949137931034
70	30	24.0618571428571	18.9426666666667
69	31	24.9001449275362	20.3116935483871
68	32	25.7073529411765	21.68921875
67	33	26.5270149253731	23.0497727272727
66	34	27.2804545454545	24.2356617647059
65	35	28.1075384615385	25.5916428571429
64	36	28.88953125	26.9670833333333
63	37	29.7622222222222	28.3667567567568
62	38	30.5393548387097	29.84375
61	39	31.36	31.0357051282051
60	40	32.0645	32.4746875
59	41	32.9415254237288	33.7026829268293
58	42	33.7179310344828	35.1235119047619
57	43	34.530350877193	36.6324418604651
56	44	35.4060714285714	37.9454545454546
55	45	36.1745454545454	39.0872777777778
54	46	36.9212962962963	40.4515760869565
53	47	37.7192452830189	41.8882446808511
52	48	38.5117307692308	43.1196875
51	49	39.311568627451	44.5035714285714
50	50	40.1736	45.8678
49	51	40.969387755102	47.2342156862745
48	52	41.78875	48.4905769230769
47	53	42.5625531914894	49.8480660377358
46	54	43.3673913043478	51.1201851851852
45	55	44.214	52.6041363636364
44	56	44.9525	53.8124553571429
43	57	45.786511627907	55.1590350877193
42	58	46.5709523809524	56.500948275862
41	59	47.4019512195122	58.0939406779661
40	60	48.097	59.2299583333333
39	61	49.0223076923077	60.6435655737705
38	62	49.7668421052632	62.038064516129
37	63	50.5827027027027	63.3185714285714
36	64	51.4088888888889	64.5394921875
35	65	52.2205714285714	65.8775
34	66	52.9976470588236	67.2514772727273
33	67	53.8115151515152	68.6082462686567
32	68	54.513125	69.9177941176471
31	69	55.3751612903226	71.2111956521739
30	70	56.1243333333333	72.56625
29	71	56.9496551724138	74.0727112676056
28	72	57.8282142857143	75.3453125
27	73	58.7540740740741	76.6600342465753
26	74	59.4023076923077	77.9057432432433
25	75	60.1528	79.266
24	76	61.06125	80.6446710526316
23	77	61.7278260869565	82.0152272727273
22	78	62.5686363636364	83.4062820512821
21	79	63.51	84.7236392405063
20	80	64.309	85.99209375
19	81	65.1005263157895	87.3676851851852
18	82	65.7055555555556	88.7217682926829
17	83	66.5688235294118	90.0576807228916
16	84	67.411875	91.4272619047619
15	85	68.3873333333333	92.7773529411765
14	86	68.9992857142857	94.0867441860465
13	87	69.9584615384616	95.4330172413793
12	88	70.6208333333333	96.7261079545455
11	89	71.69	98.1587359550562
10	90	72.305	99.3981666666667
9	91	73.2377777777778	100.781263736264
8	92	74.01375	102.13375
7	93	74.7628571428571	103.486908602151
6	94	75.2866666666667	104.797872340426
5	95	76.194	106.210868421053
4	96	77.1075	107.475208333333
3	97	77.8366666666667	108.854690721649
2	98	78.605	110.221020408163
1	99	78.85	111.492777777778
0	100	0	112.81685
