num_of_always_cooperate	num_of_TFT_with_trembling_hand	average_fitness_of_always_cooperate	average_fitness_of_TFT_with_trembling_hand
100	0	150	0
99	1	149.591212121212	160
98	2	149.182857142857	159.47125
97	3	148.800412371134	158.918333333333
96	4	148.3728125	158.295
95	5	147.986947368421	157.636
94	6	147.573936170213	157.171666666667
93	7	147.148924731183	156.591428571429
92	8	146.767826086957	156.0584375
91	9	146.372857142857	155.465555555556
90	10	145.970555555556	154.868
89	11	145.54606741573	154.353863636364
88	12	145.153409090909	153.801875
87	13	144.747931034483	153.120961538462
86	14	144.343953488372	152.5925
85	15	143.913058823529	152.1795
84	16	143.496904761905	151.62
83	17	143.155180722892	150.924117647059
82	18	142.725365853659	150.3775
81	19	142.297530864198	149.806710526316
80	20	141.883	149.291125
79	21	141.517594936709	148.785833333333
78	22	141.103974358974	148.236818181818
77	23	140.675064935065	147.6175
76	24	140.299605263158	147.246770833333
75	25	139.932533333333	146.4515
74	26	139.549189189189	145.966057692308
73	27	139.131095890411	145.442314814815
72	28	138.625138888889	144.762857142857
71	29	138.303802816901	144.188793103448
70	30	137.789857142857	143.562666666667
69	31	137.520144927536	143.001935483871
68	32	137.024852941176	142.637421875
67	33	136.616417910448	142.084318181818
66	34	136.267121212121	141.369485294118
65	35	135.854153846154	140.816714285714
64	36	135.364375	140.359583333333
63	37	135.051111111111	139.731486486486
62	38	134.658064516129	139.137302631579
61	39	134.220163934426	138.574230769231
60	40	133.776833333333	138.032625
59	41	133.455762711864	137.539512195122
58	42	133.073103448276	136.872142857143
57	43	132.656842105263	136.358604651163
56	44	132.298928571428	135.784886363636
55	45	131.837454545455	135.154611111111
54	46	131.41962962963	134.630760869565
53	47	131.042264150943	134.126861702128
52	48	130.533269230769	133.439479166667
51	49	130.156274509804	132.926530612245
50	50	129.8066	132.48275
49	51	129.446734693878	131.828382352941
48	52	128.900625	131.211778846154
47	53	128.591489361702	130.696037735849
46	54	128.166304347826	130.167777777778
45	55	127.776666666667	129.667818181818
44	56	127.375909090909	128.9290625
43	57	126.927209302326	128.495263157895
42	58	126.599761904762	127.95025862069
41	59	126.132682926829	127.390974576271
40	60	125.752	126.76275
39	61	125.263333333333	126.211270491803
38	62	125.052894736842	125.70810483871
37	63	124.554594594595	125.008373015873
36	64	124.103333333333	124.563359375
35	65	123.739714285714	123.993
34	66	123.336176470588	123.315606060606
33	67	122.806060606061	122.770634328358
32	68	122.4325	122.296066176471
31	69	122.195806451613	121.70652173913
30	70	121.674333333333	121.148642857143
29	71	121.334482758621	120.540246478873
28	72	120.810714285714	120.098333333333
27	73	120.505555555556	119.515993150685
26	74	120.148461538462	118.786621621622
25	75	119.7832	118.249833333333
24	76	119.292083333333	117.639934210526
23	77	118.882608695652	117.145162337662
22	78	118.389090909091	116.561506410256
21	79	118.064285714286	116.050569620253
20	80	117.7385	115.479625
19	81	117.251578947368	114.884290123457
18	82	116.894444444444	114.345792682927
17	83	116.518235294118	113.760271084337
16	84	116.018125	113.34806547619
15	85	115.721333333333	112.741794117647
14	86	115.15	112.083575581395
13	87	114.797692307692	111.516293103448
12	88	114.398333333333	110.985
11	89	114.058181818182	110.455449438202
10	90	113.72	109.888666666667
9	91	113.243333333333	109.266153846154
8	92	112.90125	108.722880434783
7	93	112.401428571429	108.193951612903
6	94	112.05	107.570079787234
5	95	111.564	107.060526315789
4	96	111.155	106.4940625
3	97	110.906666666667	105.906726804124
2	98	110.395	105.382857142857
1	99	110	104.747651515152
0	100	0	104.16975
