num_of_always_trembling	num_of_shame_driven_denying	average_fitness_of_always_trembling	average_fitness_of_shame_driven_denying
100	0	74.9781	0
99	1	75.1381060606061	72.4275
98	2	75.2526020408163	72.6875
97	3	75.3287371134021	72.5541666666667
96	4	75.5390625	72.996875
95	5	75.6978947368421	72.952
94	6	75.7231117021277	72.74
93	7	75.7967741935484	72.8453571428571
92	8	75.8165217391305	73.18625
91	9	76.0152472527473	73.5297222222222
90	10	76.1355	73.823
89	11	76.2569662921348	73.7136363636364
88	12	76.4786363636364	73.7289583333333
87	13	76.5988505747127	74.0613461538461
86	14	76.5804360465116	74.2826785714286
85	15	76.7078235294118	74.1876666666667
84	16	77.1053273809524	74.31921875
83	17	76.7905120481928	74.6701470588235
82	18	77.0749390243903	74.7544444444444
81	19	77.0895061728395	74.9538157894737
80	20	77.36309375	75.2845
79	21	77.3016139240507	75.4613095238095
78	22	77.5259615384615	75.5280681818182
77	23	77.7358766233767	75.6641304347826
76	24	77.9864802631579	75.8003125
75	25	77.9344333333333	76.0905
74	26	78.0455067567568	76.2348076923077
73	27	78.0353424657534	76.2955555555556
72	28	78.4004861111111	76.5908035714286
71	29	78.4333450704225	76.7733620689655
70	30	78.4788214285714	76.8226666666667
69	31	78.558731884058	77.0688709677419
68	32	78.7919485294117	77.28578125
67	33	78.6478358208955	77.4086363636364
66	34	79.0845454545454	77.3633088235294
65	35	79.047	77.5899285714285
64	36	79.223125	77.6132638888889
63	37	79.500119047619	77.8125
62	38	79.3461693548387	78.1532236842106
61	39	79.5068852459016	78.2532051282051
60	40	79.7414166666667	78.2495625
59	41	79.6766525423729	78.8159756097561
58	42	79.8677155172414	78.8063095238095
57	43	80.0506140350877	78.951511627907
56	44	80.1543303571429	79.2523863636364
55	45	80.1955454545455	79.3490555555556
54	46	80.3389351851852	79.3990217391305
53	47	80.5331132075472	79.7615425531915
52	48	80.6311538461538	79.9013020833333
51	49	80.8979901960785	80.0837755102041
50	50	80.7937	80.25505
49	51	80.8295918367347	80.4016666666667
48	52	81.0306770833333	80.5538942307692
47	53	81.3691489361702	80.7018867924528
46	54	81.2179347826087	80.8480092592593
45	55	81.3588333333333	81.0237727272727
44	56	81.5540909090909	81.2609375
43	57	81.8927325581395	81.5089035087719
42	58	82.0872619047619	81.3649568965517
41	59	81.8446341463414	81.731779661017
40	60	81.9950625	81.711625
39	61	82.1041666666667	81.934631147541
38	62	82.1428289473685	82.0962903225806
37	63	82.3658783783784	82.330873015873
36	64	82.5534722222223	82.5021484375
35	65	82.602	82.6607307692308
34	66	82.8185294117647	82.9570454545454
33	67	82.9032575757576	82.9838059701493
32	68	82.882421875	83.1763602941176
31	69	82.9635483870968	83.3903260869565
30	70	83.0849166666666	83.4398928571428
29	71	83.0649137931034	83.5581690140845
28	72	83.5927678571428	83.7787847222222
27	73	83.5648148148148	83.9606164383562
26	74	83.4499038461538	84.1263513513513
25	75	83.9738	84.1842333333333
24	76	83.865625	84.3216447368421
23	77	84.2821739130435	84.6843181818182
22	78	83.9375	84.6841987179487
21	79	84.2591666666666	84.9419620253164
20	80	84.29875	85.13609375
19	81	84.5905263157895	85.3723456790123
18	82	84.7916666666667	85.3165548780488
17	83	84.8704411764706	85.6555120481928
16	84	84.655	85.7172916666667
15	85	84.7406666666666	85.8252352941176
14	86	84.8153571428571	86.2435465116279
13	87	85.0676923076923	86.2743965517242
12	88	85.3229166666666	86.5111931818182
11	89	85.4302272727273	86.7060112359551
10	90	85.764	86.7534166666667
9	91	85.7436111111111	86.8654945054945
8	92	85.645	87.1085326086957
7	93	85.4217857142857	87.1325806451613
6	94	85.7608333333334	87.4603191489361
5	95	86.003	87.5371578947369
4	96	86.470625	87.80359375
3	97	86.4225	87.9414432989691
2	98	86.0925	88.0492346938776
1	99	85.6775	88.3332323232323
0	100	0	88.328775
