num_of_always_cooperate	num_of_Pavlov	average_fitness_of_always_cooperate	average_fitness_of_Pavlov
100	0	150	0
99	1	149.40595959596	174.015
98	2	148.826530612245	173.96
97	3	148.197113402062	173.59
96	4	147.618125	172.67
95	5	146.994526315789	171.7445
94	6	146.449361702128	171.0175
93	7	145.80935483871	170.051071428571
92	8	145.193369565217	169.59
91	9	144.605384615385	168.691111111111
90	10	144.066222222222	168.14075
89	11	143.465168539326	167.331818181818
88	12	142.872386363636	166.695
87	13	142.227356321839	165.992115384615
86	14	141.687790697674	165.097857142857
85	15	140.997529411765	164.249166666667
84	16	140.436666666667	163.758125
83	17	139.833734939759	162.802941176471
82	18	139.259024390244	162.147361111111
81	19	138.635802469136	161.426184210526
80	20	138.111875	160.791875
79	21	137.484936708861	159.955714285714
78	22	136.937435897436	159.143977272727
77	23	136.329220779221	158.460326086956
76	24	135.699078947368	157.771145833333
75	25	135.012	156.7841
74	26	134.469864864865	156.103653846154
73	27	133.870547945205	155.473055555556
72	28	133.256111111111	154.839017857143
71	29	132.696901408451	154.070431034483
70	30	132.060142857143	153.100916666667
69	31	131.473623188406	152.50685483871
68	32	130.945588235294	151.542734375
67	33	130.211044776119	150.989848484848
66	34	129.785454545455	150.079191176471
65	35	129.064923076923	149.443714285714
64	36	128.4734375	148.58375
63	37	127.78746031746	148.046824324324
62	38	127.308548387097	147.063355263158
61	39	126.698032786885	146.569102564102
60	40	126.193166666667	145.70675
59	41	125.603898305085	144.898292682927
58	42	124.88	144.499880952381
57	43	124.277719298246	143.409825581395
56	44	123.901428571429	142.728295454545
55	45	123.138909090909	142.001111111111
54	46	122.623703703704	141.48527173913
53	47	121.923396226415	140.544734042553
52	48	121.373269230769	139.649947916667
51	49	120.828431372549	139.037346938775
50	50	120.0562	138.16125
49	51	119.634897959184	137.673578431373
48	52	119.0275	136.653557692308
47	53	118.382765957447	135.905
46	54	117.786304347826	135.186527777778
45	55	117.15	134.548590909091
44	56	116.631136363636	133.8459375
43	57	115.922790697674	133.115789473684
42	58	115.469047619048	132.337974137931
41	59	114.914146341463	131.587923728814
40	60	114.196	130.769833333333
39	61	113.509743589744	130.06643442623
38	62	112.847368421053	129.319919354839
37	63	112.430540540541	128.612936507937
36	64	111.811666666667	127.988515625
35	65	111.347428571429	126.977269230769
34	66	110.494411764706	126.33875
33	67	109.953939393939	125.577425373134
32	68	109.530625	124.801801470588
31	69	109.015161290323	124.056775362319
30	70	108.232666666667	123.328607142857
29	71	107.754137931034	122.594612676056
28	72	106.746071428571	121.774479166667
27	73	106.36962962963	121.167842465753
26	74	105.670769230769	120.300371621622
25	75	105.178	119.588266666667
24	76	104.5375	118.894473684211
23	77	103.904782608696	118.16288961039
22	78	103.524090909091	117.304006410256
21	79	102.71	116.613291139241
20	80	102.1805	115.874625
19	81	101.625789473684	115.083765432099
18	82	101.003333333333	114.468475609756
17	83	100.335294117647	113.656957831325
16	84	99.92875	112.868333333333
15	85	99.3673333333333	112.130205882353
14	86	98.4464285714286	111.46261627907
13	87	98.2161538461539	110.754856321839
12	88	97.4716666666666	110.055085227273
11	89	97.05	109.111882022472
10	90	96.159	108.415027777778
9	91	95.3355555555555	107.751456043956
8	92	95.0925	106.890489130435
7	93	94.5342857142857	106.178413978495
6	94	93.7333333333333	105.547473404255
5	95	93.606	104.683315789474
4	96	92.9975	103.916354166667
3	97	91.84	103.252139175258
2	98	90.305	102.429770408163
1	99	91.21	101.783484848485
0	100	0	100.9125
