num_of_always_trembling	num_of_TFT_with_trembling_hand	average_fitness_of_always_trembling	average_fitness_of_TFT_with_trembling_hand
100	0	75.01315	0
99	1	75.3037121212121	69.285
98	2	75.3683418367347	70.2475
97	3	75.6113917525773	69.8975
96	4	75.8028125	70.329375
95	5	76.0738421052632	70.3955
94	6	76.4099734042553	71.4416666666667
93	7	76.5591666666667	71.545
92	8	76.6922826086956	72.0509375
91	9	76.9004120879121	72.4244444444444
90	10	77.2190555555556	72.7590000000001
89	11	77.6092696629213	73.2115909090909
88	12	77.6868181818182	73.52375
87	13	77.7376724137931	73.6796153846154
86	14	78.1856976744186	74.1257142857143
85	15	78.3797647058823	74.712
84	16	78.5049404761905	74.78453125
83	17	78.6112951807228	75.2108823529412
82	18	78.8927439024391	75.7859722222222
81	19	79.2361111111111	75.8907894736842
80	20	79.35778125	76.206875
79	21	79.6568670886076	76.4925
78	22	79.7501282051282	76.84625
77	23	79.9919805194805	77.1738043478261
76	24	80.2340131578947	77.7104166666667
75	25	80.4314333333334	77.9047
74	26	80.6590878378378	78.4020192307693
73	27	80.923698630137	78.9003703703704
72	28	81.0776388888889	79.0703571428571
71	29	81.2546126760564	79.4128448275862
70	30	81.7902142857143	79.8886666666667
69	31	81.8430434782609	80.0150806451613
68	32	81.9862867647059	80.463359375
67	33	82.3817164179105	80.7496212121212
66	34	82.6137878787879	81.1833823529412
65	35	82.6271153846154	81.3940714285714
64	36	82.9486328125	81.7040277777777
63	37	83.0702777777778	82.3448648648649
62	38	83.3104838709677	82.6317105263158
61	39	83.4272540983607	82.7287820512821
60	40	83.9111666666666	83.0643749999999
59	41	84.0236440677966	83.6674390243902
58	42	84.2693534482759	83.808869047619
57	43	84.46	84.218023255814
56	44	84.6165178571429	84.6410227272727
55	45	84.8164090909091	84.8176111111111
54	46	85.0099537037037	85.31125
53	47	85.2950471698113	85.7910638297872
52	48	85.5601442307692	86.1279166666667
51	49	85.736862745098	86.4671428571429
50	50	85.90775	86.7495000000001
49	51	86.1495918367347	87.1372549019608
48	52	86.3717187499999	87.4998557692307
47	53	86.7014893617021	87.7003301886793
46	54	87.0196195652174	88.1200925925926
45	55	86.9686666666666	88.4718636363636
44	56	87.2839772727273	88.7459375
43	57	87.4916279069767	89.1406578947368
42	58	87.7147023809523	89.4754310344827
41	59	88.0294512195122	89.8522457627119
40	60	88.2045	90.3102083333333
39	61	88.4373717948718	90.5959426229508
38	62	88.5314473684211	90.9109274193548
37	63	88.845	91.2196825396825
36	64	89.0815972222222	91.7525390625
35	65	89.2667857142857	91.9268461538461
34	66	89.5161029411765	92.3651515151515
33	67	89.7106818181818	92.7052985074627
32	68	90.050859375	93.066875
31	69	90.075	93.4451449275362
30	70	90.30225	93.7991071428571
29	71	90.6773275862069	94.0847887323944
28	72	90.7526785714286	94.37875
27	73	90.9137037037037	94.6759246575343
26	74	91.2900961538462	95.0986486486486
25	75	91.6078	95.4928
24	76	91.5882291666667	95.7863157894737
23	77	92.0714130434783	96.1519480519481
22	78	92.1739772727273	96.5533653846154
21	79	92.3997619047619	96.7799683544304
20	80	92.5305	97.22803125
19	81	92.8438157894737	97.4989197530864
18	82	93.0790277777777	97.9022865853659
17	83	93.1845588235294	98.2463855421687
16	84	93.500625	98.6452083333333
15	85	93.8906666666667	98.9606176470588
14	86	93.8153571428571	99.3881976744187
13	87	94.1090384615384	99.650775862069
12	88	94.4447916666667	100.000681818182
11	89	94.6690909090909	100.357443820225
10	90	94.7795	100.702222222222
9	91	95.0433333333334	101.06967032967
8	92	95.32125	101.427201086957
7	93	95.6257142857143	101.817715053763
6	94	95.4916666666667	102.139175531915
5	95	95.781	102.488605263158
4	96	95.6075	102.82515625
3	97	96.3225	103.128582474227
2	98	96.205	103.516862244898
1	99	96.7475	103.902272727273
0	100	0	104.2014
