num_of_always_trembling	num_of_shame_driven_hiding	average_fitness_of_always_trembling	average_fitness_of_shame_driven_hiding
100	0	75.09185	0
99	1	75.1554545454545	69.485
98	2	75.4251530612245	70.25625
97	3	75.5083762886598	70.7083333333333
96	4	75.7737760416667	71.37625
95	5	75.9762894736842	71.774
94	6	76.1893882978723	72.2016666666667
93	7	76.334811827957	72.9464285714286
92	8	76.5941304347826	73.0128125
91	9	76.7050274725274	73.6113888888889
90	10	76.9505833333334	74.0625
89	11	77.0649157303371	74.41
88	12	77.3090340909091	74.4260416666666
87	13	77.5306034482759	75.5113461538461
86	14	77.6681104651163	75.3658928571429
85	15	77.8114117647059	76.0361666666667
84	16	78.0241964285714	76.20875
83	17	78.2677409638554	76.8879411764706
82	18	78.4807012195122	77.2704166666666
81	19	78.8036111111111	77.7759210526316
80	20	78.83434375	78.186375
79	21	79.1273417721519	78.6122619047619
78	22	79.2283974358975	78.8020454545454
77	23	79.4260714285714	79.4480434782609
76	24	79.7134210526316	79.8872916666667
75	25	79.9193	80.2302
74	26	80.1130067567567	80.8374999999999
73	27	80.2279109589041	81.3240740740741
72	28	80.5136805555556	81.3941964285714
71	29	80.6587676056338	82.3511206896552
70	30	80.9483928571429	82.4854166666667
69	31	80.9908695652174	82.8997580645161
68	32	81.1282720588235	83.5628125
67	33	81.4725746268657	83.8430303030303
66	34	81.5482196969697	84.2644117647059
65	35	81.8669230769231	84.883
64	36	81.9978125	85.3408333333333
63	37	82.1464285714285	85.7029054054054
62	38	82.5442741935484	86.06875
61	39	82.6443852459016	86.7778846153846
60	40	82.7499583333333	87.018125
59	41	83.0689406779661	87.3989634146341
58	42	83.1916810344827	88.0127976190476
57	43	83.3995614035087	88.435988372093
56	44	83.5302678571428	88.7672159090909
55	45	83.6697727272727	89.4283888888889
54	46	83.9072685185185	89.9226086956522
53	47	84.0953301886793	90.1665957446808
52	48	84.3219711538461	90.9544791666667
51	49	84.5726470588235	91.3260714285715
50	50	84.8241	91.8156
49	51	84.8587244897959	92.3557843137255
48	52	84.9894270833333	92.6998076923077
47	53	85.2981382978723	93.273820754717
46	54	85.3738586956522	93.8908333333333
45	55	85.6783888888889	94.3175454545455
44	56	85.9303977272728	94.6338392857143
43	57	86.1071511627907	95.3578947368421
42	58	86.2048214285714	95.8157758620689
41	59	86.4239024390244	96.2436440677966
40	60	86.6220625	96.7003333333333
39	61	87	97.3557786885246
38	62	87.0422368421053	97.6475
37	63	87.0730405405405	98.3172222222222
36	64	87.3102083333333	98.87515625
35	65	87.6264285714286	99.2545
34	66	87.7349264705882	99.8680303030303
33	67	88.0968939393939	100.346529850746
32	68	88.346796875	100.830294117647
31	69	88.3216935483871	101.479094202899
30	70	88.617	102.062642857143
29	71	88.6691379310345	102.361725352113
28	72	89.0908035714286	103.102222222222
27	73	89.1368518518519	103.604863013699
26	74	89.0976923076923	104.103344594595
25	75	89.6691	104.711033333333
24	76	89.8444791666667	105.233519736842
23	77	90.1269565217391	105.872532467532
22	78	90.0046590909091	106.330833333333
21	79	90.2078571428571	106.937215189873
20	80	90.390375	107.50675
19	81	90.7678947368421	108.128271604938
18	82	90.80875	108.693841463415
17	83	91.0139705882354	109.270180722892
16	84	91.3534375	109.798244047619
15	85	91.5455	110.376558823529
14	86	91.6096428571428	110.930581395349
13	87	91.9201923076923	111.67341954023
12	88	92.1747916666667	112.198039772727
11	89	92.1181818181818	112.843764044944
10	90	92.27525	113.433694444445
9	91	92.4833333333334	114.073653846154
8	92	92.7090625	114.78277173913
7	93	93.0560714285714	115.351102150538
6	94	93.3145833333333	115.975186170213
5	95	93.1225	116.596078947368
4	96	93.7	117.313411458333
3	97	93.9525	117.962835051546
2	98	93.69	118.635
1	99	94.34	119.304545454545
0	100	0	120
