num_of_always_cooperate	num_of_shame_driven_hiding	average_fitness_of_always_cooperate	average_fitness_of_shame_driven_hiding
100	0	150	0
99	1	149.66101010101	160
98	2	149.324795918367	159.59
97	3	149.006494845361	159.333333333333
96	4	148.66125	158.9075
95	5	148.334736842105	158.514
94	6	147.979361702128	158.201666666667
93	7	147.656774193548	157.832857142857
92	8	147.303804347826	157.5025
91	9	146.958571428571	157.152222222222
90	10	146.598888888889	156.854
89	11	146.260224719101	156.435454545454
88	12	145.927386363636	156.024166666667
87	13	145.549540229885	155.740769230769
86	14	145.23	155.332142857143
85	15	144.913176470588	154.967333333333
84	16	144.504642857143	154.634375
83	17	144.166385542169	154.180588235294
82	18	143.834512195122	153.951111111111
81	19	143.45950617284	153.542631578947
80	20	143.1095	153.143
79	21	142.810126582279	152.858095238095
78	22	142.403717948718	152.379090909091
77	23	142.053506493507	152.039565217391
76	24	141.719868421053	151.685833333333
75	25	141.314933333333	151.3092
74	26	140.995675675676	150.888076923077
73	27	140.587945205479	150.496296296296
72	28	140.22625	150.190357142857
71	29	139.869014084507	149.875172413793
70	30	139.546571428571	149.399
69	31	139.184057971014	149.07
68	32	138.795735294118	148.698125
67	33	138.398656716418	148.367878787879
66	34	138.040454545455	147.88
65	35	137.647846153846	147.519142857143
64	36	137.31015625	147.178055555556
63	37	136.944761904762	146.718918918919
62	38	136.50935483871	146.301315789474
61	39	136.185081967213	146.052564102564
60	40	135.771	145.5725
59	41	135.368983050848	145.305365853659
58	42	135.053103448276	144.867619047619
57	43	134.706315789474	144.53976744186
56	44	134.249464285714	144.006590909091
55	45	133.888	143.672888888889
54	46	133.465185185185	143.263913043478
53	47	133.064528301887	142.855531914894
52	48	132.715384615385	142.476041666667
51	49	132.290196078431	142.132653061225
50	50	131.9376	141.6176
49	51	131.533673469388	141.27
48	52	131.094375	140.799807692308
47	53	130.728085106383	140.506603773585
46	54	130.300869565217	140.072037037037
45	55	129.892222222222	139.583454545455
44	56	129.534545454546	139.280714285714
43	57	129.070465116279	138.87
42	58	128.689285714286	138.480172413793
41	59	128.224878048781	138.044576271186
40	60	127.841	137.673166666667
39	61	127.427948717949	137.190163934426
38	62	127.001315789474	136.882419354839
37	63	126.62027027027	136.435555555555
36	64	126.170555555556	136.05359375
35	65	125.794285714286	135.53
34	66	125.356470588235	135.136212121212
33	67	124.880303030303	134.720298507463
32	68	124.411875	134.317941176471
31	69	124.01064516129	133.911884057971
30	70	123.535666666667	133.433857142857
29	71	123.279310344828	133.027605633803
28	72	122.646785714286	132.545833333333
27	73	122.324444444444	132.131506849315
26	74	121.904230769231	131.789864864865
25	75	121.5152	131.3864
24	76	121.009166666667	130.860657894737
23	77	120.578260869565	130.461038961039
22	78	120.122727272727	130.003333333333
21	79	119.749523809524	129.568734177215
20	80	119.082	129.123125
19	81	118.717894736842	128.694444444444
18	82	118.331666666667	128.311341463415
17	83	117.801176470588	127.767108433735
16	84	117.300625	127.333452380952
15	85	116.848	126.920705882353
14	86	116.351428571429	126.497558139535
13	87	115.953846153846	126.035517241379
12	88	115.5025	125.55125
11	89	114.937272727273	125.140337078652
10	90	114.513	124.662111111111
9	91	114.023333333333	124.215934065934
8	92	113.62625	123.767282608696
7	93	113.017142857143	123.29
6	94	112.468333333333	122.817659574468
5	95	112.11	122.369157894737
4	96	111.5475	121.873854166667
3	97	110.97	121.400515463917
2	98	110.58	120.931224489796
1	99	110	120.466666666667
0	100	0	120
