num_of_guilt_driven_amending	num_of_Pavlov	average_fitness_of_guilt_driven_amending	average_fitness_of_Pavlov
100	0	112.88155	0
99	1	112.662196969697	99.54
98	2	112.585892857143	99.76375
97	3	112.431726804124	100.3425
96	4	112.315885416667	100.47
95	5	112.245657894737	100.0455
94	6	111.938031914894	100.50625
93	7	111.929865591398	100.430714285714
92	8	111.719701086957	100.2703125
91	9	111.593873626374	100.181944444444
90	10	111.496055555556	100.4975
89	11	111.338174157303	100.022954545455
88	12	111.165142045455	100.465208333333
87	13	111.043735632184	100.054615384615
86	14	110.922296511628	100.170892857143
85	15	110.819676470588	100.260833333333
84	16	110.600029761905	100.454375
83	17	110.537560240964	100.407941176471
82	18	110.334603658537	100.277083333333
81	19	110.206697530864	100.410789473684
80	20	110.12209375	100.3185
79	21	109.954588607595	100.293571428571
78	22	109.826217948718	100.325568181818
77	23	109.595909090909	100.32
76	24	109.483782894737	100.494895833333
75	25	109.311	100.5645
74	26	109.171351351351	100.264038461538
73	27	109.022294520548	100.269074074074
72	28	108.987708333333	100.530357142857
71	29	108.800774647887	100.373448275862
70	30	108.647107142857	100.344333333333
69	31	108.491775362319	100.443467741935
68	32	108.314669117647	100.36046875
67	33	108.110895522388	100.284318181818
66	34	108.196931818182	100.453014705882
65	35	107.941038461538	100.414928571429
64	36	107.85453125	100.525416666667
63	37	107.729642857143	100.4925
62	38	107.497016129032	100.318355263158
61	39	107.354672131148	100.328525641026
60	40	107.251875	100.7129375
59	41	107.200084745763	100.462865853659
58	42	106.872370689655	100.504226190476
57	43	106.832587719298	100.540406976744
56	44	106.643660714286	100.497272727273
55	45	106.609954545455	100.390055555556
54	46	106.404212962963	100.54402173913
53	47	106.225566037736	100.720106382979
52	48	106.213076923077	100.63484375
51	49	106.022647058824	100.5925
50	50	105.789	100.58395
49	51	105.754489795918	100.679068627451
48	52	105.56109375	100.659567307692
47	53	105.374574468085	100.57179245283
46	54	105.265652173913	100.523981481481
45	55	105.066944444444	100.605
44	56	104.985795454545	100.596160714286
43	57	104.825581395349	100.573333333333
42	58	104.817083333333	100.645646551724
41	59	104.64	100.724745762712
40	60	104.4344375	100.643083333333
39	61	104.251923076923	100.772254098361
38	62	104.194605263158	100.669758064516
37	63	103.982905405405	100.565079365079
36	64	103.939305555556	100.6796875
35	65	103.607785714286	100.632807692308
34	66	103.862279411765	100.694053030303
33	67	103.421363636364	100.630074626866
32	68	103.37625	100.803382352941
31	69	103.332177419355	100.851702898551
30	70	103.057916666667	100.725
29	71	102.777672413793	100.729436619718
28	72	102.691785714286	100.765381944444
27	73	102.605740740741	100.79948630137
26	74	102.575576923077	100.800135135135
25	75	102.1666	100.783266666667
24	76	102.070104166667	100.746480263158
23	77	102.07902173913	100.788441558442
22	78	102.011136363636	100.850641025641
21	79	101.849523809524	100.828481012658
20	80	101.59825	100.6790625
19	81	101.529473684211	100.749166666667
18	82	101.284722222222	100.744451219512
17	83	101.131617647059	100.934096385542
16	84	101.07484375	100.739910714286
15	85	100.712666666667	100.833558823529
14	86	100.83625	100.793488372093
13	87	100.554615384615	100.798994252874
12	88	100.59125	100.8403125
11	89	100.461363636364	100.787528089888
10	90	100.01525	100.857861111111
9	91	99.9041666666667	100.818901098901
8	92	99.6709375	100.73652173913
7	93	100.027142857143	100.95938172043
6	94	99.8191666666667	100.901462765957
5	95	99.477	100.863947368421
4	96	99.595625	100.906692708333
3	97	98.905	100.958943298969
2	98	98.82375	100.905765306122
1	99	100.1325	100.910101010101
0	100	0	100.9774
