num_of_shame_driven_hiding	num_of_shame_driven_denying	average_fitness_of_shame_driven_hiding	average_fitness_of_shame_driven_denying
100	0	120	0
99	1	119.640580808081	98.2525
98	2	119.283418367347	98.2375
97	3	118.956804123711	98.7841666666667
96	4	118.567473958333	98.144375
95	5	118.222973684211	98.5364999999999
94	6	117.897180851064	98.4441666666667
93	7	117.581290322581	98.1753571428571
92	8	117.296114130435	97.914375
91	9	116.895879120879	98.0244444444445
90	10	116.584027777778	97.70425
89	11	116.277134831461	97.3402272727273
88	12	115.9796875	97.4564583333333
87	13	115.701637931034	97.4619230769231
86	14	115.403691860465	97.2816071428571
85	15	115.093852941176	96.921
84	16	114.856875	96.87484375
83	17	114.574096385542	96.8904411764706
82	18	114.320670731707	96.6477777777778
81	19	113.969660493827	96.5042105263158
80	20	113.70253125	96.4402500000001
79	21	113.502278481013	96.5061904761905
78	22	113.117948717949	96.2948863636364
77	23	112.868019480519	96.0585869565218
76	24	112.583980263158	96.0263541666667
75	25	112.330033333333	95.9119999999999
74	26	112.105912162162	95.8740384615384
73	27	111.836267123288	95.5274074074074
72	28	111.557430555556	95.6458928571429
71	29	111.344436619718	95.3371551724137
70	30	111.160178571429	95.2335
69	31	110.909673913043	94.9654838709677
68	32	110.697573529412	95.2709375
67	33	110.352313432836	94.864696969697
66	34	110.192234848485	94.9497794117647
65	35	109.839384615385	94.7184285714285
64	36	109.7912890625	94.8045138888888
63	37	109.504246031746	94.5227702702703
62	38	109.262096774194	94.4677631578948
61	39	109.10881147541	94.2817948717948
60	40	108.876583333333	94.0954375
59	41	108.617838983051	94.1544512195122
58	42	108.470387931034	93.9010119047619
57	43	108.102631578947	93.7131976744186
56	44	108.090133928571	93.765340909091
55	45	107.814	93.7266111111111
54	46	107.586388888889	93.5353260869565
53	47	107.352924528302	93.494255319149
52	48	107.132980769231	93.3039583333334
51	49	106.950735294118	93.158112244898
50	50	106.7585	93.0082
49	51	106.589183673469	93.0282843137254
48	52	106.45609375	92.9259134615385
47	53	106.297606382979	92.700283018868
46	54	106.032880434783	92.7446296296297
45	55	105.863	92.5395
44	56	105.514261363636	92.4650446428572
43	57	105.375174418605	92.4048245614035
42	58	105.184345238095	92.2370689655173
41	59	105.026402439024	92.1975
40	60	104.9045625	92.0559166666667
39	61	104.71641025641	91.9778278688525
38	62	104.594671052632	91.9847580645161
37	63	104.431216216216	91.7611904761905
36	64	104.203402777778	91.7712890625
35	65	103.926785714286	91.5644230769231
34	66	103.715882352941	91.4507575757576
33	67	103.654924242424	91.3396641791045
32	68	103.484453125	91.1846323529412
31	69	103.225080645161	91.1459782608695
30	70	103.24325	91.0683571428572
29	71	103.007327586207	90.9502112676056
28	72	102.778035714286	90.7864236111111
27	73	102.678981481482	90.8042123287671
26	74	102.354711538462	90.795304054054
25	75	102.1413	90.7015333333333
24	76	102.114270833333	90.5336842105263
23	77	102.071413043478	90.3924675324675
22	78	101.830340909091	90.2448076923077
21	79	101.749285714286	90.2008544303797
20	80	101.670625	90.17878125
19	81	101.360263157895	90.1894135802469
18	82	101.20625	90.0325609756098
17	83	100.896176470588	89.8420481927711
16	84	100.801875	89.7901488095239
15	85	100.870333333333	89.6749705882353
14	86	100.404821428571	89.6732558139535
13	87	100.589807692308	89.5464942528736
12	88	100.450416666667	89.4070454545454
11	89	100.184772727273	89.3779775280899
10	90	100.23125	89.2468611111111
9	91	99.7575	89.1433241758242
8	92	99.7609375	89.0426358695652
7	93	99.6464285714285	89.0605107526882
6	94	99.4775	88.8294680851064
5	95	99.457	88.8081578947369
4	96	99.25125	88.763359375
3	97	98.8091666666666	88.5945876288659
2	98	98.6825	88.6182908163265
1	99	98.9575	88.4587626262626
0	100	0	88.2768
