num_of_shame_driven_hiding	num_of_guilt_driven_amending	average_fitness_of_shame_driven_hiding	average_fitness_of_guilt_driven_amending
100	0	120	0
99	1	120.105404040404	104.06
98	2	120.221326530612	104.23625
97	3	120.308221649485	103.86
96	4	120.4228125	104.286875
95	5	120.525184210526	104.5485
94	6	120.634441489362	104.620833333333
93	7	120.723279569893	104.538214285714
92	8	120.828885869565	104.8121875
91	9	120.923489010989	104.928055555556
90	10	121.014416666667	104.9985
89	11	121.104691011236	104.961590909091
88	12	121.188607954545	105.224791666667
87	13	121.314540229885	105.165384615385
86	14	121.417296511628	105.40125
85	15	121.509029411765	105.466833333333
84	16	121.594613095238	105.5765625
83	17	121.696174698795	105.65
82	18	121.772195121951	105.755277777778
81	19	121.873117283951	105.891184210526
80	20	121.96515625	105.98
79	21	122.069082278481	106.064880952381
78	22	122.154134615385	106.141363636364
77	23	122.222727272727	106.315217391304
76	24	122.320131578947	106.49375
75	25	122.400666666667	106.5161
74	26	122.531621621622	106.6525
73	27	122.609212328767	106.703981481481
72	28	122.644409722222	106.909553571429
71	29	122.720563380282	106.894655172414
70	30	122.836964285714	107.016333333333
69	31	122.916884057971	107.110241935484
68	32	122.971029411765	107.197734375
67	33	123.064589552239	107.225151515152
66	34	123.146325757576	107.437941176471
65	35	123.220423076923	107.473714285714
64	36	123.3355078125	107.549097222222
63	37	123.402777777778	107.67722972973
62	38	123.475927419355	107.804736842105
61	39	123.552295081967	107.905064102564
60	40	123.615291666667	107.9351875
59	41	123.675508474576	108.015243902439
58	42	123.780474137931	108.126607142857
57	43	123.879912280702	108.253720930233
56	44	123.914196428571	108.353636363636
55	45	124.035545454545	108.405388888889
54	46	124.068425925926	108.473913043478
53	47	124.144811320755	108.565372340425
52	48	124.195673076923	108.759791666667
51	49	124.327647058824	108.823010204082
50	50	124.3904	108.88005
49	51	124.455816326531	108.956715686274
48	52	124.525364583333	109.126105769231
47	53	124.595265957447	109.228254716981
46	54	124.664836956522	109.298148148148
45	55	124.795388888889	109.284545454545
44	56	124.797840909091	109.417857142857
43	57	124.864127906977	109.528070175439
42	58	124.910416666667	109.601939655172
41	59	124.986768292683	109.638305084746
40	60	125.0919375	109.770666666667
39	61	125.167243589744	109.892131147541
38	62	125.221381578947	109.890403225806
37	63	125.23945945946	109.974801587302
36	64	125.405763888889	110.1093359375
35	65	125.437785714286	110.106730769231
34	66	125.497573529412	110.307234848485
33	67	125.547878787879	110.283656716418
32	68	125.61171875	110.376102941176
31	69	125.694032258064	110.473695652174
30	70	125.812916666667	110.610142857143
29	71	125.822586206897	110.638802816901
28	72	125.872053571429	110.786701388889
27	73	125.930555555556	110.847979452055
26	74	125.997884615385	110.931554054054
25	75	126.0264	110.941433333333
24	76	126.093229166667	111.029934210526
23	77	126.20152173913	111.214772727273
22	78	126.286818181818	111.242756410256
21	79	126.33130952381	111.28
20	80	126.3825	111.33778125
19	81	126.469210526316	111.432561728395
18	82	126.520277777778	111.456768292683
17	83	126.561029411765	111.565722891566
16	84	126.58953125	111.715535714286
15	85	126.695833333333	111.783352941176
14	86	126.760357142857	111.846976744186
13	87	126.780769230769	111.945632183908
12	88	126.830833333333	111.981477272727
11	89	126.899772727273	112.044016853933
10	90	127.0085	112.060472222222
9	91	126.993055555556	112.228379120879
8	92	127.1403125	112.232961956522
7	93	127.166785714286	112.305725806452
6	94	127.221666666667	112.447845744681
5	95	127.1985	112.541605263158
4	96	127.435	112.547421875
3	97	127.265833333333	112.656494845361
2	98	127.37375	112.72056122449
1	99	127.735	112.799621212121
0	100	0	112.885875
