num_of_shame_driven_denying	num_of_guilt_driven_amending	average_fitness_of_shame_driven_denying	average_fitness_of_guilt_driven_amending
100	0	88.434475	0
99	1	88.520303030303	90.67
98	2	88.9200765306123	91.0125
97	3	89.0678865979382	91.3008333333333
96	4	89.3126302083334	91.524375
95	5	89.4623684210526	91.547
94	6	89.706170212766	91.8975
93	7	89.9493548387096	92.0564285714286
92	8	90.1211956521739	92.5534375
91	9	90.4019780219781	92.3441666666666
90	10	90.5962222222223	92.69875
89	11	90.7717134831461	92.9809090909091
88	12	90.9836931818182	93.1960416666667
87	13	91.1437068965517	93.2132692307692
86	14	91.3869476744186	93.7008928571428
85	15	91.6131764705883	93.9353333333334
84	16	91.7228869047619	94.2296875
83	17	92.0155722891566	94.2851470588235
82	18	92.1359451219512	94.6397222222222
81	19	92.4598456790123	94.8452631578947
80	20	92.623	94.9619999999999
79	21	92.952753164557	95.2957142857142
78	22	93.139967948718	95.4332954545454
77	23	93.3862987012987	95.658695652174
76	24	93.5365460526316	96.0333333333333
75	25	93.7126666666666	96.2459
74	26	94.0459121621622	96.3920192307692
73	27	94.1828424657535	96.6985185185186
72	28	94.2557291666667	96.7752678571429
71	29	94.6180633802817	96.9499137931034
70	30	94.7611428571428	97.2369166666667
69	31	95.0540942028985	97.5464516129032
68	32	95.4078308823529	97.7684375
67	33	95.5771268656717	97.9462878787879
66	34	95.7572348484849	98.1527941176471
65	35	95.9025	98.3722857142858
64	36	96.052578125	98.5827777777778
63	37	96.2640873015873	98.7687162162162
62	38	96.5826612903226	99.0808552631579
61	39	96.8973770491803	99.2637820512821
60	40	97.0435833333333	99.431125
59	41	97.2941101694916	99.7351829268293
58	42	97.52875	99.9272023809523
57	43	97.5461403508773	100.166860465116
56	44	97.7774107142857	100.389261363636
55	45	98.0413181818182	100.512277777778
54	46	98.269537037037	100.815108695652
53	47	98.390283018868	100.992819148936
52	48	98.7250480769231	101.300208333333
51	49	98.8955392156862	101.449285714286
50	50	99.11225	101.7341
49	51	99.3046428571428	101.843921568627
48	52	99.56625	102.148990384615
47	53	99.9456914893618	102.398537735849
46	54	100.047717391304	102.578703703704
45	55	100.201777777778	102.864909090909
44	56	100.422840909091	103.010892857143
43	57	100.738255813953	103.244078947368
42	58	100.975178571429	103.420344827586
41	59	101.140914634146	103.659745762712
40	60	101.3955625	103.878791666667
39	61	101.521923076923	104.151270491803
38	62	101.773355263158	104.428467741935
37	63	101.908581081081	104.622380952381
36	64	102.154583333333	104.80796875
35	65	102.391714285714	105.066961538461
34	66	102.600882352941	105.206893939394
33	67	102.760833333333	105.451082089552
32	68	103.04265625	105.716507352941
31	69	103.288790322581	105.93268115942
30	70	103.45675	106.2085
29	71	103.679655172414	106.289612676056
28	72	103.884196428571	106.547465277778
27	73	104.041574074074	106.805102739726
26	74	104.387307692308	107.04972972973
25	75	104.541	107.241566666667
24	76	104.879375	107.476019736842
23	77	105.100760869565	107.675324675325
22	78	105.038863636364	107.902307692308
21	79	105.419880952381	108.167183544304
20	80	105.777125	108.40734375
19	81	105.708421052632	108.578209876543
18	82	106.091805555556	108.799237804878
17	83	106.113382352941	109.11578313253
16	84	106.6209375	109.219851190476
15	85	106.6595	109.505529411765
14	86	106.842857142857	109.738488372093
13	87	106.994230769231	109.926005747126
12	88	107.310833333333	110.202215909091
11	89	107.556818181818	110.359382022472
10	90	107.62475	110.669166666667
9	91	107.982222222222	110.838351648352
8	92	108.0640625	111.09597826087
7	93	108.438214285714	111.363924731183
6	94	108.922916666667	111.555957446808
5	95	108.979	111.783368421053
4	96	108.85125	111.939114583333
3	97	109.563333333333	112.185051546392
2	98	109.27375	112.438647959184
1	99	109.3175	112.699924242424
0	100	0	112.8488
