num_of_shame_driven_denying	num_of_Pavlov	average_fitness_of_shame_driven_denying	average_fitness_of_Pavlov
100	0	88.270075	0
99	1	88.5467171717172	86.0625
98	2	88.7756377551021	87.23
97	3	88.9373453608248	86.465
96	4	89.1207291666667	87.05875
95	5	89.3677368421053	87.0455
94	6	89.5848404255319	87.38875
93	7	89.7480107526882	87.3489285714286
92	8	89.8925543478261	87.8084375
91	9	90.0774175824176	88.0263888888889
90	10	90.3169444444445	87.8845
89	11	90.6374157303371	88.2652272727273
88	12	90.6604261363637	87.978125
87	13	90.8818390804598	88.3496153846154
86	14	91.0609302325582	88.4580357142857
85	15	91.2353529411765	88.5848333333333
84	16	91.4312797619047	88.79921875
83	17	91.6638554216867	88.8726470588235
82	18	91.7605792682927	89.0343055555556
81	19	91.9746604938271	89.4136842105263
80	20	92.1216875	89.321625
79	21	92.3124683544304	89.5894047619047
78	22	92.5049358974359	89.6389772727273
77	23	92.5604545454545	89.5516304347826
76	24	92.8256578947368	89.74875
75	25	93.1424333333333	89.9541
74	26	93.2278716216216	90.0899038461539
73	27	93.4636643835616	90.5849074074075
72	28	93.6529166666667	90.3632142857143
71	29	93.7020070422535	90.7536206896552
70	30	93.9638928571428	90.831
69	31	94.1713043478261	90.7500806451613
68	32	94.4154044117647	90.90640625
67	33	94.6830597014925	91.2490909090909
66	34	94.8191287878788	91.5644852941177
65	35	94.9743846153846	91.3185714285714
64	36	95.0526171875	91.6210416666667
63	37	95.3235317460318	91.6883108108108
62	38	95.5325806451613	92.0700657894737
61	39	95.6111065573771	92.1772435897436
60	40	95.9340416666666	92.279625
59	41	96.0375423728814	92.3629878048781
58	42	96.1943103448275	92.6417857142857
57	43	96.4425877192983	92.6164534883721
56	44	96.6470982142857	92.8907954545455
55	45	96.8342727272727	92.9800555555556
54	46	96.9695370370371	93.0703260869566
53	47	97.1264150943396	93.2737765957447
52	48	97.3828846153846	93.2204166666667
51	49	97.6142647058824	93.5583163265306
50	50	97.7521	93.6927
49	51	98.0146428571428	93.8583333333333
48	52	98.04140625	94.0151923076923
47	53	98.3101063829787	94.2183490566038
46	54	98.4378260869565	94.1335185185185
45	55	98.7397777777778	94.5225909090909
44	56	98.8574431818182	94.5983928571428
43	57	99.0597674418604	94.7200438596491
42	58	99.1164880952381	94.8815086206897
41	59	99.4869512195122	94.9062288135594
40	60	99.7209375	95.0925416666666
39	61	99.8403846153846	95.096106557377
38	62	100.019671052632	95.5731451612903
37	63	100.221756756757	95.5869047619047
36	64	100.466111111111	95.6573828125
35	65	100.558642857143	95.8358846153846
34	66	100.685220588235	96.0309090909091
33	67	100.984090909091	96.1680597014925
32	68	101.138671875	96.3047794117647
31	69	101.334758064516	96.452463768116
30	70	101.630166666667	96.5408571428571
29	71	101.579568965517	96.7324295774648
28	72	101.713928571429	96.9348611111111
27	73	102.103055555556	97.0008561643836
26	74	102.2625	97.1568581081081
25	75	102.4287	97.3387666666667
24	76	102.761354166667	97.5399342105263
23	77	102.624347826087	97.5887012987013
22	78	103.072386363636	97.7357692307693
21	79	103.136547619048	97.8439240506329
20	80	103.499	98.0455
19	81	103.440526315789	98.1608024691358
18	82	103.546666666667	98.3946646341463
17	83	104.060882352941	98.3949397590361
16	84	103.99015625	98.5995535714286
15	85	104.4	98.6763529411765
14	86	104.579642857143	99.0385755813953
13	87	104.729230769231	99.0671551724138
12	88	104.891666666667	99.1999715909091
11	89	104.974545454545	99.3095786516853
10	90	105.4305	99.4731944444445
9	91	105.722777777778	99.7356043956044
8	92	105.7165625	99.8869836956522
7	93	105.892857142857	99.8868010752688
6	94	105.975	100.026569148936
5	95	106.069	100.178921052632
4	96	106.24125	100.3240625
3	97	106.914166666667	100.407345360825
2	98	106.645	100.738418367347
1	99	107.1	100.856994949495
0	100	0	100.935975
