num_of_TFT_with_trembling_hand	num_of_shame_driven_denying	average_fitness_of_TFT_with_trembling_hand	average_fitness_of_shame_driven_denying
100	0	104.302625	0
99	1	104.091338383838	101.6675
98	2	103.909617346939	101.61375
97	3	103.83175257732	101.976666666667
96	4	103.651145833333	101.4075
95	5	103.546736842105	101.387
94	6	103.432925531915	101.417916666667
93	7	103.331801075269	101.193571428571
92	8	103.154130434783	100.80875
91	9	102.973461538462	100.912777777778
90	10	102.875027777778	100.762
89	11	102.776460674157	100.351818181818
88	12	102.607869318182	100.422916666667
87	13	102.453936781609	100.209038461538
86	14	102.369709302326	100.225535714286
85	15	102.186441176471	100.0105
84	16	102.018869047619	99.88890625
83	17	101.98734939759	99.5742647058823
82	18	101.732042682927	99.5384722222222
81	19	101.609660493827	99.3465789473684
80	20	101.47515625	99.3545
79	21	101.321107594937	99.0801190476191
78	22	101.300256410256	99.0355681818182
77	23	101.162142857143	98.8998913043478
76	24	100.911513157895	98.5910416666666
75	25	100.852066666667	98.5718
74	26	100.6725	98.5342307692308
73	27	100.496883561644	98.3160185185185
72	28	100.438645833333	98.0873214285715
71	29	100.349683098592	98.093448275862
70	30	100.163642857143	97.9176666666667
69	31	100.060760869565	97.8676612903226
68	32	99.8097426470588	97.60328125
67	33	99.8335074626866	97.3667424242424
66	34	99.6111742424242	97.3732352941176
65	35	99.5444230769231	97.1185
64	36	99.2501953125	97.2092361111111
63	37	99.1930952380952	96.9772972972973
62	38	99.116814516129	96.8999342105264
61	39	98.8971721311475	96.7642948717949
60	40	98.7737916666667	96.5638125
59	41	98.6074576271187	96.3662804878049
58	42	98.5425000000001	96.2369642857143
57	43	98.2397368421052	96.1380232558139
56	44	98.3375	96.1073863636364
55	45	98.1682272727272	95.7292777777778
54	46	97.964537037037	95.8401086956522
53	47	97.8078301886792	95.709574468085
52	48	97.72	95.5304166666666
51	49	97.5472549019608	95.3225510204082
50	50	97.42335	95.1926
49	51	97.2944897959183	95.1023529411765
48	52	97.2659895833334	94.8349038461539
47	53	96.9908510638297	94.8421226415094
46	54	96.9722282608696	94.6293981481481
45	55	96.7407222222222	94.4615
44	56	96.6461931818181	94.4232589285714
43	57	96.4401162790698	94.2285087719299
42	58	96.4639285714286	94.0403879310345
41	59	96.1633536585366	93.9505508474576
40	60	96.0438125	93.8166249999999
39	61	95.9871794871795	93.8355327868852
38	62	95.8369736842105	93.5181048387097
37	63	95.7414189189189	93.3201587301588
36	64	95.4427083333333	93.210703125
35	65	95.3517142857143	92.9467307692308
34	66	95.1297794117648	92.9571590909091
33	67	95.0647727272728	92.926380597015
32	68	95.152109375	92.7591544117647
31	69	94.7957258064516	92.5991666666667
30	70	94.69375	92.47875
29	71	94.5310344827586	92.3792253521127
28	72	94.5683928571428	92.3031597222222
27	73	94.3504629629629	92.0668150684931
26	74	94.0927884615384	91.9340878378379
25	75	94.0928	91.7827333333334
24	76	93.9114583333333	91.7194407894737
23	77	93.6565217391304	91.4735714285715
22	78	93.7590909090909	91.4924679487179
21	79	93.6027380952381	91.2128481012658
20	80	93.347625	90.96734375
19	81	93.2201315789473	91.0683333333334
18	82	93.4038888888889	90.8714939024391
17	83	93.1380882352941	90.7728915662651
16	84	92.81140625	90.5735416666667
15	85	92.5588333333333	90.4022647058824
14	86	92.4891071428572	90.1822674418605
13	87	92.3975000000001	90.155459770115
12	88	92.408125	89.9988068181818
11	89	92.2945454545455	89.8615449438202
10	90	91.8755	89.7732777777778
9	91	91.7575	89.6492582417582
8	92	91.5559375	89.5040760869565
7	93	91.9971428571429	89.2620161290323
6	94	91.3845833333334	89.1892287234042
5	95	91.555	89.1464210526316
4	96	90.9775	88.8227083333333
3	97	90.8466666666666	88.8046134020619
2	98	90.6025	88.6781887755102
1	99	91.2775	88.6266666666666
0	100	0	88.471025
