num_of_TFT_with_trembling_hand	num_of_shame_driven_hiding	average_fitness_of_TFT_with_trembling_hand	average_fitness_of_shame_driven_hiding
100	0	104.2521	0
99	1	104.219292929293	115.8275
98	2	104.204744897959	116.12875
97	3	104.154664948454	116.1525
96	4	104.174791666667	116.165625
95	5	104.127552631579	115.968
94	6	104.182819148936	115.99125
93	7	104.112983870968	115.8775
92	8	104.084320652174	116.1203125
91	9	104.089478021978	115.969444444444
90	10	104.090833333333	116.08125
89	11	104.027331460674	116.207045454545
88	12	104.066676136364	116.160416666667
87	13	104.031954022988	116.225576923077
86	14	104.055813953488	116.393928571429
85	15	103.986323529412	116.163833333333
84	16	104.053244047619	116.1471875
83	17	103.949879518072	116.148970588235
82	18	103.97256097561	116.194444444444
81	19	103.995833333333	116.263289473684
80	20	103.910125	116.201
79	21	103.914208860759	116.284880952381
78	22	103.911442307692	116.278636363636
77	23	103.922142857143	116.392608695652
76	24	103.859605263158	116.376666666667
75	25	103.9428	116.3754
74	26	103.809695945946	116.389134615385
73	27	103.799726027397	116.39537037037
72	28	103.893923611111	116.429285714286
71	29	103.857676056338	116.505862068966
70	30	103.805285714286	116.492666666667
69	31	103.780869565217	116.56185483871
68	32	103.770220588235	116.410703125
67	33	103.793134328358	116.588409090909
66	34	103.730681818182	116.600661764706
65	35	103.771346153846	116.667571428571
64	36	103.71	116.685972222222
63	37	103.789682539683	116.715878378378
62	38	103.727298387097	116.725131578947
61	39	103.699139344262	116.778205128205
60	40	103.6785	116.75675
59	41	103.63593220339	116.770304878049
58	42	103.615862068966	116.774821428571
57	43	103.723684210526	116.868895348837
56	44	103.716294642857	116.945454545455
55	45	103.642090909091	116.8695
54	46	103.599768518518	116.965434782609
53	47	103.656509433962	116.92835106383
52	48	103.667211538462	116.99421875
51	49	103.583284313726	117.027755102041
50	50	103.5441	117.0782
49	51	103.569744897959	117.046029411765
48	52	103.454739583333	117.175
47	53	103.563723404255	117.200660377358
46	54	103.580163043478	117.224027777778
45	55	103.507277777778	117.306909090909
44	56	103.484659090909	117.276339285714
43	57	103.406569767442	117.322324561403
42	58	103.360654761905	117.354612068965
41	59	103.43237804878	117.381610169492
40	60	103.439125	117.527041666667
39	61	103.411474358974	117.523852459016
38	62	103.352631578947	117.522540322581
37	63	103.385202702703	117.580873015873
36	64	103.336319444444	117.64390625
35	65	103.349214285714	117.652846153846
34	66	103.256323529412	117.712424242424
33	67	103.378939393939	117.764067164179
32	68	103.28625	117.836617647059
31	69	103.332177419355	117.812101449275
30	70	103.178916666667	117.908035714286
29	71	103.218362068965	117.967464788732
28	72	103.440625	118.017152777778
27	73	103.240925925926	118.100890410959
26	74	103.192211538462	118.13777027027
25	75	103.1744	118.175066666667
24	76	103.192916666667	118.249638157895
23	77	103.23347826087	118.305779220779
22	78	103.097386363636	118.38108974359
21	79	103.119285714286	118.406360759494
20	80	103.086625	118.46315625
19	81	103.193684210526	118.528487654321
18	82	103.309722222222	118.602652439024
17	83	103.202794117647	118.648222891566
16	84	102.9765625	118.734404761905
15	85	103.255833333333	118.816382352941
14	86	103.073571428571	118.852790697674
13	87	103.069807692308	118.950431034483
12	88	103.060833333333	118.986221590909
11	89	103.156136363636	119.066095505618
10	90	103.059	119.1185
9	91	103.164444444444	119.213873626374
8	92	103.2	119.282826086957
7	93	103.0275	119.379569892473
6	94	103.039583333333	119.455053191489
5	95	102.8625	119.54497368421
4	96	102.876875	119.63015625
3	97	102.911666666667	119.714613402062
2	98	103.57625	119.811785714286
1	99	102.4075	119.909116161616
0	100	0	120
