num_of_TFT_with_trembling_hand	num_of_Pavlov	average_fitness_of_TFT_with_trembling_hand	average_fitness_of_Pavlov
100	0	104.218225	0
99	1	104.219949494949	97.8925
98	2	104.146658163265	96.96
97	3	104.12206185567	96.885
96	4	104.076484375	97.015
95	5	104.073447368421	97.307
94	6	104.045	96.9308333333333
93	7	103.962688172043	96.9810714285714
92	8	104.083614130435	97.200625
91	9	103.966923076923	97.4283333333334
90	10	103.963305555556	97.221
89	11	103.906235955056	97.4454545454545
88	12	103.863295454545	97.4222916666667
87	13	103.893333333333	97.3051923076923
86	14	103.840174418605	97.4058928571428
85	15	103.834676470588	97.475
84	16	103.826577380952	97.73859375
83	17	103.739186746988	97.7473529411764
82	18	103.782286585366	97.7024999999999
81	19	103.653888888889	97.6811842105263
80	20	103.66559375	97.68
79	21	103.608544303797	97.8664285714286
78	22	103.638974358974	97.6880681818182
77	23	103.577564935065	97.7792391304348
76	24	103.593125	98.0682291666666
75	25	103.618433333333	98.0518
74	26	103.472804054054	97.9724038461538
73	27	103.497568493151	98.0939814814815
72	28	103.5471875	97.9105357142857
71	29	103.443521126761	98.0168965517242
70	30	103.422964285714	98.2693333333333
69	31	103.363586956522	98.0859677419355
68	32	103.349117647059	98.037421875
67	33	103.395074626866	98.2027272727273
66	34	103.375606060606	98.2680147058824
65	35	103.298115384615	98.2766428571428
64	36	103.298125	98.2974305555555
63	37	103.220515873016	98.4674324324324
62	38	103.222943548387	98.3280921052631
61	39	103.110614754098	98.4978846153846
60	40	103.188875	98.57575
59	41	103.121101694915	98.4303658536585
58	42	103.136637931034	98.6158333333333
57	43	102.957368421053	98.6899418604651
56	44	102.988125	98.7040340909091
55	45	103.095363636364	98.6543888888889
54	46	102.93912037037	98.7829891304348
53	47	102.946132075472	98.7789893617022
52	48	102.908461538462	98.7922395833333
51	49	102.875	98.7696428571428
50	50	102.845	98.806
49	51	102.807653061225	98.876862745098
48	52	102.98625	99.0906730769231
47	53	102.749946808511	98.9731132075472
46	54	102.765380434783	99.000462962963
45	55	102.834444444444	99.1468181818182
44	56	102.731079545455	99.0086160714285
43	57	102.817209302326	99.1689035087719
42	58	102.713511904762	99.2787931034483
41	59	102.744756097561	99.3232203389831
40	60	102.680125	99.3752083333334
39	61	102.581730769231	99.4528278688525
38	62	102.554078947368	99.2675806451612
37	63	102.487905405405	99.4418650793651
36	64	102.426319444444	99.375234375
35	65	102.406642857143	99.4319230769231
34	66	102.438970588235	99.5849621212121
33	67	102.339242424242	99.5566417910448
32	68	102.50171875	99.7267647058824
31	69	102.345564516129	99.8121014492753
30	70	102.301166666667	99.7250000000001
29	71	102.238448275862	99.824647887324
28	72	102.254910714286	99.7675
27	73	102.309259259259	99.8059246575343
26	74	102.22375	99.8476013513513
25	75	102.0836	99.9356000000001
24	76	102.239375	99.92875
23	77	102.196086956522	100.089058441558
22	78	102.115454545455	99.9186217948718
21	79	102.121904761905	100.030094936709
20	80	102.24925	100.2369375
19	81	101.974736842105	100.086604938272
18	82	102.010416666667	100.232469512195
17	83	101.950735294118	100.278614457831
16	84	101.9440625	100.401755952381
15	85	102.066	100.368117647059
14	86	101.7675	100.296656976744
13	87	101.772115384615	100.435114942529
12	88	101.795833333333	100.359744318182
11	89	101.867045454545	100.543230337079
10	90	101.94575	100.590166666667
9	91	101.898333333333	100.518598901099
8	92	101.7734375	100.678125
7	93	101.330357142857	100.731451612903
6	94	101.64375	100.587792553192
5	95	101.756	100.816815789474
4	96	101.945625	100.899791666667
3	97	102.159166666667	100.778453608247
2	98	101.53625	100.911887755102
1	99	101.855	100.828409090909
0	100	0	101.075125
