num_of_tit_for_tat	num_of_Pavlov	average_fitness_of_tit_for_tat	average_fitness_of_Pavlov
100	0	150	0
99	1	149.498282828283	117.9
98	2	149.02443877551	118.45
97	3	148.546701030928	117.949166666667
96	4	148.050963541667	118.400625
95	5	147.581447368421	117.5785
94	6	147.065744680851	117.593333333333
93	7	146.637123655914	117.506071428571
92	8	146.121684782609	117.441875
91	9	145.590906593407	117.351111111111
90	10	145.082361111111	117.0495
89	11	144.653651685393	116.741818181818
88	12	144.179630681818	117.087916666667
87	13	143.651954022989	116.515
86	14	143.130465116279	116.252857142857
85	15	142.673941176471	116.175333333333
84	16	142.185208333333	115.965625
83	17	141.677469879518	115.787794117647
82	18	141.199451219512	115.423194444444
81	19	140.730648148148	115.236973684211
80	20	140.21090625	115.198125
79	21	139.714525316456	115.020476190476
78	22	139.264423076923	114.828409090909
77	23	138.809480519481	114.756630434783
76	24	138.348388157895	114.654479166667
75	25	137.806633333333	114.5529
74	26	137.316182432432	114.161634615385
73	27	136.790342465753	113.927222222222
72	28	136.293680555556	113.801517857143
71	29	135.875633802817	113.659224137931
70	30	135.389357142857	113.395416666667
69	31	134.857028985507	113.295241935484
68	32	134.433419117647	112.99734375
67	33	133.915410447761	112.921893939394
66	34	133.410151515152	112.715882352941
65	35	132.939307692308	112.553071428571
64	36	132.4408203125	112.395763888889
63	37	132.085158730159	112.274324324324
62	38	131.437137096774	111.758552631579
61	39	130.953237704918	111.851794871795
60	40	130.536458333333	111.4979375
59	41	129.926186440678	111.489634146342
58	42	129.510043103448	111.367738095238
57	43	129.039692982456	111.015755813953
56	44	128.547410714286	111.016647727273
55	45	128.074318181818	110.544777777778
54	46	127.592824074074	110.60402173913
53	47	127.091933962264	110.287606382979
52	48	126.526201923077	110.129895833333
51	49	126.052549019608	109.993979591837
50	50	125.64095	109.8199
49	51	125.087602040816	109.625
48	52	124.645052083333	109.447884615385
47	53	124.068191489362	109.379858490566
46	54	123.627934782609	108.95125
45	55	123.094833333333	108.979681818182
44	56	122.554545454545	108.766383928571
43	57	122.185523255814	108.425614035088
42	58	121.603273809524	108.479051724138
41	59	121.163780487805	108.168389830508
40	60	120.82075	107.90925
39	61	120.324038461539	107.96631147541
38	62	119.704276315789	107.692903225806
37	63	119.298310810811	107.463888888889
36	64	118.771458333333	107.2461328125
35	65	118.271642857143	107.241230769231
34	66	117.779044117647	106.949166666667
33	67	117.335075757576	106.677574626866
32	68	116.946640625	106.677352941176
31	69	116.365241935484	106.452934782609
30	70	115.832333333333	106.323678571429
29	71	115.444482758621	106.093204225352
28	72	114.926607142857	105.812708333333
27	73	114.366851851852	105.765890410959
26	74	113.915480769231	105.458986486487
25	75	113.4116	105.286466666667
24	76	113.1834375	105.160263157895
23	77	112.508913043478	104.965064935065
22	78	111.810795454545	104.802211538462
21	79	111.481547619048	104.64082278481
20	80	110.84575	104.429125
19	81	110.528684210526	104.308919753086
18	82	109.967777777778	104.11625
17	83	109.537205882353	103.967921686747
16	84	108.86125	103.795297619048
15	85	108.650333333333	103.529264705882
14	86	108.114107142857	103.330377906977
13	87	107.570961538462	103.244281609195
12	88	106.947916666667	103.135056818182
11	89	106.504545454545	103.02
10	90	106.15225	102.686194444444
9	91	105.608611111111	102.774450549451
8	92	105.149375	102.212092391304
7	93	104.509285714286	102.145967741935
6	94	103.774166666667	101.929388297872
5	95	103.6095	101.780342105263
4	96	103.033125	101.532135416667
3	97	102.679166666667	101.403762886598
2	98	102.2125	101.365382653061
1	99	101.5825	101.070378787879
0	100	0	100.8326
