num_of_tit_for_tat	num_of_shame_driven_hiding	average_fitness_of_tit_for_tat	average_fitness_of_shame_driven_hiding
100	0	150	0
99	1	149.659494949495	160
98	2	149.331224489796	159.605
97	3	148.992783505155	159.273333333333
96	4	148.668020833333	158.9675
95	5	148.315789473684	158.596
94	6	147.967978723404	158.17
93	7	147.63688172043	157.922857142857
92	8	147.305217391304	157.5275
91	9	146.981538461538	157.196666666667
90	10	146.622555555556	156.748
89	11	146.248202247191	156.401818181818
88	12	145.944318181818	156.1025
87	13	145.599310344828	155.714615384615
86	14	145.222325581395	155.337142857143
85	15	144.878	154.932666666667
84	16	144.520238095238	154.643125
83	17	144.199759036144	154.308235294118
82	18	143.818780487805	153.916111111111
81	19	143.492222222222	153.474210526316
80	20	143.131	153.1065
79	21	142.732151898734	152.802380952381
78	22	142.393974358974	152.471363636364
77	23	141.99987012987	152.096086956522
76	24	141.729605263158	151.715416666667
75	25	141.3536	151.3576
74	26	140.936486486486	150.916538461538
73	27	140.608630136986	150.536296296296
72	28	140.264305555556	150.249285714286
71	29	139.906338028169	149.768965517241
70	30	139.491714285714	149.398333333333
69	31	139.163623188406	149.058387096774
68	32	138.802058823529	148.6771875
67	33	138.420746268657	148.327575757576
66	34	138.016363636364	147.950294117647
65	35	137.642153846154	147.589142857143
64	36	137.32734375	147.192777777778
63	37	136.872222222222	146.746216216216
62	38	136.518225806452	146.427894736842
61	39	136.20262295082	145.94358974359
60	40	135.816	145.63
59	41	135.413050847458	145.241951219512
58	42	135.05	144.876666666667
57	43	134.66649122807	144.429302325581
56	44	134.270178571429	144.089090909091
55	45	133.831818181818	143.656444444444
54	46	133.496481481482	143.251086956522
53	47	133.069245283019	142.793404255319
52	48	132.683269230769	142.403333333333
51	49	132.283725490196	142.036326530612
50	50	131.824	141.7702
49	51	131.558163265306	141.27137254902
48	52	131.130416666667	140.8425
47	53	130.764680851064	140.523962264151
46	54	130.367391304348	140.075555555556
45	55	129.947111111111	139.637818181818
44	56	129.424318181818	139.265892857143
43	57	129.093255813954	138.83052631579
42	58	128.723095238095	138.443103448276
41	59	128.320975609756	138.043898305085
40	60	127.81575	137.624666666667
39	61	127.471025641026	137.136885245902
38	62	126.982368421053	136.769677419355
37	63	126.630810810811	136.421587301587
36	64	126.156944444444	136.01375
35	65	125.868285714286	135.519384615385
34	66	125.327941176471	135.165909090909
33	67	124.933939393939	134.726417910448
32	68	124.5271875	134.250735294118
31	69	124.007419354839	133.887536231884
30	70	123.614	133.487142857143
29	71	123.147931034483	133.101830985915
28	72	122.768214285714	132.570972222222
27	73	122.317777777778	132.17397260274
26	74	121.743846153846	131.762702702703
25	75	121.5132	131.2876
24	76	120.98	130.895921052632
23	77	120.518260869565	130.465454545455
22	78	120.082272727273	130.012307692308
21	79	119.657619047619	129.589746835443
20	80	119.1985	129.1785
19	81	118.68	128.697407407407
18	82	118.25	128.247317073171
17	83	117.722941176471	127.787590361446
16	84	117.393125	127.350357142857
15	85	116.878666666667	126.901294117647
14	86	116.325714285714	126.497325581395
13	87	115.998461538462	126.022873563218
12	88	115.386666666667	125.5525
11	89	114.891818181818	125.120561797753
10	90	114.495	124.639444444444
9	91	114.071111111111	124.201978021978
8	92	113.58625	123.768043478261
7	93	113.034285714286	123.305483870968
6	94	112.496666666667	122.837553191489
5	95	112.066	122.330421052632
4	96	111.535	121.9034375
3	97	111.013333333333	121.427113402062
2	98	110.435	120.948571428571
1	99	110	120.48494949495
0	100	0	120
