num_of_tit_for_tat	num_of_guilt_driven_amending	average_fitness_of_tit_for_tat	average_fitness_of_guilt_driven_amending
100	0	150	0
99	1	149.684494949495	138.0075
98	2	149.370331632653	137.915
97	3	149.072628865979	137.5625
96	4	148.775625	137.52625
95	5	148.445710526316	136.9815
94	6	148.140531914894	136.761666666667
93	7	147.836102150538	136.688571428571
92	8	147.503016304348	136.3478125
91	9	147.215357142857	135.984722222222
90	10	146.88025	135.766
89	11	146.592443820225	135.681136363636
88	12	146.259545454545	135.401666666667
87	13	145.982270114943	135.090576923077
86	14	145.665029069767	134.728571428571
85	15	145.359294117647	134.627
84	16	145.052916666667	134.37859375
83	17	144.724698795181	134.028529411765
82	18	144.415975609756	133.845277777778
81	19	144.123395061728	133.470526315789
80	20	143.78446875	133.261875
79	21	143.500981012658	132.985833333333
78	22	143.189423076923	132.911022727273
77	23	142.850811688312	132.583695652174
76	24	142.544802631579	132.244583333333
75	25	142.235866666667	131.9713
74	26	141.892060810811	131.809711538462
73	27	141.573493150685	131.4525
72	28	141.277638888889	131.220892857143
71	29	141.027676056338	131.036034482759
70	30	140.672607142857	130.727916666667
69	31	140.359057971014	130.426693548387
68	32	140.040625	130.21953125
67	33	139.776343283582	129.90553030303
66	34	139.49053030303	129.660808823529
65	35	139.160923076923	129.438857142857
64	36	138.796796875	129.218125
63	37	138.519801587302	128.988310810811
62	38	138.255725806452	128.709539473684
61	39	137.905778688525	128.416025641026
60	40	137.587333333333	128.0651875
59	41	137.286186440678	127.947804878049
58	42	136.942672413793	127.62505952381
57	43	136.665789473684	127.397209302326
56	44	136.365089285714	127.143579545455
55	45	136.020818181818	126.846777777778
54	46	135.774074074074	126.621086956522
53	47	135.370047169811	126.392765957447
52	48	135.122740384615	126.097083333333
51	49	134.788137254902	125.920204081633
50	50	134.53295	125.625
49	51	134.164693877551	125.464019607843
48	52	133.880104166667	125.182355769231
47	53	133.542446808511	124.808773584906
46	54	133.267826086957	124.606296296296
45	55	132.918444444444	124.367545454545
44	56	132.623011363636	124.115758928572
43	57	132.341976744186	123.817807017544
42	58	132.023214285714	123.537844827586
41	59	131.699756097561	123.369957627119
40	60	131.371	123.103791666667
39	61	131.083461538461	122.852786885246
38	62	130.692236842105	122.548951612903
37	63	130.491486486486	122.390714285714
36	64	130.114027777778	122.0309765625
35	65	129.772642857143	121.786538461538
34	66	129.497426470588	121.533143939394
33	67	129.201666666667	121.371268656716
32	68	128.96375	120.996507352941
31	69	128.588387096774	120.764202898551
30	70	128.2695	120.596642857143
29	71	127.953620689655	120.287781690141
28	72	127.581071428571	120.001875
27	73	127.34037037037	119.731815068493
26	74	127.030384615385	119.513648648649
25	75	126.7039	119.2828
24	76	126.478854166667	119.014243421053
23	77	126.132065217391	118.691850649351
22	78	125.83125	118.480641025641
21	79	125.380119047619	118.233196202532
20	80	125.182375	117.98875
19	81	124.850394736842	117.703827160494
18	82	124.523611111111	117.508140243902
17	83	124.294117647059	117.145512048193
16	84	123.97015625	116.964166666667
15	85	123.607833333333	116.694176470588
14	86	123.371071428571	116.430668604651
13	87	122.938653846154	116.193706896552
12	88	122.762916666667	115.921477272727
11	89	122.439772727273	115.652191011236
10	90	122.14775	115.371583333333
9	91	121.797222222222	115.178846153846
8	92	121.3525	114.919836956522
7	93	121.1525	114.640134408602
6	94	120.75625	114.384707446809
5	95	120.5245	114.1265
4	96	120.129375	113.805026041667
3	97	120.039166666667	113.635077319588
2	98	119.6975	113.397321428571
1	99	119.05	113.137398989899
0	100	0	112.8609
