num_of_tit_for_tat	num_of_TFT_with_trembling_hand	average_fitness_of_tit_for_tat	average_fitness_of_TFT_with_trembling_hand
100	0	150	0
99	1	149.595277777778	135.8575
98	2	149.158545918367	136.00625
97	3	148.754097938144	135.560833333333
96	4	148.342864583333	134.995625
95	5	147.946447368421	135.062
94	6	147.478643617021	134.552083333333
93	7	147.094677419355	134.3025
92	8	146.677472826087	134.0115625
91	9	146.259478021978	133.750277777778
90	10	145.828722222222	132.96425
89	11	145.422106741573	132.841590909091
88	12	145.004573863636	132.758958333333
87	13	144.606551724138	132.054038461538
86	14	144.153546511628	131.790714285714
85	15	143.776764705882	131.502166666667
84	16	143.300267857143	131.334375
83	17	142.952108433735	130.798235294118
82	18	142.496859756098	130.478055555556
81	19	142.081635802469	130.337631578947
80	20	141.63665625	129.860875
79	21	141.248575949367	129.635595238095
78	22	140.872884615385	129.378068181818
77	23	140.416006493506	129.007065217391
76	24	139.980921052632	128.721666666667
75	25	139.553933333333	128.3121
74	26	139.145202702703	128.138269230769
73	27	138.787431506849	127.805
72	28	138.301423611111	127.504642857143
71	29	137.950070422535	127.083275862069
70	30	137.54925	126.844333333333
69	31	137.125362318841	126.39185483871
68	32	136.710110294118	126.083828125
67	33	136.239291044776	125.795303030303
66	34	135.792992424242	125.426691176471
65	35	135.446192307692	125.134071428571
64	36	135.0035546875	124.914375
63	37	134.548492063492	124.657094594595
62	38	134.146370967742	124.186776315789
61	39	133.722581967213	123.880512820513
60	40	133.28225	123.541
59	41	133.00156779661	123.275365853659
58	42	132.551336206897	123.001785714286
57	43	132.049122807018	122.618779069767
56	44	131.760491071429	122.282897727273
55	45	131.287727272727	121.860777777778
54	46	130.932592592593	121.680815217391
53	47	130.481650943396	121.32920212766
52	48	130.027596153846	120.919375
51	49	129.528725490196	120.586581632653
50	50	129.2483	120.3773
49	51	128.692857142857	119.984754901961
48	52	128.395364583333	119.645625
47	53	127.881808510638	119.483537735849
46	54	127.497717391304	119.040555555556
45	55	127.083055555556	118.624363636364
44	56	126.644034090909	118.4040625
43	57	126.15511627907	118.059429824561
42	58	125.78880952381	117.85974137931
41	59	125.470670731707	117.426059322034
40	60	125.0410625	117.050166666667
39	61	124.566987179487	116.771475409836
38	62	124.292302631579	116.412540322581
37	63	123.682567567568	116.156507936508
36	64	123.407569444444	115.8665234375
35	65	122.876571428571	115.485730769231
34	66	122.438235294118	115.164318181818
33	67	122.070454545455	114.852873134328
32	68	121.630625	114.480551470588
31	69	121.141774193548	114.131123188406
30	70	120.816166666667	113.892464285714
29	71	120.432672413793	113.427007042253
28	72	120.098928571429	113.234340277778
27	73	119.593055555556	112.90948630137
26	74	119.236442307692	112.666486486486
25	75	118.7843	112.244366666667
24	76	118.389479166667	111.951381578947
23	77	117.856739130435	111.545162337662
22	78	117.424431818182	111.263782051282
21	79	117.012738095238	111.03664556962
20	80	116.69675	110.6995625
19	81	116.348157894737	110.350740740741
18	82	115.7325	110.000548780488
17	83	115.266617647059	109.695753012048
16	84	115.09453125	109.306398809524
15	85	114.493166666667	109.077470588235
14	86	114.059821428571	108.740145348837
13	87	113.644615384615	108.447586206897
12	88	113.430208333333	108.075511363636
11	89	112.835454545455	107.709185393258
10	90	112.447	107.385444444444
9	91	112.036111111111	107.189395604396
8	92	111.671875	106.85125
7	93	111.152142857143	106.500967741936
6	94	110.96625	106.139973404255
5	95	110.3035	105.835421052632
4	96	109.76625	105.511614583333
3	97	109.650833333333	105.132963917526
2	98	109.02	104.86612244898
1	99	108.705	104.516515151515
0	100	0	104.281625
