num_of_generous_TFT	num_of_TFT_with_trembling_hand	average_fitness_of_generous_TFT	average_fitness_of_TFT_with_trembling_hand
50	0	100	0
49	1	99.7805102040816	101.76
48	2	99.5526041666667	101.555
47	3	99.346170212766	101.211666666667
46	4	99.1476086956522	101.01
45	5	98.9565555555555	100.552
44	6	98.715	100.315
43	7	98.5056976744186	100.004285714286
42	8	98.2577380952381	99.7225
41	9	98.0790243902438	99.3094444444445
40	10	97.8145	99.1035
39	11	97.6570512820512	98.7268181818182
38	12	97.3877631578947	98.44625
37	13	97.1716216216217	98.2734615384615
36	14	97.0091666666667	97.9246428571429
35	15	96.7537142857143	97.5576666666666
34	16	96.5832352941176	97.2253125
33	17	96.3265151515152	96.9120588235294
32	18	96.13328125	96.6411111111111
31	19	95.8643548387097	96.3278947368421
30	20	95.6556666666667	95.9595
29	21	95.4346551724138	95.6742857142857
28	22	95.2716071428571	95.3954545454546
27	23	94.9972222222222	95.1454347826087
26	24	94.8109615384615	94.794375
25	25	94.595	94.5016
24	26	94.4014583333334	94.153076923077
23	27	94.1567391304348	93.8605555555556
22	28	93.9640909090909	93.6821428571428
21	29	93.7585714285714	93.3260344827586
20	30	93.56925	92.971
19	31	93.3326315789474	92.7012903225807
18	32	93.1738888888889	92.29015625
17	33	92.8788235294118	92.0633333333334
16	34	92.730625	91.6920588235294
15	35	92.47	91.4778571428571
14	36	92.1978571428571	91.1373611111111
13	37	92.0426923076923	90.842972972973
12	38	91.8808333333333	90.4672368421053
11	39	91.6159090909091	90.1705128205129
10	40	91.372	89.911125
9	41	91.175	89.5391463414634
8	42	91.02125	89.3423809523809
7	43	90.7321428571429	89.0416279069768
6	44	90.4125	88.6307954545455
5	45	90.249	88.3897777777777
4	46	90.155	88.0005434782608
3	47	89.8883333333334	87.7462765957447
2	48	89.6975	87.4690625
1	49	89.46	87.1826530612245
0	50	0	86.8826
