num_of_generous_TFT	num_of_Pavlov	average_fitness_of_generous_TFT	average_fitness_of_Pavlov
50	0	100	0
49	1	99.6364285714286	114.31
48	2	99.2776041666667	114.4875
47	3	98.8568085106383	113.64
46	4	98.5588043478261	112.77
45	5	98.1914444444445	112.196
44	6	97.7998863636364	111.104166666667
43	7	97.4341860465116	109.867857142857
42	8	97.1161904761905	109.548125
41	9	96.7543902439024	108.335555555556
40	10	96.314125	108.1335
39	11	95.9180769230769	107.062727272727
38	12	95.5481578947368	106.165416666667
37	13	95.2637837837838	105.383461538462
36	14	94.92875	104.455357142857
35	15	94.5837142857143	103.646333333333
34	16	94.1197058823529	102.671875
33	17	93.8115151515152	102.110294117647
32	18	93.4325	101.124444444444
31	19	93.031129032258	99.9855263157895
30	20	92.6751666666667	99.837
29	21	92.4025862068966	98.4109523809524
28	22	92.0335714285714	97.8790909090909
27	23	91.5092592592593	96.6913043478261
26	24	91.2925	96.025625
25	25	90.8608	95.0954
24	26	90.3760416666667	94.5526923076923
23	27	90.1045652173913	93.4805555555556
22	28	89.8759090909091	92.5825
21	29	89.3764285714285	91.7686206896552
20	30	88.959	90.955
19	31	88.6981578947368	90.0990322580645
18	32	88.3377777777778	89.385
17	33	87.89	88.3427272727272
16	34	87.5953125	87.6482352941176
15	35	87.301	86.7667142857143
14	36	86.8792857142857	85.9098611111111
13	37	86.7146153846154	85.0040540540541
12	38	86.2595833333333	84.0206578947369
11	39	86.0127272727273	83.1570512820513
10	40	85.6365	82.346375
9	41	85.0388888888889	81.4234146341463
8	42	84.67625	80.6738095238096
7	43	84.3428571428572	79.6818604651163
6	44	83.8683333333333	78.8060227272727
5	45	83.334	78.0465555555556
4	46	83.02	77.1989130434783
3	47	83.0416666666667	76.1175531914893
2	48	82.615	75.4369791666666
1	49	82.735	74.5047959183674
0	50	0	73.5605
