num_of_generous_TFT	num_of_shame_driven_hiding	average_fitness_of_generous_TFT	average_fitness_of_shame_driven_hiding
50	0	100	0
49	1	99.8106122448979	105
48	2	99.6335416666667	104.785
47	3	99.4372340425532	104.646666666667
46	4	99.2610869565217	104.43
45	5	99.0684444444445	104.244
44	6	98.87	103.995
43	7	98.7055813953489	103.91
42	8	98.4509523809523	103.59125
41	9	98.2982926829268	103.51
40	10	98.10275	103.292
39	11	97.9584615384615	103.081818181818
38	12	97.7178947368421	102.901666666667
37	13	97.5235135135135	102.670769230769
36	14	97.3197222222222	102.472857142857
35	15	97.1097142857143	102.340666666667
34	16	96.9073529411765	102.084375
33	17	96.7421212121212	101.948823529412
32	18	96.5396875	101.708333333333
31	19	96.3635483870967	101.508421052632
30	20	96.166	101.4
29	21	95.9220689655173	101.148095238095
28	22	95.6925	100.887272727273
27	23	95.5077777777778	100.711739130435
26	24	95.3538461538462	100.535416666667
25	25	95.102	100.3004
24	26	94.9383333333333	100.088076923077
23	27	94.7382608695652	99.9066666666667
22	28	94.5259090909091	99.7317857142857
21	29	94.3357142857143	99.5206896551724
20	30	94.1235	99.3233333333333
19	31	94.0026315789474	99.131935483871
18	32	93.7816666666666	98.8803125
17	33	93.5076470588236	98.6748484848485
16	34	93.295	98.4447058823529
15	35	93.1873333333334	98.2925714285714
14	36	92.825	98.0161111111111
13	37	92.5792307692308	97.8964864864865
12	38	92.3858333333333	97.6126315789474
11	39	92.2354545454545	97.4287179487179
10	40	92.003	97.19075
9	41	91.8211111111111	96.9697560975609
8	42	91.53	96.7497619047619
7	43	91.2714285714285	96.523023255814
6	44	91.1266666666667	96.3309090909091
5	45	90.904	96.1217777777777
4	46	90.6575	95.8978260869565
3	47	90.47	95.6704255319149
2	48	90.205	95.4383333333333
1	49	90	95.221224489796
0	50	0	95
