num_of_always_defect	num_of_Pavlov	average_fitness_of_always_defect	average_fitness_of_Pavlov
50	0	0	0
49	1	2.23836734693878	-74.7075
48	2	4.45916666666667	-72.72
47	3	6.67638297872341	-70.58
46	4	8.88782608695652	-68.26375
45	5	11.1446666666667	-65.5685
44	6	13.3977272727273	-63.7141666666667
43	7	15.6495348837209	-61.045
42	8	17.8211904761905	-58.670625
41	9	19.9917073170732	-56.6022222222222
40	10	22.29075	-54.2965
39	11	24.4661538461538	-52.0738636363636
38	12	26.6968421052632	-49.44125
37	13	28.9527027027027	-47.0855769230769
36	14	31.2386111111111	-44.9719642857143
35	15	33.394	-42.0693333333333
34	16	35.8252941176471	-39.9046875
33	17	37.9387878787879	-38.1582352941176
32	18	40.20125	-35.5126388888889
31	19	42.4412903225806	-33.1421052631579
30	20	44.571	-30.663875
29	21	46.6437931034483	-28.3280952380952
28	22	49.0614285714286	-26.3460227272727
27	23	51.1411111111111	-23.5832608695652
26	24	53.4230769230769	-21.4825
25	25	55.7228	-19.1347
24	26	57.9245833333333	-16.8180769230769
23	27	60.0634782608695	-14.3833333333333
22	28	62.4159090909091	-11.9308928571429
21	29	64.8766666666667	-9.80655172413794
20	30	66.8545	-7.39616666666667
19	31	69.0663157894737	-5.11451612903226
18	32	71.1822222222222	-2.552734375
17	33	73.4211764705882	-0.0325
16	34	75.873125	1.97529411764706
15	35	78.0926666666667	4.07592857142857
14	36	80.1985714285714	6.65715277777778
13	37	82.3484615384615	8.81520270270271
12	38	84.5566666666667	11.2581578947368
11	39	86.72	13.5150641025641
10	40	89.223	15.9193125
9	41	91.13	18.3403658536585
8	42	93.6	21.0032142857143
7	43	95.8885714285715	22.9312209302326
6	44	97.91	25.2820454545455
5	45	100.702	27.8105
4	46	102.4525	29.8478804347826
3	47	105.116666666667	32.2462765957447
2	48	107.275	34.6850520833333
1	49	109.06	36.8160204081633
0	50	0	39.2143
