num_of_always_cooperate	num_of_Pavlov	average_fitness_of_always_cooperate	average_fitness_of_Pavlov
50	0	50	0
49	1	48.5518367346939	124.64
48	2	47.0160416666667	122.595
47	3	45.6963829787234	120.843333333333
46	4	44.2436956521739	118.678125
45	5	42.8044444444444	118.0295
44	6	41.4338636363636	116.32625
43	7	40.0239534883721	114.110714285714
42	8	38.4380952380953	111.9996875
41	9	36.9790243902439	110.384444444444
40	10	35.565	108.648
39	11	34.0641025641026	106.289772727273
38	12	32.48	105.463541666667
37	13	31.2213513513513	103.853269230769
36	14	29.8302777777778	101.604642857143
35	15	28.454	100.068833333333
34	16	26.9558823529412	98.2396875
33	17	25.4290909090909	96.4222058823529
32	18	24.0228125	94.25625
31	19	22.6096774193548	93.1705263157895
30	20	21.2626666666667	91.453125
29	21	19.6034482758621	89.8797619047619
28	22	17.9342857142857	87.4654545454545
27	23	16.7062962962963	86.194347826087
26	24	15.4223076923077	84.444375
25	25	13.682	82.777
24	26	12.3695833333333	81.0428846153846
23	27	10.9547826086956	79.2861111111112
22	28	9.63818181818182	77.3458928571429
21	29	8.18380952380952	75.8906034482759
20	30	6.556	73.7208333333333
19	31	5.07736842105263	72.2071774193548
18	32	3.78444444444444	70.594140625
17	33	2.35941176470588	68.6536363636364
16	34	0.955	67.0011029411765
15	35	-0.287333333333333	65.5257142857143
14	36	-2.095	63.7747222222222
13	37	-3.51230769230769	61.7104054054054
12	38	-5.02666666666667	59.9790131578947
11	39	-6.30727272727273	58.2451282051282
10	40	-7.676	56.5809375
9	41	-8.84555555555555	54.7692682926829
8	42	-10.65	53.2386904761905
7	43	-11.6857142857143	51.5295930232558
6	44	-13.6533333333333	49.6002272727272
5	45	-15.214	47.979
4	46	-16.225	46.114347826087
3	47	-18.11	44.3953191489362
2	48	-19.235	42.7838020833333
1	49	-21.17	41.0782653061225
0	50	0	39.30975
