num_of_always_defect	num_of_shame_driven_hiding	average_fitness_of_always_defect	average_fitness_of_shame_driven_hiding
50	0	0	0
49	1	0.960408163265306	-35.295
48	2	1.93666666666667	-34.455
47	3	2.87914893617021	-33.0975
46	4	3.8545652173913	-31.95875
45	5	4.81111111111111	-30.676
44	6	5.7825	-29.6433333333333
43	7	6.74139534883721	-28.4564285714286
42	8	7.69785714285713	-27.3296875
41	9	8.68073170731707	-26.1111111111111
40	10	9.62225	-25.1295
39	11	10.5794871794872	-23.8727272727273
38	12	11.5705263157895	-22.6625
37	13	12.4921621621622	-21.3121153846154
36	14	13.4630555555556	-20.0423214285714
35	15	14.4517142857143	-18.8533333333333
34	16	15.3938235294118	-17.803125
33	17	16.3651515151515	-16.4058823529412
32	18	17.3303125	-15.1311111111111
31	19	18.291935483871	-13.8368421052632
30	20	19.265	-12.589625
29	21	20.2413793103449	-11.3742857142857
28	22	21.2107142857143	-10.0603409090909
27	23	22.1285185185185	-8.83706521739131
26	24	23.0792307692308	-7.48
25	25	24.0624	-6.0704
24	26	25.0629166666667	-4.9401923076923
23	27	25.985652173913	-3.57111111111111
22	28	26.9690909090909	-2.21151785714286
21	29	27.9266666666667	-0.843275862068965
20	30	28.842	0.5125
19	31	29.8921052631579	1.89524193548387
18	32	30.8072222222222	3.2584375
17	33	31.8611764705883	4.76522727272727
16	34	32.70625	6.10397058823529
15	35	33.7626666666667	7.75564285714286
14	36	34.6928571428571	9.12138888888889
13	37	35.6	10.6453378378378
12	38	36.5666666666667	11.9992763157895
11	39	37.53	13.5948076923077
10	40	38.636	15.1736875
9	41	39.4433333333333	16.7092073170732
8	42	40.48125	18.2565476190476
7	43	41.3785714285714	19.8400581395349
6	44	42.4316666666667	21.4402272727273
5	45	43.388	22.9633888888889
4	46	44.2725	24.6939130434783
3	47	45.18	26.1208510638298
2	48	46.23	27.5674479166667
1	49	47.03	28.9716836734694
0	50	0	30.33015
