num_of_always_trembling	num_of_TFT_with_trembling_hand	average_fitness_of_always_trembling	average_fitness_of_TFT_with_trembling_hand
50	0	24.9136	0
49	1	24.9167857142857	19.27
48	2	25.3591145833333	19.7525
47	3	25.5781914893617	19.5175
46	4	25.6755434782609	19.78375
45	5	25.8560555555556	20.135
44	6	26.0544318181818	20.0870833333333
43	7	26.1597093023256	20.8432142857143
42	8	26.3318452380952	20.7471875
41	9	26.507012195122	21.15
40	10	26.53675	21.23525
39	11	27.0028846153846	21.5561363636364
38	12	26.9304605263158	21.978125
37	13	26.9108783783784	22.1128846153846
36	14	27.1749305555556	22.3675
35	15	27.3187142857143	22.4585
34	16	27.3489705882353	22.7796875
33	17	27.8300757575758	23.2123529411765
32	18	27.965703125	23.0568055555556
31	19	27.9508064516129	23.6198684210526
30	20	28.4339166666667	23.637125
29	21	28.1736206896552	24.155119047619
28	22	28.5559821428571	24.1385227272727
27	23	28.7121296296296	24.4683695652174
26	24	28.7669230769231	24.8541666666667
25	25	29.0741	25.1411
24	26	29.1065625	25.4847115384615
23	27	29.2401086956522	25.6117592592593
22	28	29.6776136363636	25.6657142857143
21	29	29.6370238095238	25.9924137931035
20	30	29.599875	26.1966666666667
19	31	30.1040789473684	26.6072580645161
18	32	30.0445833333333	26.70046875
17	33	30.2892647058824	26.8999242424242
16	34	30.39828125	27.3386029411765
15	35	30.6396666666667	27.4862857142857
14	36	30.6646428571429	27.8352083333333
13	37	31.0832692307692	27.8967567567567
12	38	31.1408333333333	28.1480921052631
11	39	31.46	28.4759615384616
10	40	31.70475	28.750375
9	41	31.6294444444444	28.99
8	42	31.486875	29.138869047619
7	43	31.9003571428571	29.3481395348837
6	44	31.9625	29.5434659090909
5	45	32.4195	29.9321111111111
4	46	32.06375	30.1355434782609
3	47	32.6175	30.4303191489362
2	48	32.18	30.6170833333333
1	49	32.8025	30.8844897959183
0	50	0	31.19715
