num_of_always_defect	num_of_guilt_driven_amending	average_fitness_of_always_defect	average_fitness_of_guilt_driven_amending
50	0	0	0
49	1	0.96469387755102	-35.46
48	2	1.92416666666667	-33.935
47	3	2.8895744680851	-32.3
46	4	3.84717391304348	-30.961875
45	5	4.80933333333333	-29.5595
44	6	5.76409090909091	-27.9616666666667
43	7	6.74232558139535	-26.5125
42	8	7.70880952380952	-25.0971875
41	9	8.67268292682926	-23.68
40	10	9.63175000000001	-22.01975
39	11	10.5989743589744	-20.6181818181818
38	12	11.5521052631579	-19.1029166666667
37	13	12.5221621621622	-17.6396153846154
36	14	13.4825	-16.2232142857143
35	15	14.4382857142857	-14.743
34	16	15.3991176470588	-13.24390625
33	17	16.3845454545454	-11.6533823529412
32	18	17.295625	-10.1983333333333
31	19	18.3045161290323	-8.81828947368421
30	20	19.2596666666667	-7.33125
29	21	20.2217241379311	-5.83380952380952
28	22	21.1817857142857	-4.28670454545455
27	23	22.1414814814815	-2.83336956521739
26	24	23.115	-1.353125
25	25	24.0572	0.0598
24	26	25.0225	1.47490384615385
23	27	25.9986956521739	3.12398148148148
22	28	26.9404545454546	4.489375
21	29	27.907619047619	5.94637931034483
20	30	28.89	7.52658333333333
19	31	29.8947368421053	8.96088709677419
18	32	30.8011111111111	10.373671875
17	33	31.7952941176471	11.9223484848485
16	34	32.785625	13.3141911764706
15	35	33.694	14.9507142857143
14	36	34.6842857142857	16.3731944444444
13	37	35.6384615384615	17.8422297297297
12	38	36.615	19.2184868421053
11	39	37.5563636363636	20.7737179487179
10	40	38.523	22.1850625
9	41	39.5488888888889	23.627987804878
8	42	40.3875	25.1517261904762
7	43	41.4042857142857	26.6826162790698
6	44	42.3516666666667	28.1838068181818
5	45	43.476	29.5832777777778
4	46	44.29	31.1742934782609
3	47	45.2533333333333	32.6239361702128
2	48	46.42	34.11609375
1	49	47.3	35.5050510204082
0	50	0	37.02055
