num_of_always_trembling	num_of_Pavlov	average_fitness_of_always_trembling	average_fitness_of_Pavlov
50	0	25.05675	0
49	1	25.3453571428572	22.4275
48	2	25.3497916666667	25.6225
47	3	25.6357978723404	24.9908333333333
46	4	26.5401086956522	25.9475
45	5	26.574	25.946
44	6	26.6921022727273	25.94
43	7	26.9016860465116	26.6642857142857
42	8	27.4302380952381	27.0240625
41	9	27.6237195121951	27.4097222222222
40	10	27.9991875	27.57475
39	11	28.3223076923077	27.3395454545454
38	12	28.8605263157895	27.8866666666666
37	13	28.7527027027027	28.2088461538461
36	14	29.3142361111111	28.0857142857143
35	15	29.3890714285714	29.2926666666667
34	16	29.8031617647059	29.2171875
33	17	30.0619696969697	29.4560294117647
32	18	30.23375	30.0052777777778
31	19	30.7351612903226	30.1977631578947
30	20	30.8206666666667	30.45175
29	21	31.1312931034483	30.6061904761905
28	22	31.4649107142857	31.3792045454545
27	23	31.8646296296296	31.0153260869565
26	24	32.1477884615385	31.5361458333333
25	25	32.1239	31.9025
24	26	32.7047916666667	32.0130769230769
23	27	32.8157608695652	32.6100925925926
22	28	33.1902272727273	32.88625
21	29	33.7929761904762	32.9402586206896
20	30	33.714375	33.72725
19	31	34.4122368421053	33.5473387096774
18	32	34.6468055555556	34.068828125
17	33	34.79	34.278106060606
16	34	34.61	34.6386029411765
15	35	35.4833333333333	35.0492857142857
14	36	35.7867857142857	35.1677777777778
13	37	35.8446153846154	35.5323648648649
12	38	36.4339583333333	35.6732236842105
11	39	36.1684090909091	36.1110897435897
10	40	36.856	36.03725
9	41	37.2297222222222	36.6803048780488
8	42	37.004375	36.8632142857143
7	43	37.3953571428571	37.3095348837209
6	44	37.915	37.5163636363636
5	45	38.302	37.7555555555556
4	46	38.26	38.125597826087
3	47	39.025	38.3597872340426
2	48	39.73	38.50171875
1	49	40.6075	39.0583673469388
0	50	0	39.286
