num_of_always_trembling	num_of_guilt_driven_amending	average_fitness_of_always_trembling	average_fitness_of_guilt_driven_amending
50	0	24.7685	0
49	1	25.3864285714286	15.8025
48	2	25.6216666666667	16.3
47	3	25.8076595744681	16.4933333333333
46	4	26.2030434782609	16.758125
45	5	26.3838333333333	17.726
44	6	26.4255681818182	17.8929166666667
43	7	26.9302325581395	18.0917857142857
42	8	27.0685714285714	19.0128125
41	9	27.1329878048781	18.9491666666667
40	10	27.5794375	19.7705
39	11	27.7694230769231	20.4406818181818
38	12	28.2754605263158	20.440625
37	13	28.2994594594595	20.7528846153846
36	14	28.5995833333333	21.6101785714286
35	15	28.698	21.931
34	16	29.2224264705882	22.28375
33	17	29.1154545454546	22.8660294117647
32	18	29.53734375	23.2183333333333
31	19	29.7549193548387	23.5744736842105
30	20	30.0035	24.05
29	21	30.4415517241379	24.4111904761905
28	22	30.4747321428571	24.9193181818182
27	23	30.8425	25.2741304347826
26	24	31.3045192307692	25.8446875
25	25	31.0196	26.0852
24	26	31.5686458333333	26.6226923076923
23	27	31.7770652173913	27.1225925925926
22	28	32.0420454545455	27.4583928571429
21	29	32.3459523809524	27.8490517241379
20	30	32.618875	28.27325
19	31	32.7086842105263	28.8320161290323
18	32	33.0588888888889	29.094609375
17	33	33.5451470588235	29.6525
16	34	33.69640625	30.1347794117647
15	35	33.705	30.5421428571428
14	36	34.215	30.9653472222222
13	37	34.2255769230769	31.4556081081081
12	38	34.8079166666667	31.8843421052631
11	39	35.1040909090909	32.1686538461539
10	40	35.10425	32.7420625
9	41	35.4675	33.1170731707317
8	42	35.6996875	33.5742857142857
7	43	35.8196428571429	33.9801744186047
6	44	36.1570833333333	34.4621590909091
5	45	36.164	34.8804444444444
4	46	36.66625	35.2596739130435
3	47	36.595	35.6838829787234
2	48	37.2075	36.1346354166667
1	49	37.33	36.550612244898
0	50	0	36.9678
