num_of_always_cooperate	num_of_guilt_driven_amending	average_fitness_of_always_cooperate	average_fitness_of_guilt_driven_amending
50	0	50	0
49	1	49.2848979591837	75.9125
48	2	48.6164583333333	75.27875
47	3	47.8565957446808	74.4866666666667
46	4	47.1458695652174	73.665625
45	5	46.4273333333333	72.978
44	6	45.7272727272727	72.0779166666667
43	7	45.0409302325581	71.3364285714286
42	8	44.3359523809524	70.4903125
41	9	43.6082926829268	69.6725
40	10	42.89025	68.95925
39	11	42.1905128205128	68.1531818181818
38	12	41.4734210526316	67.26125
37	13	40.7854054054054	66.4871153846154
36	14	40.0891666666667	65.6894642857143
35	15	39.3157142857143	65.0256666666667
34	16	38.6205882352941	64.08234375
33	17	37.9509090909091	63.3217647058824
32	18	37.3246875	62.6219444444445
31	19	36.4487096774194	61.7147368421053
30	20	35.8106666666667	60.866125
29	21	35.1713793103448	60.1788095238095
28	22	34.3785714285714	59.2701136363636
27	23	33.71	58.5375
26	24	33.0257692307692	57.7814583333333
25	25	32.2612	56.8912
24	26	31.6104166666667	56.2019230769231
23	27	30.9169565217391	55.2727777777778
22	28	30.1631818181818	54.5164285714285
21	29	29.4157142857143	53.788448275862
20	30	28.667	52.9424166666667
19	31	28.1221052631579	52.1796774193548
18	32	27.3427777777778	51.3934375
17	33	26.6047058823529	50.5692424242424
16	34	25.915625	49.7546323529412
15	35	25.032	49.0345
14	36	24.5628571428571	48.125625
13	37	23.7107692307692	47.4922297297297
12	38	23.1583333333333	46.5415789473684
11	39	22.3863636363636	45.7639743589744
10	40	21.584	45.014875
9	41	20.8577777777778	44.1394512195122
8	42	20.07875	43.3810119047619
7	43	19.6114285714286	42.5537209302326
6	44	18.87	41.7731818181818
5	45	18.126	40.9826111111111
4	46	17.4375	40.2961956521739
3	47	16.7733333333333	39.401170212766
2	48	16.015	38.53484375
1	49	15.21	37.8975
0	50	0	37.03915
