num_of_always_trembling	num_of_shame_driven_hiding	average_fitness_of_always_trembling	average_fitness_of_shame_driven_hiding
50	0	24.78965	0
49	1	25.2810714285714	21.5675
48	2	25.1427604166667	23.2125
47	3	25.4624468085106	23.0333333333333
46	4	25.5203804347826	22.79625
45	5	25.4758888888889	23.275
44	6	25.6864204545455	23.96625
43	7	25.7786627906977	23.9821428571429
42	8	25.8164880952381	24.428125
41	9	25.9667073170732	24.7741666666667
40	10	25.943125	25.2925
39	11	26.1260256410257	25.335
38	12	26.3528289473684	25.58125
37	13	26.3808783783784	26.2480769230769
36	14	26.7295138888889	26.4828571428571
35	15	26.9454285714286	27.1685
34	16	26.7394117647059	27.12859375
33	17	26.8240909090909	27.3826470588235
32	18	26.644140625	27.7484722222222
31	19	26.9329838709677	28.1890789473684
30	20	27.0990833333333	28.537125
29	21	27.2129310344828	28.7875
28	22	27.2340178571429	29.1544318181818
27	23	27.3842592592593	29.4010869565217
26	24	27.5076923076923	29.9146875
25	25	27.453	30.0413
24	26	27.4361458333334	30.6209615384615
23	27	27.6819565217391	30.9203703703704
22	28	27.9354545454545	31.3125
21	29	27.9557142857143	31.6977586206896
20	30	27.638125	31.9704166666667
19	31	27.9415789473684	32.3172580645161
18	32	27.9772222222222	32.6959375
17	33	28.2551470588235	33.0135606060606
16	34	27.99984375	33.4719117647059
15	35	28.0948333333333	33.6899285714286
14	36	28.3766071428571	33.9495833333333
13	37	28.3301923076923	34.4827027027027
12	38	28.2345833333333	34.8509210526316
11	39	28.52	35.2676923076923
10	40	28.45	35.570375
9	41	28.4494444444444	35.8403658536585
8	42	28.7703125	36.2870238095238
7	43	28.5353571428571	36.4620348837209
6	44	28.2591666666667	36.8784659090909
5	45	28.6785	36.9897222222222
4	46	28.93125	36.8539673913044
3	47	28.9608333333333	36.3092021276596
2	48	28.94	35.1855729166667
1	49	29.68	33.2311224489796
0	50	0	30.3835
