num_of_always_cooperate	num_of_TFT_with_trembling_hand	average_fitness_of_always_cooperate	average_fitness_of_TFT_with_trembling_hand
50	0	50	0
49	1	49.1946938775511	80
48	2	48.3608333333333	78.985
47	3	47.5582978723404	78.0458333333333
46	4	46.7621739130435	77.1975
45	5	45.9515555555556	75.857
44	6	45.0922727272727	75.0029166666667
43	7	44.3360465116279	74.0078571428571
42	8	43.452619047619	72.99375
41	9	42.6931707317073	72.0141666666667
40	10	41.83375	71.08175
39	11	41.0348717948718	69.9154545454545
38	12	40.1997368421053	69.1727083333333
37	13	39.3564864864865	68.0925
36	14	38.6113888888889	67.0860714285714
35	15	37.6774285714286	66.0366666666667
34	16	36.9076470588235	64.9375
33	17	36.1706060606061	63.9791176470588
32	18	35.305625	62.9588888888889
31	19	34.5358064516129	62.1810526315789
30	20	33.6713333333333	61.00375
29	21	32.8662068965517	60.1559523809524
28	22	31.99	59.0160227272727
27	23	31.2077777777778	58.1726086956522
26	24	30.4223076923077	57.0390625
25	25	29.502	55.9591
24	26	28.8341666666667	55.136923076923
23	27	28.0117391304348	54.0897222222222
22	28	27.1377272727273	53.1025892857143
21	29	26.3461904761905	52.0969827586207
20	30	25.568	51.0160833333333
19	31	24.8331578947369	50.1060483870968
18	32	23.8677777777778	49.155234375
17	33	23.0852941176471	48.1202272727272
16	34	22.156875	47.1429411764706
15	35	21.3573333333333	46.1495714285715
14	36	20.6628571428571	45.1547222222222
13	37	19.84	44.1041891891892
12	38	18.9416666666667	43.2367105263158
11	39	18.2054545454545	42.1439743589744
10	40	17.322	41.094875
9	41	16.5511111111111	40.1062195121951
8	42	15.71375	39.2351785714286
7	43	14.85	38.1943023255814
6	44	14.085	37.1310227272727
5	45	13.236	36.1179444444444
4	46	12.52	35.2174456521739
3	47	11.74	33.9869680851064
2	48	10.76	33.2082291666667
1	49	10	32.1110204081633
0	50	0	31.2392
