num_of_always_trembling	num_of_shame_driven_denying	average_fitness_of_always_trembling	average_fitness_of_shame_driven_denying
50	0	25.12335	0
49	1	25.1335204081633	30.47
48	2	24.8646875	30.52125
47	3	24.7034574468085	30.6225
46	4	24.2151630434783	30.315
45	5	24.2823333333333	29.7835
44	6	24.0146590909091	29.6858333333333
43	7	24.1357558139535	29.7210714285714
42	8	23.7124404761905	29.4509375
41	9	23.8418292682927	29.2861111111111
40	10	23.628125	29.39025
39	11	23.2249358974359	28.9897727272727
38	12	23.2115789473684	28.9935416666667
37	13	23.1372972972973	28.8382692307692
36	14	22.3689583333333	28.3832142857143
35	15	22.9644285714286	28.2841666666667
34	16	22.6444117647059	28.45953125
33	17	22.1726515151515	28.1325
32	18	22.43453125	27.7604166666667
31	19	21.9087903225806	27.7714473684211
30	20	21.8250833333333	27.650875
29	21	21.7481034482759	27.2542857142857
28	22	21.4417857142857	27.1910227272727
27	23	21.0200925925926	27.1558695652174
26	24	21.405	27.0014583333333
25	25	21.1661	26.6139
24	26	21.0767708333333	26.4398076923077
23	27	20.7816304347826	26.4511111111111
22	28	20.5721590909091	26.2200892857143
21	29	20.3353571428572	25.8381034482759
20	30	20.455125	25.72775
19	31	20.2375	25.7202419354839
18	32	19.9513888888889	25.478359375
17	33	20.0717647058824	25.4131060606061
16	34	19.744375	25.1444117647059
15	35	19.3263333333333	24.9422857142857
14	36	19.3005357142857	24.6213194444444
13	37	19.2823076923077	24.5062837837838
12	38	19.0047916666667	24.3416447368421
11	39	19.0079545454545	24.1287179487179
10	40	18.72725	24.0668125
9	41	18.5161111111111	23.9095731707317
8	42	18.1878125	23.6595238095238
7	43	18.2289285714286	23.4595930232558
6	44	17.7966666666667	23.3228977272727
5	45	18.197	23.1103333333333
4	46	17.559375	23.0103804347826
3	47	17.7933333333333	22.8084574468085
2	48	16.81375	22.63390625
1	49	18.02	22.4407142857143
0	50	0	22.3509
