num_of_always_cooperate	num_of_shame_driven_denying	average_fitness_of_always_cooperate	average_fitness_of_shame_driven_denying
50	0	50	0
49	1	48.1685714285714	118.46
48	2	46.21125	115.94125
47	3	44.4289361702128	114.344166666667
46	4	42.6104347826087	112.07375
45	5	40.6202222222222	110.5585
44	6	38.9018181818182	108.26875
43	7	36.9483720930233	106.774642857143
42	8	35.1090476190476	104.438125
41	9	33.3285365853658	102.151666666667
40	10	31.46525	100.76625
39	11	29.8135897435897	98.824090909091
38	12	27.8871052631579	96.8114583333334
37	13	25.9554054054054	94.7248076923077
36	14	24.0130555555556	92.7848214285714
35	15	22.1997142857143	90.9418333333333
34	16	20.0164705882353	88.54234375
33	17	18.1454545454545	86.785
32	18	16.5659375	84.5777777777778
31	19	14.7658064516129	82.6828947368422
30	20	12.901	81.162625
29	21	10.9920689655172	78.7328571428571
28	22	9.165	76.9598863636364
27	23	7.12851851851852	75.1571739130435
26	24	5.53	73.0583333333333
25	25	3.5488	71.0543
24	26	1.67041666666667	69.1975961538462
23	27	-0.142173913043478	67.3932407407408
22	28	-2.07772727272727	65.3385714285714
21	29	-3.91523809523809	63.2772413793103
20	30	-5.5475	61.353
19	31	-7.68789473684211	59.3499193548387
18	32	-9.35722222222222	57.582265625
17	33	-10.9794117647059	55.7393181818182
16	34	-13.43	53.2825735294118
15	35	-14.53	51.7526428571429
14	36	-16.4014285714286	49.653125
13	37	-18.8653846153846	47.6284459459459
12	38	-20.3833333333333	45.6075657894737
11	39	-22.3936363636364	43.7803205128205
10	40	-24.088	41.9035
9	41	-25.8244444444444	39.852256097561
8	42	-27.85375	37.8014285714286
7	43	-29.6471428571429	35.916976744186
6	44	-30.9133333333333	33.8972159090909
5	45	-33.59	32.1045555555556
4	46	-35.28	30.1858152173913
3	47	-37.1766666666667	28.076914893617
2	48	-39.265	26.2413020833333
1	49	-40.77	24.1986734693878
0	50	0	22.40695
