num_of_always_defect	num_of_shame_driven_denying	average_fitness_of_always_defect	average_fitness_of_shame_driven_denying
50	0	0	0
49	1	0.960408163265306	-35.4
48	2	1.92729166666667	-34.29
47	3	2.89914893617021	-33.0425
46	4	3.8545652173913	-31.89125
45	5	4.80555555555555	-30.698
44	6	5.78136363636364	-29.4216666666667
43	7	6.74139534883721	-28.3432142857143
42	8	7.71047619047619	-27.0971875
41	9	8.66634146341463	-25.8686111111111
40	10	9.64175	-24.8185
39	11	10.5892307692308	-23.5847727272727
38	12	11.5442105263158	-22.4620833333333
37	13	12.5289189189189	-21.36
36	14	13.4916666666667	-19.9264285714286
35	15	14.4517142857143	-18.856
34	16	15.4011764705882	-17.84640625
33	17	16.3751515151515	-16.5516176470588
32	18	17.3278125	-15.3661111111111
31	19	18.2987096774194	-14.1656578947368
30	20	19.2666666666667	-12.941875
29	21	20.2393103448276	-11.9327380952381
28	22	21.1732142857143	-10.6110227272727
27	23	22.1681481481482	-9.51097826086957
26	24	23.1284615384615	-8.3875
25	25	24.0588	-7.045
24	26	25.0554166666667	-5.87634615384615
23	27	26.0082608695652	-4.72518518518518
22	28	26.9459090909091	-3.56758928571428
21	29	27.917619047619	-2.38922413793104
20	30	28.9145	-1.29383333333333
19	31	29.8531578947368	-0.103306451612903
18	32	30.8327777777778	1.136640625
17	33	31.7205882352941	2.32424242424242
16	34	32.741875	3.4497794117647
15	35	33.6826666666666	4.68714285714286
14	36	34.6921428571429	5.91083333333333
13	37	35.6276923076923	7.04040540540541
12	38	36.5666666666667	8.07947368421052
11	39	37.5809090909091	9.39698717948718
10	40	38.506	10.5935625
9	41	39.4344444444445	11.7996341463415
8	42	40.50375	12.9685119047619
7	43	41.4342857142857	14.1163372093023
6	44	42.3483333333333	15.2295454545455
5	45	43.35	16.5000555555556
4	46	44.3625	17.5661956521739
3	47	45.29	18.7698404255319
2	48	46.355	19.8917708333333
1	49	46.96	21.2064285714286
0	50	0	22.37725
