num_of_guilt_driven_amending	num_of_Pavlov	average_fitness_of_guilt_driven_amending	average_fitness_of_Pavlov
50	0	37.0823	0
49	1	36.7622959183674	37.7825
48	2	36.5052083333333	37.24125
47	3	36.1751595744681	37.645
46	4	35.9013586956522	37.33
45	5	35.7260555555556	37.6885
44	6	35.5115909090909	37.815
43	7	35.2374418604651	37.4196428571429
42	8	35.0147023809524	37.8159375
41	9	34.6615853658536	37.8258333333333
40	10	34.4390625	37.94325
39	11	34.1962179487179	37.7627272727273
38	12	33.7250657894737	37.77625
37	13	33.6517567567568	37.9986538461538
36	14	33.3079861111111	38.0346428571429
35	15	33.1556428571429	37.9463333333334
34	16	32.8746323529412	38.12875
33	17	32.6593939393939	38.16
32	18	32.4253125	37.9659722222222
31	19	32.0474193548387	38.2682894736842
30	20	31.81325	38.155125
29	21	31.4870689655172	38.3210714285714
28	22	31.3510714285714	38.3764772727273
27	23	31.0726851851852	38.221847826087
26	24	30.8515384615385	38.5751041666667
25	25	30.4577	38.4916
24	26	30.1907291666667	38.4193269230769
23	27	30.0094565217391	38.4182407407407
22	28	29.7975	38.5130357142857
21	29	29.3844047619048	38.6131896551724
20	30	29.18625	38.6985
19	31	29.0844736842105	38.4740322580645
18	32	28.6430555555556	38.624765625
17	33	28.5480882352941	38.7019696969697
16	34	28.2675	38.8426470588235
15	35	27.796	38.7483571428572
14	36	27.8714285714286	39.0080555555556
13	37	27.4288461538462	38.8160135135135
12	38	27.241875	38.7053947368421
11	39	26.9077272727273	38.7644230769231
10	40	26.50125	39.0075
9	41	26.3438888888889	39.0160365853659
8	42	26.04875	39.0334523809524
7	43	25.9867857142857	39.1597093023256
6	44	25.84	39.0541477272727
5	45	25.334	39.2010555555556
4	46	24.721875	39.0497282608696
3	47	24.7366666666667	39.041914893617
2	48	25.135	39.3899479166667
1	49	24.045	39.2075
0	50	0	39.2462
