num_of_shame_driven_hiding	num_of_Pavlov	average_fitness_of_shame_driven_hiding	average_fitness_of_Pavlov
50	0	30.42995	0
49	1	32.7592857142857	28.865
48	2	34.9579166666667	29.4725
47	3	36.2528191489362	29.2283333333333
46	4	37.5915760869565	29.516875
45	5	38.4038333333333	29.603
44	6	38.9535795454545	30.2820833333333
43	7	39.4138372093023	30.4017857142857
42	8	39.7156547619048	30.49875
41	9	39.9226829268293	30.7230555555556
40	10	40.0498125	31.3135
39	11	40.2101923076923	31.3056818181818
38	12	40.3243421052632	31.514375
37	13	40.2854054054054	31.7682692307692
36	14	40.4122916666667	32.1623214285714
35	15	40.4472857142857	32.0925
34	16	40.4726470588235	32.27015625
33	17	40.6652272727273	32.8711764705882
32	18	40.626875	33.0602777777778
31	19	40.6976612903226	33.2763157894737
30	20	40.7336666666667	33.251375
29	21	40.8111206896552	33.6078571428571
28	22	40.9279464285714	33.9454545454546
27	23	40.8767592592593	34.1597826086957
26	24	41.0478846153846	34.1597916666666
25	25	40.7958	34.749
24	26	41.1705208333333	34.9169230769231
23	27	40.9856521739131	34.9088888888889
22	28	41.1348863636364	35.1274107142857
21	29	41.3438095238095	35.3146551724138
20	30	41.292875	35.5450833333333
19	31	41.2932894736842	35.713064516129
18	32	41.3583333333333	35.93296875
17	33	41.3701470588235	36.2806060606061
16	34	41.35421875	36.3961764705883
15	35	41.4801666666667	36.711
14	36	41.5596428571428	36.6936805555556
13	37	41.4076923076923	36.8293918918919
12	38	41.6489583333333	37.0779605263158
11	39	41.7552272727273	37.2960256410256
10	40	41.77075	37.30725
9	41	41.79	37.7917682926829
8	42	41.830625	37.9302976190476
7	43	42.0939285714286	38.0710465116279
6	44	42.0629166666667	38.2544886363637
5	45	41.8795	38.3871111111111
4	46	41.838125	38.4654891304348
3	47	41.5683333333333	38.801329787234
2	48	42.14625	38.8406770833333
1	49	41.6475	39.1761224489796
0	50	0	39.39425
