num_of_shame_driven_denying	num_of_guilt_driven_amending	average_fitness_of_shame_driven_denying	average_fitness_of_guilt_driven_amending
50	0	22.3471	0
49	1	22.6893367346939	14.105
48	2	23.1882291666667	14.34875
47	3	23.6317553191489	14.5666666666667
46	4	23.9869565217391	15.035
45	5	24.551	15.6565
44	6	24.9696590909091	16.33875
43	7	25.3650581395349	16.5096428571429
42	8	25.8818452380952	17.35625
41	9	26.3446951219512	17.4275
40	10	26.837625	17.8705
39	11	27.2129487179487	18.4259090909091
38	12	27.6661842105263	18.901875
37	13	28.1591216216216	19.4244230769231
36	14	28.5131944444444	20.115
35	15	29.0322857142857	20.3668333333333
34	16	29.4538970588235	20.98078125
33	17	29.8426515151515	21.3498529411765
32	18	30.2384375	21.9776388888889
31	19	30.8170161290323	22.433947368421
30	20	31.1385	22.755375
29	21	31.7280172413793	23.1723809523809
28	22	32.1165178571429	23.7235227272727
27	23	32.4324074074074	24.1441304347826
26	24	32.9415384615385	24.731875
25	25	33.5142	25.2348
24	26	33.8553125	25.6439423076923
23	27	34.3765217391304	26.1357407407407
22	28	34.7196590909091	26.6213392857143
21	29	35.0875	27.0140517241379
20	30	35.68875	27.47675
19	31	36.1575	28.0193548387097
18	32	36.3752777777778	28.460390625
17	33	36.9294117647059	29.0438636363636
16	34	37.31859375	29.4635294117647
15	35	37.943	29.8086428571429
14	36	38.4026785714286	30.3888888888889
13	37	38.7559615384615	30.8351351351351
12	38	39.1279166666667	31.3911184210526
11	39	39.7509090909091	31.7751923076923
10	40	39.921	32.2658125
9	41	40.5797222222222	32.755
8	42	40.9115625	33.2451190476191
7	43	41.28	33.7404651162791
6	44	41.99875	34.2047727272727
5	45	42.491	34.6243333333333
4	46	42.920625	35.0876086956522
3	47	43.1575	35.6220744680851
2	48	43.565	36.1369270833333
1	49	44.275	36.4954591836735
0	50	0	37.0177
