num_of_shame_driven_denying	num_of_Pavlov	average_fitness_of_shame_driven_denying	average_fitness_of_Pavlov
50	0	22.2284	0
49	1	22.9324489795918	17.24
48	2	23.43796875	16.3475
47	3	24.1017021276596	17.8225
46	4	24.7467391304348	18.004375
45	5	25.3909444444445	18.7845
44	6	26.0871590909091	19.8545833333333
43	7	26.6536046511628	19.4307142857143
42	8	27.1608333333333	19.986875
41	9	27.9804268292683	20.6525
40	10	28.4418125	21.09775
39	11	29.0064102564102	21.7575
38	12	29.6513157894737	22.1416666666667
37	13	30.3787162162162	22.2928846153846
36	14	30.9499305555556	22.7317857142857
35	15	31.4687857142857	23.1945
34	16	32.0342647058823	23.4525
33	17	32.5850757575758	24.2064705882353
32	18	33.462890625	24.6308333333333
31	19	33.8245161290323	25.1267105263158
30	20	34.58175	25.802
29	21	35.1314655172414	25.9930952380952
28	22	35.9445535714286	26.1096590909091
27	23	36.5006481481482	26.9367391304348
26	24	37.2246153846154	27.2734375
25	25	37.55	27.6849
24	26	38.145625	28.2831730769231
23	27	38.686847826087	28.962037037037
22	28	39.3618181818182	29.1327678571429
21	29	39.9598809523809	29.641724137931
20	30	40.508875	30.0940833333334
19	31	41.4522368421053	30.5039516129032
18	32	42.0445833333333	30.992421875
17	33	42.6510294117647	31.3081818181818
16	34	42.9428125	32.1018382352941
15	35	43.7283333333333	32.3568571428571
14	36	44.6303571428572	32.8523611111111
13	37	44.7076923076923	33.2359459459459
12	38	45.488125	33.63875
11	39	46.2545454545455	34.1444230769231
10	40	46.70825	34.776
9	41	47.6272222222222	35.3775
8	42	48.26375	35.6090476190476
7	43	48.4732142857143	36.1502325581395
6	44	49.3891666666667	36.6767045454545
5	45	49.875	36.9709444444445
4	46	49.881875	37.4649456521739
3	47	50.3283333333333	37.9248404255319
2	48	51.7175	38.2472395833333
1	49	51.6775	38.9422448979592
0	50	0	39.342
