num_of_shame_driven_hiding	num_of_guilt_driven_amending	average_fitness_of_shame_driven_hiding	average_fitness_of_guilt_driven_amending
50	0	30.4481	0
49	1	32.0190306122449	16.5975
48	2	33.6333333333333	17.28125
47	3	35.0457978723404	17.8141666666667
46	4	36.7275543478261	18.253125
45	5	38.0627222222222	18.948
44	6	39.6136931818182	19.5779166666667
43	7	40.9331976744186	20.1907142857143
42	8	42.2761904761905	20.7415625
41	9	43.6035365853659	21.2738888888889
40	10	44.7899375	21.53475
39	11	45.8849358974359	22.1702272727273
38	12	46.7534210526316	22.86375
37	13	47.6364864864865	23.3596153846154
36	14	48.454375	23.7810714285714
35	15	49.1982857142857	24.1555
34	16	49.7844117647059	24.7615625
33	17	50.3947727272727	25.0905882352941
32	18	50.842578125	25.6029166666667
31	19	51.3146774193548	26.0490789473684
30	20	51.7646666666667	26.53875
29	21	52.1397413793103	26.9934523809524
28	22	52.4085714285714	27.43375
27	23	52.7077777777778	27.7314130434783
26	24	53.1385576923077	28.1
25	25	53.4028	28.4966
24	26	53.7355208333333	28.9657692307692
23	27	54.194347826087	29.3191666666667
22	28	54.2835227272727	29.7900892857143
21	29	54.6519047619048	30.1426724137931
20	30	54.9035	30.461
19	31	55.1444736842105	30.8383870967742
18	32	55.5095833333333	31.214375
17	33	55.7213235294118	31.5259090909091
16	34	56.08421875	31.8964705882353
15	35	56.2206666666667	32.3000714285714
14	36	56.6814285714286	32.6674305555555
13	37	56.7609615384615	32.8856756756757
12	38	57.2247916666667	33.3311842105263
11	39	57.3861363636364	33.6435897435897
10	40	57.5175	33.9555625
9	41	57.9225	34.3819512195122
8	42	58.1934375	34.6861309523809
7	43	58.3417857142857	34.9000581395349
6	44	58.8233333333333	35.2177272727273
5	45	58.6165	35.514
4	46	59.076875	35.8548913043478
3	47	59.1625	36.0845744680851
2	48	59.48625	36.4849479166667
1	49	59.3975	36.6805102040816
0	50	0	37.0714
