num_of_shame_driven_hiding	num_of_shame_driven_denying	average_fitness_of_shame_driven_hiding	average_fitness_of_shame_driven_denying
50	0	30.4185	0
49	1	30.3952040816326	25.19
48	2	30.3338541666667	24.99375
47	3	30.4473404255319	25.4525
46	4	30.3002717391304	25.103125
45	5	30.2711111111111	25.233
44	6	30.1277272727273	24.8420833333333
43	7	29.9843604651163	25.0396428571429
42	8	30.0132142857143	24.8940625
41	9	29.8882317073171	24.9975
40	10	29.766625	24.81
39	11	29.5812179487179	24.6222727272727
38	12	29.40375	24.5875
37	13	29.3005405405405	24.4853846153846
36	14	29.2739583333333	24.2551785714286
35	15	28.9880714285714	24.4833333333333
34	16	28.9234558823529	24.38703125
33	17	28.8302272727272	24.3217647058823
32	18	28.574921875	24.0913888888889
31	19	28.65	24.1881578947368
30	20	28.3510833333333	24.021375
29	21	28.1897413793103	23.9678571428571
28	22	28.2171428571428	23.9311363636364
27	23	28.0362962962963	23.9301086956522
26	24	27.8802884615385	23.8558333333333
25	25	27.59	23.6876
24	26	27.5826041666667	23.5822115384615
23	27	27.4344565217391	23.6161111111111
22	28	27.3571590909091	23.4471428571429
21	29	27.2867857142857	23.2788793103448
20	30	27.214625	23.4006666666667
19	31	27.1172368421053	23.3974193548387
18	32	26.9376388888889	23.27296875
17	33	26.9719117647059	23.3126515151515
16	34	26.63671875	23.03625
15	35	26.6625	23.2445
14	36	26.3978571428571	23.016875
13	37	26.3542307692308	22.9991891891892
12	38	26.12625	22.9284868421052
11	39	26.2545454545455	22.8371153846154
10	40	26.26675	22.905625
9	41	26.1313888888889	22.837743902439
8	42	25.6759375	22.8964880952381
7	43	26.2457142857143	22.6810465116279
6	44	25.6479166666667	22.5779545454546
5	45	25.635	22.534
4	46	25.586875	22.4351630434783
3	47	25.3391666666667	22.4430319148936
2	48	25.24125	22.43671875
1	49	25.3025	22.4247448979592
0	50	0	22.4093
