num_of_TFT_with_trembling_hand	num_of_guilt_driven_amending	average_fitness_of_TFT_with_trembling_hand	average_fitness_of_guilt_driven_amending
50	0	31.14415	0
49	1	31.4130102040816	26.5925
48	2	31.4652083333333	27.2625
47	3	31.7684574468085	27.5116666666667
46	4	31.9184239130435	27.693125
45	5	32.1068888888889	27.7515
44	6	32.3727840909091	28.0279166666667
43	7	32.5979069767442	28.2235714285714
42	8	32.81125	28.3753125
41	9	32.9492073170732	28.5011111111111
40	10	33.072625	28.84775
39	11	33.3065384615384	29.0375
38	12	33.5179605263158	29.2277083333333
37	13	33.7122972972973	29.5146153846154
36	14	33.9270833333333	29.5453571428571
35	15	34.0756428571429	29.9253333333333
34	16	34.2897058823529	29.925625
33	17	34.5057575757576	30.2148529411765
32	18	34.67640625	30.4511111111111
31	19	34.8722580645161	30.6794736842105
30	20	34.9938333333333	30.817125
29	21	35.1425	31.0667857142857
28	22	35.330625	31.3643181818182
27	23	35.6453703703704	31.5161956521739
26	24	35.8241346153846	31.75375
25	25	35.9795	31.8503
24	26	36.2173958333333	32.0077884615385
23	27	36.3007608695652	32.3868518518519
22	28	36.4973863636364	32.5408035714286
21	29	36.7391666666666	32.7298275862069
20	30	36.956875	33.0225833333333
19	31	37.1775	33.1175806451613
18	32	37.3736111111111	33.293671875
17	33	37.6180882352941	33.5515151515151
16	34	37.74078125	33.7183088235294
15	35	37.9488333333333	33.9585714285714
14	36	38.0908928571429	34.1697222222222
13	37	38.3576923076923	34.3930405405406
12	38	38.551875	34.6177631578947
11	39	38.5859090909091	34.8532051282051
10	40	38.8335	35.09
9	41	39.0447222222222	35.1781097560976
8	42	39.203125	35.3879761904762
7	43	39.3503571428571	35.6866860465116
6	44	39.8558333333333	35.7958522727273
5	45	39.943	36.0002777777778
4	46	40.191875	36.3046739130435
3	47	40.2441666666667	36.4636170212766
2	48	40.7175	36.5708333333333
1	49	40.75	36.8694897959184
0	50	0	37.05845
