num_of_TFT_with_trembling_hand	num_of_shame_driven_hiding	average_fitness_of_TFT_with_trembling_hand	average_fitness_of_shame_driven_hiding
50	0	31.237	0
49	1	31.0767857142857	41.0325
48	2	30.9165104166667	41.0125
47	3	30.7928191489362	40.8108333333333
46	4	30.6515217391304	41.06875
45	5	30.5761111111111	40.7575
44	6	30.4619318181818	40.6004166666667
43	7	30.2216860465116	40.7142857142857
42	8	30.1364880952381	40.3834375
41	9	30.0594512195122	40.3877777777778
40	10	29.943875	40.23275
39	11	29.8678846153846	40.1311363636364
38	12	29.6717105263158	40.19875
37	13	29.5496621621622	39.9986538461539
36	14	29.4120833333333	39.8589285714286
35	15	29.3150714285714	39.8098333333333
34	16	29.1344117647059	39.770625
33	17	29.0491666666667	39.4723529411765
32	18	28.853671875	39.7568055555556
31	19	28.8475806451613	39.4757894736842
30	20	28.7020833333333	39.363625
29	21	28.5826724137931	39.0428571428571
28	22	28.3398214285714	39.1290909090909
27	23	28.1698148148148	38.8757608695652
26	24	28.0601923076923	38.8745833333333
25	25	27.9509	38.7435
24	26	27.7767708333333	38.5574038461538
23	27	27.6216304347826	38.5461111111111
22	28	27.5290909090909	38.4344642857143
21	29	27.2815476190476	38.3143965517241
20	30	26.986375	38.28675
19	31	27.1877631578948	38.0662096774193
18	32	26.9052777777778	37.9946875
17	33	26.8119117647059	37.909696969697
16	34	26.6909375	37.7005882352941
15	35	26.5183333333333	37.7010714285714
14	36	26.2941071428572	37.4706944444444
13	37	26.2471153846154	37.4079054054054
12	38	26.180625	37.1803289473684
11	39	25.8247727272727	37.0894230769231
10	40	25.64625	37.003875
9	41	25.6155555555555	36.8189634146341
8	42	25.3471875	36.6947619047619
7	43	25.2639285714286	36.5563953488372
6	44	25.0179166666667	36.40875
5	45	24.8425	36.0588333333333
4	46	24.749375	35.7557065217391
3	47	24.6266666666667	35.1770744680851
2	48	24.605	34.4533333333333
1	49	24.0325	33.034693877551
0	50	0	30.42715
