num_of_TFT_with_trembling_hand	num_of_Pavlov	average_fitness_of_TFT_with_trembling_hand	average_fitness_of_Pavlov
50	0	31.1806	0
49	1	31.2336224489796	31.8275
48	2	31.1557291666667	32.7025
47	3	31.2934574468085	33.29
46	4	31.3302173913043	33.3725
45	5	31.2233333333333	33.2335
44	6	31.3435795454545	33.5525
43	7	31.5750581395349	33.7364285714286
42	8	31.4429166666667	33.889375
41	9	31.4592682926829	33.8386111111111
40	10	31.5304375	34.09925
39	11	31.6416025641026	33.9420454545455
38	12	31.5309868421053	34.3502083333333
37	13	31.6799324324324	34.3009615384615
36	14	31.6878472222222	34.7180357142857
35	15	31.7060714285714	34.6946666666667
34	16	31.8261029411765	34.78046875
33	17	31.762196969697	34.8167647058824
32	18	31.828203125	34.8106944444445
31	19	31.9777419354839	34.9509210526316
30	20	31.8378333333333	35.310625
29	21	31.8147413793103	35.4203571428572
28	22	31.9925	35.68625
27	23	31.8384259259259	35.6164130434783
26	24	32.12125	35.8141666666667
25	25	32.134	36.0027
24	26	32.0939583333333	35.9421153846154
23	27	32.0734782608696	36.3046296296296
22	28	32.2469318181818	36.3479464285714
21	29	32.3628571428572	36.3883620689655
20	30	32.220125	36.4828333333333
19	31	32.2073684210526	36.6077419354839
18	32	32.2476388888889	36.757421875
17	33	32.3733823529412	37.2352272727273
16	34	32.33578125	37.1700735294118
15	35	32.5685	37.1397142857143
14	36	32.5166071428572	37.5895138888889
13	37	32.6817307692308	37.4188513513514
12	38	32.4241666666667	37.7564473684211
11	39	32.8979545454546	37.9217307692307
10	40	32.766	38.06925
9	41	32.6472222222222	38.0235975609756
8	42	32.58125	38.1435714285714
7	43	32.6882142857143	38.3734302325581
6	44	32.3991666666667	38.46875
5	45	33.0225	38.6369444444445
4	46	32.774375	38.5992934782608
3	47	33.0483333333333	38.8912765957447
2	48	32.82125	39.15734375
1	49	32.8025	39.0490816326531
0	50	0	39.22025
