num_of_TFT_with_trembling_hand	num_of_shame_driven_denying	average_fitness_of_TFT_with_trembling_hand	average_fitness_of_shame_driven_denying
50	0	31.23295	0
49	1	30.9675	34.385
48	2	30.7073958333333	33.73625
47	3	30.5054255319149	33.24
46	4	30.2034782608696	33.179375
45	5	29.9726111111111	32.722
44	6	29.6985795454545	32.605
43	7	29.5770930232558	32.5342857142857
42	8	29.2225	32.14125
41	9	29.0467073170732	32.0444444444444
40	10	28.821875	31.7185
39	11	28.538141025641	31.3625
38	12	28.3719078947369	31.2966666666667
37	13	28.1387162162162	30.9309615384615
36	14	27.8663194444444	30.8958928571428
35	15	27.7249285714286	30.6481666666667
34	16	27.2663235294118	30.46140625
33	17	27.0900757575758	30.2223529411765
32	18	26.88265625	29.8480555555556
31	19	26.6810483870968	29.5327631578947
30	20	26.3735	29.32275
29	21	26.2214655172414	29.1861904761905
28	22	26.0071428571429	29.0202272727273
27	23	25.7148148148148	28.6904347826087
26	24	25.3758653846154	28.4034375
25	25	25.2536	28.2282
24	26	25.00875	27.9925
23	27	24.8451086956522	27.8184259259259
22	28	24.5726136363636	27.5297321428572
21	29	24.3973809523809	27.2612068965517
20	30	23.967875	26.9241666666667
19	31	23.9488157894737	26.771935483871
18	32	23.5325	26.62640625
17	33	23.3476470588235	26.2959848484848
16	34	23.1928125	26.1479411764706
15	35	22.8758333333333	25.9034285714286
14	36	22.6319642857143	25.5975
13	37	22.4636538461538	25.4219594594595
12	38	22.2810416666667	25.1426315789474
11	39	21.8777272727273	24.8995512820513
10	40	21.66625	24.666875
9	41	21.5136111111111	24.412743902439
8	42	21.2359375	24.2391071428571
7	43	20.8342857142857	23.9289534883721
6	44	20.6520833333333	23.7367045454545
5	45	20.556	23.4904444444445
4	46	20.4475	23.2838043478261
3	47	20.0183333333333	23.0126595744681
2	48	19.65625	22.7920833333333
1	49	19.5625	22.595306122449
0	50	0	22.30285
