num_of_tit_for_tat	num_of_guilt_driven_amending	average_fitness_of_tit_for_tat	average_fitness_of_guilt_driven_amending
50	0	50	0
49	1	49.6935204081633	49.4325
48	2	49.40453125	49.2525
47	3	49.0797340425532	48.9058333333333
46	4	48.781902173913	48.485
45	5	48.4773333333333	48.402
44	6	48.1943181818182	48.1233333333333
43	7	47.8777325581395	47.9096428571429
42	8	47.5803571428571	47.6490625
41	9	47.2683536585366	47.4458333333333
40	10	46.9931875	47.1335
39	11	46.7024358974359	46.7284090909091
38	12	46.3634210526316	46.7266666666667
37	13	46.075	46.2990384615385
36	14	45.785625	46.1735714285714
35	15	45.4823571428571	45.937
34	16	45.1533823529412	45.7034375
33	17	44.8784090909091	45.2814705882353
32	18	44.56578125	45.0776388888889
31	19	44.2187096774194	44.7907894736842
30	20	43.94725	44.72225
29	21	43.6989655172414	44.337380952381
28	22	43.3709821428571	44.1656818181818
27	23	43.0436111111111	43.8546739130435
26	24	42.7704807692308	43.6410416666667
25	25	42.4712	43.3296
24	26	42.1401041666667	43.1075
23	27	41.8038043478261	42.8111111111111
22	28	41.5730681818182	42.6242857142857
21	29	41.3125	42.3643103448276
20	30	40.976125	42.0395
19	31	40.6514473684211	41.8339516129032
18	32	40.3530555555556	41.573203125
17	33	40.1430882352941	41.3876515151515
16	34	39.75234375	41.1179411764706
15	35	39.44	40.7508571428571
14	36	39.1096428571429	40.5690277777778
13	37	38.9051923076923	40.2977702702703
12	38	38.5360416666667	40.0598026315789
11	39	38.2263636363636	39.8676282051282
10	40	37.91975	39.5755
9	41	37.6694444444444	39.2935975609756
8	42	37.3296875	39.0057738095238
7	43	37.0289285714286	38.7859302325581
6	44	36.71375	38.5280113636364
5	45	36.455	38.2256111111111
4	46	36.0575	38.0210326086957
3	47	36.0458333333333	37.814414893617
2	48	35.27	37.54015625
1	49	34.8575	37.2586224489796
0	50	0	37.07105
