num_of_tit_for_tat	num_of_shame_driven_denying	average_fitness_of_tit_for_tat	average_fitness_of_shame_driven_denying
50	0	50	0
49	1	49.1233673469388	54.7825
48	2	48.2249479166666	54.40375
47	3	47.3194680851064	53.4566666666667
46	4	46.4690217391304	52.680625
45	5	45.5318333333333	52.1655
44	6	44.7202272727273	51.3891666666667
43	7	43.7772093023256	50.6639285714285
42	8	42.9395238095238	50.276875
41	9	42.0537195121951	49.3538888888889
40	10	41.1585	48.812
39	11	40.2779487179487	48.0745454545455
38	12	39.3972368421053	47.5679166666667
37	13	38.4606756756757	46.8536538461538
36	14	37.6555555555556	46.0408928571429
35	15	36.6547857142857	45.6401666666667
34	16	35.8500735294118	44.88578125
33	17	34.8832575757576	44.2054411764706
32	18	34.062734375	43.4126388888889
31	19	33.1273387096774	43.0427631578947
30	20	32.2665833333333	42.32925
29	21	31.3556034482759	41.557380952381
28	22	30.5174107142857	40.9010227272727
27	23	29.7092592592593	40.1461956521739
26	24	28.7554807692308	39.5459375
25	25	27.9048	38.9411
24	26	26.9592708333333	38.1842307692308
23	27	26.0773913043478	37.5056481481482
22	28	25.3740909090909	36.8639285714285
21	29	24.3563095238095	36.330775862069
20	30	23.494	35.4786666666667
19	31	22.7588157894737	34.845564516129
18	32	21.7047222222222	34.21828125
17	33	20.7479411764706	33.6025757575757
16	34	19.7675	32.8675
15	35	19.0788333333333	32.1421428571429
14	36	18.2526785714286	31.6766666666667
13	37	17.2409615384615	31.0491891891892
12	38	16.4491666666667	30.3592105263158
11	39	15.6479545454545	29.7208974358974
10	40	14.66675	28.948
9	41	13.7288888888889	28.2545121951219
8	42	12.7246875	27.5332142857143
7	43	11.9114285714286	26.9986627906977
6	44	10.7358333333333	26.2630681818182
5	45	10.279	25.6911666666667
4	46	9.1975	24.9666847826087
3	47	8.76916666666667	24.2651595744681
2	48	7.51375	23.71359375
1	49	6.6125	22.8983163265306
0	50	0	22.31005
