num_of_tit_for_tat	num_of_shame_driven_hiding	average_fitness_of_tit_for_tat	average_fitness_of_shame_driven_hiding
50	0	50	0
49	1	49.4273469387755	80
48	2	48.8702083333333	79.39
47	3	48.3310638297872	78.8533333333333
46	4	47.7336956521739	78.1825
45	5	47.1762222222222	77.608
44	6	46.5756818181818	76.865
43	7	45.9306976744186	76.4057142857143
42	8	45.3385714285714	75.88625
41	9	44.7785365853659	75.2355555555555
40	10	44.132	74.539
39	11	43.5241025641026	74.0515909090909
38	12	42.9334210526316	73.3022916666667
37	13	42.2786486486486	72.8484615384615
36	14	41.6955555555555	72.1410714285714
35	15	41.0422857142857	71.461
34	16	40.365	70.755625
33	17	39.7012121212121	69.9654411764706
32	18	39.02375	69.2752777777778
31	19	38.3609677419355	68.3218421052631
30	20	37.6823333333333	67.533375
29	21	37.0179310344827	66.6115476190476
28	22	36.2810714285714	65.5626136363636
27	23	35.4714814814815	64.7945652173913
26	24	34.7815384615385	63.7394791666667
25	25	34.1536	62.6616
24	26	33.33875	61.5586538461538
23	27	32.5695652173913	60.4350925925926
22	28	31.825	59.1579464285715
21	29	31.0480952380952	58.1149137931035
20	30	30.326	56.7013333333333
19	31	29.4752631578947	55.5804032258065
18	32	28.6483333333333	54.254765625
17	33	27.8058823529412	53.1904545454545
16	34	26.923125	51.7530882352941
15	35	26.0653333333333	50.4698571428571
14	36	25.1364285714286	49.3415277777778
13	37	24.2446153846154	47.9935135135135
12	38	23.2875	46.5771710526316
11	39	22.2918181818182	45.0769871794872
10	40	21.349	44.0801875
9	41	20.3811111111111	42.5126829268293
8	42	19.19875	41.2720238095238
7	43	18.0057142857143	39.7811627906977
6	44	16.8133333333333	38.4410227272727
5	45	15.684	37.2108888888889
4	46	14.455	35.7305434782609
3	47	13.0633333333333	34.265585106383
2	48	11.65	33.0319270833333
1	49	10	31.6755612244898
0	50	0	30.4082
