num_of_tit_for_tat	num_of_Pavlov	average_fitness_of_tit_for_tat	average_fitness_of_Pavlov
50	0	50	0
49	1	49.3963265306123	49.505
48	2	48.7692708333333	48.73
47	3	48.1393085106383	49.0641666666666
46	4	47.5240217391304	48.735
45	5	46.9189444444444	48.588
44	6	46.2956818181818	48.2729166666667
43	7	45.7159302325582	48.265
42	8	45.0577380952381	47.9378125
41	9	44.5069512195122	47.4483333333333
40	10	43.8644375	47.425
39	11	43.2352564102564	47.1886363636364
38	12	42.6911842105263	46.899375
37	13	41.9637837837838	46.785
36	14	41.4095138888889	46.6226785714286
35	15	40.7685	46.3406666666667
34	16	40.1988235294118	46.2078125
33	17	39.5717424242424	46.0692647058823
32	18	38.95203125	45.9766666666667
31	19	38.3643548387097	45.5353947368421
30	20	37.73775	45.413625
29	21	37.185	45.282380952381
28	22	36.3126785714286	44.9555681818182
27	23	35.8201851851852	44.759347826087
26	24	35.2764423076923	44.7616666666667
25	25	34.7102	44.2246
24	26	34.0821875	44.1035576923077
23	27	33.4069565217391	43.9580555555556
22	28	32.8311363636364	43.706875
21	29	32.1285714285714	43.5321551724138
20	30	31.490625	43.4288333333333
19	31	31.0747368421053	43.0963709677419
18	32	30.2872222222222	43.16328125
17	33	29.7263235294118	42.9291666666667
16	34	29.19015625	42.52625
15	35	28.4921666666667	42.3665
14	36	27.8323214285714	42.1211805555555
13	37	27.3148076923077	41.8480405405405
12	38	26.78375	41.6232894736842
11	39	26.0511363636364	41.245641025641
10	40	25.349	41.310625
9	41	24.7088888888889	41.3158536585366
8	42	24.2846875	41.0075
7	43	23.5664285714286	40.7618604651163
6	44	23.2875	40.5809659090909
5	45	22.3755	40.1762222222222
4	46	21.378125	40.1054347826087
3	47	21.0316666666667	39.9152127659574
2	48	20.25625	39.8827083333333
1	49	19.64	39.3452040816327
0	50	0	39.21405
