num_of_tit_for_tat	num_of_TFT_with_trembling_hand	average_fitness_of_tit_for_tat	average_fitness_of_TFT_with_trembling_hand
50	0	50	0
49	1	49.4588265306123	51.72
48	2	48.9075	51.57125
47	3	48.3674468085106	51.1975
46	4	47.8001630434782	50.901875
45	5	47.2499444444445	50.426
44	6	46.6898295454545	49.95
43	7	46.1497674418605	49.4703571428571
42	8	45.6418452380952	49.0834375
41	9	45.1279268292683	48.6625
40	10	44.53925	48.0735
39	11	43.9894871794872	47.7804545454545
38	12	43.493552631579	47.4172916666667
37	13	42.9160810810811	46.9755769230769
36	14	42.3395833333333	46.4608928571428
35	15	41.7949285714286	46.079
34	16	41.2403676470588	45.6984375
33	17	40.6739393939394	45.1835294117647
32	18	40.171796875	44.8631944444444
31	19	39.678064516129	44.2855263157895
30	20	39.1321666666667	43.86375
29	21	38.5824137931034	43.5946428571429
28	22	38.0179464285714	43.1244318181818
27	23	37.3660185185185	42.7543478260869
26	24	36.9229807692308	42.3129166666667
25	25	36.3231	41.8904
24	26	35.9296875	41.4761538461538
23	27	35.3179347826087	41.0782407407407
22	28	34.7117045454545	40.5426785714286
21	29	34.174880952381	40.1406896551724
20	30	33.5685	39.5973333333333
19	31	33.1127631578947	39.2903225806452
18	32	32.3623611111111	38.800703125
17	33	31.9088235294118	38.3775
16	34	31.50953125	37.9585294117647
15	35	30.912	37.5548571428571
14	36	30.2198214285714	37.1991666666667
13	37	29.7940384615385	36.6793243243243
12	38	29.1470833333333	36.2692763157895
11	39	28.7890909090909	35.8485256410257
10	40	28.09275	35.443125
9	41	27.5294444444444	35.0776829268293
8	42	27.26375	34.6447023809524
7	43	26.57	34.1272674418605
6	44	25.8925	33.7380681818182
5	45	25.284	33.3163888888889
4	46	24.725	32.8266847826087
3	47	24.4758333333333	32.3790957446809
2	48	23.82625	32.0271875
1	49	23.2	31.5657142857143
0	50	0	31.1813
