num_of_always_trembling	num_of_shame_driven_hiding	average_fitness_of_always_trembling	average_fitness_of_shame_driven_hiding
100	0	24.877875	0
99	1	25.0537121212121	9.5075
98	2	25.5428826530612	11.10375
97	3	25.6055412371134	11.1533333333333
96	4	25.8965885416667	11.21
95	5	25.7977105263158	11.861
94	6	26.3509308510638	12.05125
93	7	26.2699731182796	12.2860714285714
92	8	26.6174184782609	12.7221875
91	9	26.6542307692308	12.9622222222222
90	10	26.9108888888889	12.954
89	11	27.1733988764045	13.5238636363636
88	12	27.3919886363636	13.6847916666667
87	13	27.6258045977011	14.0361538461538
86	14	27.63125	14.3569642857143
85	15	28.0394411764706	14.5728333333333
84	16	28.2123214285714	14.67625
83	17	28.2417469879518	15.0516176470588
82	18	28.538993902439	15.1356944444444
81	19	28.7122839506173	15.4809210526316
80	20	28.75034375	15.851
79	21	29.1138924050633	16.0857142857143
78	22	29.2302884615385	16.455
77	23	29.4000324675325	16.8139130434783
76	24	29.6292763157895	16.9491666666667
75	25	29.8201333333333	17.2075
74	26	29.9990878378378	17.6821153846154
73	27	30.2394178082192	17.7078703703704
72	28	30.5500694444444	18.1046428571429
71	29	30.593485915493	18.4562068965517
70	30	30.6566785714286	18.59475
69	31	31.0319927536232	19.0638709677419
68	32	31.2880882352941	19.3496875
67	33	31.3262313432836	19.5068939393939
66	34	31.6054166666667	19.84375
65	35	31.7358461538462	20.063
64	36	32.1928515625	20.3845138888889
63	37	32.2059126984127	20.7456756756757
62	38	32.4598790322581	20.9725657894737
61	39	32.7272540983606	21.4391666666667
60	40	32.661125	21.5335625
59	41	32.8843220338983	22.0112195121951
58	42	33.2534051724138	22.0264285714286
57	43	33.3546052631579	22.3929651162791
56	44	33.5549107142857	22.5841477272727
55	45	33.7979545454545	22.8903333333333
54	46	33.9738888888889	23.225652173913
53	47	34.1095283018868	23.4646808510638
52	48	34.2183173076923	23.8244270833333
51	49	34.6045098039216	24.1225
50	50	34.83235	24.4543
49	51	34.8119387755102	24.6655882352941
48	52	35.2915625	24.9583653846154
47	53	35.1218085106383	25.3316037735849
46	54	35.594402173913	25.5155092592593
45	55	35.8557777777778	25.86
44	56	35.7748863636364	26.2938392857143
43	57	36.1343023255814	26.4989473684211
42	58	36.3351785714286	26.8452586206897
41	59	36.5790243902439	26.9850847457627
40	60	36.656625	27.3764583333333
39	61	36.909358974359	27.7209836065574
38	62	37.0755921052632	28.0409677419355
37	63	37.2621621621622	28.370873015873
36	64	37.2535416666667	28.532421875
35	65	37.4451428571428	28.8651153846154
34	66	37.7369117647059	29.0657196969697
33	67	37.9211363636364	29.4793656716418
32	68	38.31265625	29.7605882352941
31	69	38.3992741935484	30.0864130434783
30	70	38.7521666666667	30.31425
29	71	38.713275862069	30.7855985915493
28	72	39.1108928571429	30.9628819444444
27	73	39.292962962963	31.2504109589041
26	74	39.5300961538462	31.6741554054054
25	75	39.5198	31.9407333333333
24	76	39.7129166666666	32.3254934210526
23	77	39.8501086956521	32.581525974026
22	78	40.1923863636364	32.8647756410256
21	79	40.1058333333333	33.1947784810127
20	80	40.290125	33.5478125
19	81	40.8831578947369	33.8286728395062
18	82	40.8461111111111	34.1479573170732
17	83	40.915	34.4710843373494
16	84	41.23140625	34.6783928571429
15	85	41.5731666666667	35.073
14	86	41.5266071428571	35.3997965116279
13	87	42.0646153846154	35.7240517241379
12	88	42.0539583333333	36.0434659090909
11	89	42.1104545454545	36.4272471910112
10	90	42.269	36.6775555555556
9	91	42.6466666666667	36.9687087912088
8	92	42.821875	37.369375
7	93	43.2292857142857	37.6618010752688
6	94	43.105	37.9909042553192
5	95	43.612	38.3267631578947
4	96	43.220625	38.695078125
3	97	43.5566666666667	38.9923453608247
2	98	44.36625	39.3126530612245
1	99	44.5325	39.6574747474747
0	100	0	40
