num_of_always_cooperate	num_of_guilt_driven_amending	average_fitness_of_always_cooperate	average_fitness_of_guilt_driven_amending
100	0	50	0
99	1	49.6381818181818	76.9025
98	2	49.2687755102041	76.58875
97	3	48.92	76.24
96	4	48.5342708333333	75.803125
95	5	48.1610526315789	75.2085
94	6	47.8426595744681	74.9341666666667
93	7	47.4341935483871	74.4921428571429
92	8	47.0868478260869	74.1559375
91	9	46.7365934065934	73.8677777777778
90	10	46.3757777777778	73.31525
89	11	45.9871910112359	72.8345454545455
88	12	45.6407954545455	72.611875
87	13	45.2903448275862	72.1705769230769
86	14	44.8970930232558	71.7764285714286
85	15	44.5944705882353	71.2915
84	16	44.1895238095238	70.9365625
83	17	43.8239759036145	70.6167647058823
82	18	43.4679268292683	70.2188888888889
81	19	43.1104938271605	69.7532894736842
80	20	42.706375	69.465375
79	21	42.4144303797468	69.1289285714286
78	22	42.0334615384616	68.5663636363636
77	23	41.6598701298701	68.2679347826087
76	24	41.3068421052632	67.7484375
75	25	40.9117333333333	67.3375
74	26	40.5502702702703	67.0770192307692
73	27	40.2516438356164	66.6633333333333
72	28	39.8619444444445	66.1410714285714
71	29	39.3835211267606	65.754224137931
70	30	39.1231428571428	65.4255
69	31	38.7333333333333	65.005564516129
68	32	38.3819117647059	64.601875
67	33	38.0461194029851	64.2362878787879
66	34	37.680303030303	63.7719852941176
65	35	37.2883076923077	63.4447142857143
64	36	36.94546875	63.1044444444445
63	37	36.6096825396825	62.720472972973
62	38	36.2648387096774	62.2985526315789
61	39	35.9165573770492	61.8154487179487
60	40	35.5375	61.4013125
59	41	35.1374576271186	61.0481097560976
58	42	34.7746551724138	60.7308928571429
57	43	34.4494736842105	60.2727325581395
56	44	34.0091071428572	59.9323295454546
55	45	33.6790909090909	59.5122777777778
54	46	33.295	59.0745652173913
53	47	32.9356603773585	58.6526595744681
52	48	32.6257692307692	58.2966666666666
51	49	32.3294117647059	57.9315816326531
50	50	31.8412	57.4935
49	51	31.5222448979592	57.0731372549019
48	52	31.1104166666667	56.6509134615385
47	53	30.7863829787234	56.2147641509434
46	54	30.4191304347826	55.8464814814815
45	55	30.0868888888889	55.4320454545455
44	56	29.7197727272727	55.1214732142857
43	57	29.313488372093	54.6177631578947
42	58	29.0338095238095	54.3105603448276
41	59	28.65	53.9169491525424
40	60	28.232	53.5032083333333
39	61	27.86	53.1820081967213
38	62	27.5044736842105	52.6905241935484
37	63	27.132972972973	52.2148412698413
36	64	26.8647222222222	51.96109375
35	65	26.3788571428572	51.4930769230769
34	66	26.03	51.1414393939394
33	67	25.689696969697	50.7889552238806
32	68	25.28	50.3503308823529
31	69	24.9825806451613	49.8903985507246
30	70	24.6176666666667	49.56825
29	71	24.2144827586207	49.1839436619718
28	72	23.9467857142857	48.7502430555556
27	73	23.4425925925926	48.3864726027397
26	74	23.1119230769231	47.9495608108108
25	75	22.7316	47.5269
24	76	22.4516666666667	47.1476644736842
23	77	22.1330434782609	46.7181493506494
22	78	21.7204545454545	46.385641025641
21	79	21.4109523809524	45.9829430379747
20	80	21.096	45.6628125
19	81	20.7142105263158	45.1388888888889
18	82	20.2438888888889	44.8081097560976
17	83	19.7347058823529	44.4085240963855
16	84	19.545625	44.0064583333333
15	85	19.2186666666667	43.6226176470588
14	86	18.8414285714286	43.1798255813953
13	87	18.4946153846154	42.794224137931
12	88	18.0275	42.4034375
11	89	17.7709090909091	41.9373033707865
10	90	17.389	41.6403333333333
9	91	17.05	41.2265659340659
8	92	16.72375	40.7905163043478
7	93	16.1685714285714	40.4435215053763
6	94	15.7633333333333	39.9827127659575
5	95	15.4	39.6077631578947
4	96	15.21	39.2048958333333
3	97	14.63	38.8157216494845
2	98	14.24	38.4389540816326
1	99	14.12	38.0030303030303
0	100	0	37.624125
