num_of_always_cooperate	num_of_Pavlov	average_fitness_of_always_cooperate	average_fitness_of_Pavlov
100	0	50	0
99	1	49.4106060606061	124.5275
98	2	48.8217346938776	122.765
97	3	48.2073195876289	122.535833333333
96	4	47.6057291666667	122.39
95	5	46.9993684210527	121.0365
94	6	46.4565957446808	120.18125
93	7	45.8241935483871	120.408928571429
92	8	45.2308695652174	119.2959375
91	9	44.6394505494506	118.365277777778
90	10	44.0323333333333	117.6955
89	11	43.4804494382022	117.195909090909
88	12	42.8151136363636	116.057083333333
87	13	42.2093103448276	115.357692307692
86	14	41.6770930232558	114.952142857143
85	15	41.0305882352941	114.473666666667
84	16	40.4457142857143	113.5534375
83	17	39.9287951807229	112.543382352941
82	18	39.3085365853658	111.500277777778
81	19	38.6776543209877	111.067105263158
80	20	37.98325	110.03125
79	21	37.4192405063291	109.554523809524
78	22	36.8696153846154	108.366022727273
77	23	36.298961038961	108.169565217391
76	24	35.718947368421	107.172291666667
75	25	35.1128	106.5893
74	26	34.5364864864865	105.785288461538
73	27	33.8771232876712	105.14287037037
72	28	33.28	104.226517857143
71	29	32.7778873239437	103.603534482759
70	30	31.92	102.493
69	31	31.5284057971015	101.99564516129
68	32	30.9598529411765	101.55203125
67	33	30.2808955223881	100.54446969697
66	34	29.7489393939394	99.6196323529412
65	35	29.2929230769231	98.9151428571429
64	36	28.5115625	98.5071527777778
63	37	27.9193650793651	97.5064189189189
62	38	27.2538709677419	96.3568421052632
61	39	26.8298360655738	95.9820512820513
60	40	26.1126666666667	95.1905
59	41	25.5354237288136	94.600731707317
58	42	24.8791379310345	93.9818452380953
57	43	24.3415789473684	93.3626162790698
56	44	23.6983928571429	92.2157386363637
55	45	23.1741818181818	91.3982777777778
54	46	22.6524074074074	90.9954347826087
53	47	21.9479245283019	89.9675531914894
52	48	21.4109615384615	89.3580208333334
51	49	20.648431372549	88.4919387755102
50	50	20.187	87.72785
49	51	19.5142857142857	87.0972549019608
48	52	19.0425	86.1651923076923
47	53	18.348085106383	85.6332075471698
46	54	17.9445652173913	84.6838425925926
45	55	17.3144444444444	84.0385909090909
44	56	16.5315909090909	83.3133035714286
43	57	16.0283720930233	82.7953070175438
42	58	15.3914285714286	81.8798275862069
41	59	14.7280487804878	81.1646610169491
40	60	14.07525	80.3469583333333
39	61	13.5984615384615	79.8677049180328
38	62	12.9571052631579	78.6374596774194
37	63	12.3151351351351	77.9500793650794
36	64	11.8880555555556	77.221796875
35	65	11.1671428571429	76.6830769230769
34	66	10.6129411764706	75.9569318181819
33	67	10.2557575757576	75.0890671641791
32	68	9.334375	74.4092647058823
31	69	8.7458064516129	73.7993115942029
30	70	8.19566666666667	72.8983928571429
29	71	7.68	72.2214084507042
28	72	7.00714285714286	71.4496527777777
27	73	6.69777777777778	70.8178767123288
26	74	5.71192307692308	69.8443243243243
25	75	5.4208	69.1661
24	76	4.76791666666667	68.5012171052631
23	77	3.87347826086957	67.7208116883117
22	78	3.53409090909091	67.0174038461538
21	79	2.89190476190476	66.1701265822785
20	80	2.396	65.49553125
19	81	1.8621052631579	64.7532716049383
18	82	1.32	64.0471646341463
17	83	0.328235294117647	63.3412048192771
16	84	-0.348125	62.3728869047619
15	85	-0.704	61.7386176470588
14	86	-1.31	60.9691569767442
13	87	-1.64384615384615	60.2364367816092
12	88	-2.71583333333333	59.4326136363636
11	89	-3.06727272727273	58.6576123595505
10	90	-3.588	58.04125
9	91	-4.02222222222222	57.1476098901099
8	92	-4.295	56.6059782608696
7	93	-5.51714285714286	55.8483333333333
6	94	-6.03333333333333	55.1185372340426
5	95	-7.01	54.2495526315789
4	96	-7.1325	53.4765885416667
3	97	-8.29333333333333	52.7396134020618
2	98	-8.155	52.1282142857143
1	99	-8.57	51.2917171717172
0	100	0	50.637825
