num_of_always_defect	num_of_guilt_driven_amending	average_fitness_of_always_defect	average_fitness_of_guilt_driven_amending
100	0	0	0
99	1	0.805555555555555	-59.6175
98	2	1.60377551020408	-58.76
97	3	2.40824742268041	-57.5991666666667
96	4	3.20979166666667	-56.600625
95	5	4.01705263157895	-55.757
94	6	4.83117021276596	-54.6783333333333
93	7	5.6305376344086	-53.7267857142857
92	8	6.42489130434782	-52.824375
91	9	7.22076923076923	-51.7716666666667
90	10	8.04788888888889	-50.6685
89	11	8.83662921348314	-49.9636363636364
88	12	9.66295454545455	-48.81875
87	13	10.4494252873563	-47.796923076923
86	14	11.2225581395349	-46.8671428571428
85	15	12.0327058823529	-45.9505
84	16	12.8542857142857	-44.918125
83	17	13.6457831325301	-43.9901470588235
82	18	14.4514634146341	-42.8872222222222
81	19	15.2488888888889	-41.9757894736842
80	20	16.052	-40.95325
79	21	16.8649367088608	-39.9244047619048
78	22	17.6410256410256	-39.0105681818182
77	23	18.474025974026	-37.9891304347826
76	24	19.2864473684211	-37.0329166666667
75	25	20.0524	-36.1689
74	26	20.8855405405405	-35.1090384615385
73	27	21.6852054794521	-34.1319444444444
72	28	22.5102777777778	-33.1372321428571
71	29	23.3066197183099	-32.1511206896552
70	30	24.0608571428572	-31.19125
69	31	24.8594202898551	-30.053629032258
68	32	25.6836764705882	-29.212265625
67	33	26.4507462686567	-28.2065909090909
66	34	27.2871212121212	-27.2264705882353
65	35	28.0916923076923	-26.2563571428571
64	36	28.92796875	-25.2758333333333
63	37	29.7333333333333	-24.312027027027
62	38	30.5404838709677	-23.2155921052632
61	39	31.3288524590164	-22.2667307692308
60	40	32.1318333333333	-21.256625
59	41	32.9362711864407	-20.3648170731707
58	42	33.7556896551724	-19.4764880952381
57	43	34.5338596491228	-18.3433720930233
56	44	35.3571428571429	-17.4071022727273
55	45	36.1623636363636	-16.3866111111111
54	46	36.972037037037	-15.3375
53	47	37.7562264150944	-14.4285638297872
52	48	38.5665384615384	-13.44890625
51	49	39.3582352941177	-12.4251020408163
50	50	40.1182	-11.49305
49	51	40.9204081632653	-10.4981862745098
48	52	41.70875	-9.63447115384615
47	53	42.5640425531915	-8.5625
46	54	43.3276086956522	-7.56773148148148
45	55	44.1495555555556	-6.52895454545455
44	56	44.9327272727273	-5.65526785714286
43	57	45.8044186046512	-4.60912280701754
42	58	46.5640476190476	-3.73913793103448
41	59	47.4275609756098	-2.67177966101695
40	60	48.23525	-1.58620833333333
39	61	48.9848717948718	-0.691885245901639
38	62	49.8405263157895	0.314274193548387
37	63	50.6116216216216	1.19539682539683
36	64	51.4108333333333	2.2571875
35	65	52.1531428571428	3.29026923076923
34	66	52.9264705882353	4.24791666666667
33	67	53.7654545454546	5.24917910447761
32	68	54.5715625	6.24257352941177
31	69	55.3470967741936	7.15746376811595
30	70	56.1956666666667	8.22917857142857
29	71	57.0548275862069	9.1812323943662
28	72	57.8014285714286	10.1074305555556
27	73	58.6314814814815	11.0901369863014
26	74	59.3830769230769	12.1264864864865
25	75	60.2712	13.033
24	76	60.9879166666667	14.0044078947368
23	77	61.8313043478261	15.0245779220779
22	78	62.7031818181818	16.146858974359
21	79	63.3447619047619	17.0324367088608
20	80	64.269	17.90490625
19	81	65.0426315789474	18.9168827160494
18	82	65.8461111111111	19.9372865853658
17	83	66.5135294117647	20.9348192771084
16	84	67.489375	21.9275595238095
15	85	68.1366666666667	22.8465882352941
14	86	69.1128571428571	23.8317441860465
13	87	69.9030769230769	24.8247413793103
12	88	70.4458333333333	25.8110795454545
11	89	71.4054545454545	26.7281741573034
10	90	72.437	27.7147222222222
9	91	73.0788888888889	28.778543956044
8	92	73.70875	29.7644293478261
7	93	74.5457142857143	30.7054032258064
6	94	75.4683333333333	31.6897872340425
5	95	76.332	32.7283421052632
4	96	77.3125	33.635859375
3	97	77.76	34.6926030927835
2	98	78.605	35.6232908163265
1	99	79.29	36.6415151515151
0	100	0	37.6441
