num_of_always_defect	num_of_TFT_with_trembling_hand	average_fitness_of_always_defect	average_fitness_of_TFT_with_trembling_hand
100	0	0	0
99	1	0.806464646464647	-59.805
98	2	1.60918367346939	-58.4825
97	3	2.41237113402062	-57.545
96	4	3.21197916666667	-56.89375
95	5	4.01926315789474	-55.9895
94	6	4.8286170212766	-54.8670833333333
93	7	5.61731182795699	-53.785
92	8	6.42184782608696	-53.16375
91	9	7.21857142857143	-51.9233333333333
90	10	8.02622222222222	-51.01475
89	11	8.84629213483145	-50.1713636363637
88	12	9.63670454545454	-49.2152083333334
87	13	10.4512643678161	-48.1878846153846
86	14	11.2617441860465	-47.1641071428572
85	15	12.0498823529412	-46.283
84	16	12.8554761904762	-45.30171875
83	17	13.6739759036145	-44.4026470588235
82	18	14.4743902439024	-43.4523611111111
81	19	15.2254320987654	-42.3143421052632
80	20	16.042375	-41.512125
79	21	16.8522784810127	-40.5547619047619
78	22	17.6442307692308	-39.6059090909091
77	23	18.4541558441558	-38.701847826087
76	24	19.2622368421053	-37.743125
75	25	20.0866666666667	-36.7538
74	26	20.8693243243243	-35.7750961538461
73	27	21.6943835616438	-34.8017592592592
72	28	22.5026388888889	-33.9366071428571
71	29	23.2801408450704	-32.963275862069
70	30	24.0908571428571	-31.9579166666667
69	31	24.9073913043478	-31.0783870967742
68	32	25.7220588235294	-29.96859375
67	33	26.4946268656716	-29.0748484848485
66	34	27.2787878787879	-28.1911764705882
65	35	28.1204615384615	-27.2851428571429
64	36	28.87796875	-26.1909027777778
63	37	29.6993650793651	-25.3521621621622
62	38	30.5535483870968	-24.3473026315789
61	39	31.3652459016394	-23.3049358974359
60	40	32.1245	-22.4148125
59	41	32.9527118644068	-21.5148780487805
58	42	33.705	-20.509880952381
57	43	34.5201754385965	-19.6751744186047
56	44	35.3535714285714	-18.7075
55	45	36.1267272727273	-17.6325
54	46	36.9214814814815	-16.7651630434783
53	47	37.718679245283	-15.8734042553191
52	48	38.5442307692308	-14.86609375
51	49	39.3666666666667	-13.8888775510204
50	50	40.1354	-12.87495
49	51	40.99	-12.0468137254902
48	52	41.7985416666667	-11.0251923076923
47	53	42.5363829787234	-10.0121226415094
46	54	43.2715217391304	-9.09027777777778
45	55	44.1062222222222	-8.17036363636364
44	56	44.9302272727273	-7.22147321428571
43	57	45.7381395348837	-6.23574561403509
42	58	46.6092857142857	-5.31974137931035
41	59	47.3653658536585	-4.38817796610169
40	60	48.14925	-3.38608333333333
39	61	49.0574358974359	-2.46668032786885
38	62	49.7671052631579	-1.30370967741935
37	63	50.607027027027	-0.522063492063492
36	64	51.4216666666667	0.513828125
35	65	52.1488571428572	1.37884615384615
34	66	52.8976470588235	2.31136363636364
33	67	53.8730303030303	3.2305223880597
32	68	54.585	4.22882352941176
31	69	55.4458064516129	5.24992753623188
30	70	56.2336666666667	6.13975
29	71	57.0662068965517	7.12200704225352
28	72	57.76	8.04225694444444
27	73	58.6607407407407	8.97263698630137
26	74	59.3815384615385	9.95533783783784
25	75	60.1068	10.9100333333333
24	76	61.0258333333333	11.8990131578947
23	77	61.8160869565218	12.8647402597403
22	78	62.5309090909091	13.7408974358974
21	79	63.4961904761905	14.7540506329114
20	80	64.2285	15.7086875
19	81	64.8252631578947	16.5885802469136
18	82	65.8216666666667	17.5696341463415
17	83	66.6747058823529	18.5280120481928
16	84	67.435625	19.5940476190476
15	85	68.208	20.4749411764706
14	86	69.2457142857143	21.4050290697674
13	87	69.9046153846154	22.3569540229885
12	88	70.785	23.3061363636364
11	89	71.4390909090909	24.2860112359551
10	90	72.263	25.2191111111111
9	91	73.0955555555555	26.1455494505495
8	92	73.71	27.0742391304348
7	93	74.76	28.1006989247312
6	94	75.28	28.9834308510638
5	95	76.294	29.9789210526316
4	96	76.985	30.9699479166667
3	97	77.3066666666667	31.8744072164948
2	98	78.615	32.8490306122449
1	99	79.36	33.8106565656566
0	100	0	34.743125
