num_of_always_defect	num_of_Pavlov	average_fitness_of_always_defect	average_fitness_of_Pavlov
100	0	0	0
99	1	1.19616161616162	-74.8575
98	2	2.37336734693878	-73.82
97	3	3.58103092783505	-72.4516666666666
96	4	4.76427083333333	-71.36375
95	5	5.92926315789474	-70.294
94	6	7.12127659574468	-68.9170833333333
93	7	8.34118279569892	-67.5110714285714
92	8	9.5329347826087	-66.2759375
91	9	10.7971428571429	-64.9144444444444
90	10	11.9124444444444	-63.89925
89	11	13.1483146067416	-62.3756818181818
88	12	14.32875	-61.1945833333333
87	13	15.417816091954	-59.8026923076923
86	14	16.6718604651163	-58.3082142857143
85	15	17.9091764705882	-57.6078333333333
84	16	19.0529761904762	-56.13453125
83	17	20.3260240963855	-54.8454411764706
82	18	21.4306097560975	-53.4655555555555
81	19	22.6311111111111	-52.2703947368421
80	20	23.839625	-50.974625
79	21	25.0112658227848	-49.6311904761905
78	22	26.1733333333333	-48.4293181818182
77	23	27.3881818181818	-47.2548913043478
76	24	28.5318421052632	-45.8996875
75	25	29.7681333333333	-44.6416
74	26	30.9483783783784	-43.2990384615384
73	27	32.1882191780822	-42.0844444444444
72	28	33.3305555555555	-40.8978571428571
71	29	34.547323943662	-39.3401724137931
70	30	35.7921428571428	-38.3270833333333
69	31	36.793768115942	-37.1147580645161
68	32	38.0573529411765	-35.91265625
67	33	39.2931343283582	-34.6512878787879
66	34	40.5368181818182	-33.2888235294118
65	35	41.668	-31.7890714285715
64	36	42.81109375	-30.6380555555556
63	37	44.0931746031746	-29.4061486486487
62	38	45.3093548387097	-28.2430263157895
61	39	46.3780327868852	-27.0248717948718
60	40	47.6106666666667	-25.8338125
59	41	48.7361016949153	-24.2943292682927
58	42	50.0127586206896	-23.2392261904762
57	43	51.2538596491228	-21.8972674418605
56	44	52.2641071428571	-20.4550568181818
55	45	53.5607272727273	-19.2581666666667
54	46	54.7894444444444	-17.8474456521739
53	47	55.9856603773585	-16.6576595744681
52	48	57.0388461538462	-15.35875
51	49	58.2896078431373	-14.0396428571429
50	50	59.5296	-12.68675
49	51	60.6955102040816	-11.748137254902
48	52	61.9497916666667	-10.5101442307692
47	53	63.0253191489362	-9.16641509433963
46	54	64.3171739130435	-7.76754629629629
45	55	65.5704444444444	-6.4965
44	56	66.7804545454545	-5.22941964285714
43	57	67.8809302325582	-4.10285087719298
42	58	69.0352380952381	-2.85262931034483
41	59	70.2375609756098	-1.5414406779661
40	60	71.49825	-0.192791666666667
39	61	72.7330769230769	0.988032786885246
38	62	73.9092105263158	2.36076612903226
37	63	75.0356756756757	3.66305555555555
36	64	76.3261111111111	4.915546875
35	65	77.4474285714286	6.13973076923077
34	66	78.5641176470588	7.38977272727273
33	67	79.8393939393939	8.64268656716418
32	68	81.1659375	10.0450367647059
31	69	82.2548387096775	11.2261594202899
30	70	83.3736666666667	12.48275
29	71	84.4686206896552	13.7084154929577
28	72	85.6921428571429	15.0711111111111
27	73	87.0466666666667	16.2415068493151
26	74	88.2007692307692	17.5426013513514
25	75	89.3176	18.9308
24	76	90.3970833333334	20.1139802631579
23	77	91.7195652173913	21.382012987013
22	78	92.9836363636364	22.7802564102564
21	79	93.9733333333334	23.8911392405063
20	80	95.3775	25.07746875
19	81	96.331052631579	26.4491358024691
18	82	97.5772222222222	27.7271341463415
17	83	98.7764705882353	29.0433734939759
16	84	99.965625	30.2375297619048
15	85	101.233333333333	31.6384117647059
14	86	102.587857142857	32.8086918604651
13	87	103.556153846154	34.1741954022988
12	88	104.815	35.36
11	89	105.846363636364	36.5758707865168
10	90	107.034	37.9253888888889
9	91	108.501111111111	39.1170054945055
8	92	109.5975	40.3079076086956
7	93	110.832857142857	41.7236559139785
6	94	111.675	42.8630053191489
5	95	113.058	44.0602894736842
4	96	114.025	45.5329427083334
3	97	115.676666666667	46.7955670103093
2	98	116.275	47.9592857142857
1	99	117.21	49.2450252525253
0	100	0	50.654725
