num_of_always_cooperate	num_of_TFT_with_trembling_hand	average_fitness_of_always_cooperate	average_fitness_of_TFT_with_trembling_hand
100	0	50	0
99	1	49.5923232323232	80
98	2	49.1967346938776	79.5025
97	3	48.7584536082474	79.0933333333333
96	4	48.39125	78.660625
95	5	47.982947368421	78.172
94	6	47.58	77.7145833333333
93	7	47.1651612903225	77.3425
92	8	46.7686956521739	76.7721875
91	9	46.3439560439561	76.3219444444445
90	10	45.9516666666667	75.846
89	11	45.5615730337079	75.3845454545455
88	12	45.1635227272727	74.9735416666667
87	13	44.7363218390804	74.4513461538462
86	14	44.3494186046512	73.9833928571429
85	15	43.9355294117647	73.598
84	16	43.5289285714286	73.199375
83	17	43.1198795180723	72.7235294117647
82	18	42.7319512195122	72.2776388888889
81	19	42.3293827160494	71.7189473684211
80	20	41.949375	71.337125
79	21	41.5521518987342	70.8864285714286
78	22	41.1814102564103	70.4185227272728
77	23	40.6811688311688	69.9432608695652
76	24	40.3121052631579	69.4870833333333
75	25	39.8958666666667	69.1135
74	26	39.5125675675676	68.4853846153846
73	27	39.0968493150685	68.0956481481481
72	28	38.6545833333333	67.5897321428571
71	29	38.3119718309859	67.1700862068966
70	30	37.8428571428572	66.7335
69	31	37.495652173913	66.2528225806451
68	32	37.0913235294118	65.792578125
67	33	36.6922388059701	65.3590151515152
66	34	36.2825757575758	64.8519852941177
65	35	35.8718461538462	64.4196428571429
64	36	35.4703125	64.0438194444444
63	37	35.1123809523809	63.4928378378379
62	38	34.648064516129	63.1765789473684
61	39	34.2611475409836	62.6276923076923
60	40	33.8445	62.1738125
59	41	33.4123728813559	61.7104268292683
58	42	32.9789655172414	61.3178571428571
57	43	32.6214035087719	60.7257558139535
56	44	32.3021428571428	60.4091477272727
55	45	31.7872727272727	59.9349444444444
54	46	31.3890740740741	59.4586413043478
53	47	31.0403773584906	58.9110106382979
52	48	30.6101923076923	58.5049479166667
51	49	30.2150980392157	58.0705612244898
50	50	29.8188	57.601
49	51	29.4042857142857	57.1954411764706
48	52	29.016875	56.7318269230769
47	53	28.5521276595745	56.2770283018868
46	54	28.1552173913043	55.784537037037
45	55	27.748	55.3583181818182
44	56	27.3747727272727	54.7694196428571
43	57	27.0209302325581	54.3368421052632
42	58	26.6095238095238	53.9040517241379
41	59	26.190243902439	53.503813559322
40	60	25.755	53.040375
39	61	25.3848717948718	52.5217213114754
38	62	24.9605263157895	52.0991129032258
37	63	24.4927027027027	51.7296428571429
36	64	24.1530555555556	51.14515625
35	65	23.7111428571429	50.7582692307692
34	66	23.3358823529412	50.3370075757576
33	67	22.9818181818182	49.7925
32	68	22.488125	49.3548529411765
31	69	22.1087096774194	48.9436956521739
30	70	21.7403333333333	48.4000357142857
29	71	21.3241379310345	47.9807394366197
28	72	20.8042857142857	47.5369097222222
27	73	20.5455555555556	47.0690410958904
26	74	20.1180769230769	46.5772972972973
25	75	19.766	46.1913333333333
24	76	19.3695833333333	45.6839802631579
23	77	18.8417391304348	45.252012987013
22	78	18.5359090909091	44.8050961538461
21	79	18.1171428571429	44.337246835443
20	80	17.648	43.8848125
19	81	17.2363157894737	43.4514197530864
18	82	16.8311111111111	42.9606402439024
17	83	16.4629411764706	42.5338554216867
16	84	16.208125	42.1047023809524
15	85	15.574	41.6214117647059
14	86	15.2457142857143	41.1256976744186
13	87	14.7415384615385	40.6929885057471
12	88	14.5075	40.253125
11	89	13.9809090909091	39.7656460674157
10	90	13.596	39.35075
9	91	13.1988888888889	38.8908791208791
8	92	12.83875	38.4595108695652
7	93	12.4014285714286	38.0070161290323
6	94	11.975	37.4932978723404
5	95	11.634	37.058
4	96	11.1275	36.5321354166667
3	97	10.8566666666667	36.1120103092783
2	98	10.355	35.6271173469388
1	99	10	35.2319444444445
0	100	0	34.735225
