num_of_always_trembling	num_of_guilt_driven_amending	average_fitness_of_always_trembling	average_fitness_of_guilt_driven_amending
100	0	24.875275	0
99	1	25.1359090909091	6.485
98	2	25.4724234693878	6.64125
97	3	25.6078865979382	6.59583333333334
96	4	26.161328125	7.695625
95	5	26.2764736842105	7.3445
94	6	26.5424468085106	7.96541666666666
93	7	26.6387903225807	8.05607142857143
92	8	27.0233967391304	8.3475
91	9	27.2847527472527	8.955
90	10	27.5427777777778	9.10274999999999
89	11	27.9279494382022	9.87363636363637
88	12	27.829375	9.84354166666667
87	13	28.2085344827586	10.2190384615385
86	14	28.6833720930232	10.2791071428571
85	15	28.8354117647059	10.9035
84	16	28.9569940476191	10.763125
83	17	29.1727108433735	11.5808823529412
82	18	29.7795426829268	11.6980555555556
81	19	29.7598456790124	11.9415789473684
80	20	30.0115625	12.40975
79	21	30.3403164556962	12.7192857142857
78	22	30.6834615384616	12.8953409090909
77	23	30.7331818181818	13.1309782608696
76	24	30.9288486842105	13.7501041666667
75	25	31.4522333333333	14.0487
74	26	31.7418918918919	14.2316346153846
73	27	31.6024657534246	14.4982407407407
72	28	32.1884027777778	14.5733035714286
71	29	32.3045774647887	15.1705172413793
70	30	32.668	15.555
69	31	32.8634782608696	15.715564516129
68	32	32.8960661764706	15.9334375
67	33	33.2601119402985	16.4578787878788
66	34	33.4430303030303	16.7836764705882
65	35	33.8656923076923	16.9049285714286
64	36	34.0737109375	17.3498611111111
63	37	34.3393253968254	17.6610810810811
62	38	34.5213709677419	17.7609210526316
61	39	34.7440163934426	18.4210256410256
60	40	35.1409166666667	18.681375
59	41	35.1169915254237	18.9681707317073
58	42	35.5300431034483	19.2791071428571
57	43	35.7400877192982	19.5816279069767
56	44	36.1342857142857	19.858125
55	45	36.357	20.3575555555555
54	46	36.7132407407407	20.4969565217391
53	47	36.5833962264151	20.9168085106383
52	48	37.035	21.1350520833333
51	49	37.2378431372549	21.4375
50	50	37.572	21.7711
49	51	37.7040816326531	22.1343137254902
48	52	38.1499479166667	22.425
47	53	38.358085106383	22.8518867924528
46	54	38.4507065217391	23.0825925925926
45	55	38.9271666666667	23.4588181818182
44	56	39.0952272727273	23.7105803571429
43	57	39.2547674418605	24.0524122807018
42	58	39.4927976190476	24.3842672413793
41	59	39.7728048780488	24.6263983050847
40	60	39.9164375	24.9017916666667
39	61	40.229358974359	25.2654098360656
38	62	40.5144078947368	25.5351612903226
37	63	40.7097972972973	25.8676190476191
36	64	41.1300694444444	26.1997265625
35	65	41.3202857142857	26.5043076923077
34	66	41.6331617647059	26.9361742424242
33	67	41.9480303030303	27.1239179104478
32	68	42.224375	27.5151102941176
31	69	42.3392741935484	27.7514492753623
30	70	42.6413333333333	28.0640357142857
29	71	42.9030172413793	28.4346126760563
28	72	43.1002678571429	28.6996527777778
27	73	43.4021296296296	29.0536643835616
26	74	43.6651923076923	29.4062837837838
25	75	43.8638	29.7916
24	76	44.4233333333333	30.1286842105263
23	77	44.2270652173913	30.2840909090909
22	78	44.6642045454545	30.5991025641026
21	79	45.0105952380952	30.954335443038
20	80	45.312875	31.32915625
19	81	45.4288157894737	31.6783333333333
18	82	45.5004166666667	31.8570121951219
17	83	45.8257352941176	32.3375903614458
16	84	46.1046875	32.5727976190476
15	85	46.5371666666667	32.8898235294118
14	86	46.5625	33.1958430232558
13	87	46.8276923076923	33.5485057471264
12	88	46.9514583333333	33.8592329545454
11	89	47.1904545454546	34.1380337078652
10	90	47.57425	34.4366388888889
9	91	47.9777777777778	34.807032967033
8	92	48.25125	35.1110597826087
7	93	48.5739285714286	35.3951612903226
6	94	48.7579166666667	35.7301861702128
5	95	48.473	36.0090526315789
4	96	49.225625	36.3400260416667
3	97	49.3041666666667	36.6064175257732
2	98	49.3425	36.9683163265306
1	99	49.8675	37.3063888888889
0	100	0	37.59
