num_of_always_cooperate	num_of_shame_driven_denying	average_fitness_of_always_cooperate	average_fitness_of_shame_driven_denying
100	0	50	0
99	1	49.3010101010101	100.88
98	2	48.6441836734694	101.01875
97	3	47.979793814433	100.125833333333
96	4	47.2238541666667	99.66875
95	5	46.5118947368421	98.542
94	6	45.8381914893617	97.7179166666667
93	7	45.189247311828	96.7746428571429
92	8	44.4708695652174	96.2246875
91	9	43.8123076923077	95.4866666666666
90	10	43.1358888888889	94.85325
89	11	42.3298876404494	94.2220454545455
88	12	41.7038636363636	93.4664583333333
87	13	40.9534482758621	92.6998076923077
86	14	40.3041860465116	91.9341071428572
85	15	39.6171764705882	91.0666666666666
84	16	38.9072619047619	90.32296875
83	17	38.1907228915663	89.5877941176471
82	18	37.5480487804878	88.8358333333334
81	19	36.9217283950617	88.213947368421
80	20	36.132375	87.406375
79	21	35.3594936708861	86.8645238095238
78	22	34.8380769230769	86.1228409090909
77	23	34.0514285714286	85.4586956521739
76	24	33.3877631578947	84.6205208333333
75	25	32.6278666666667	83.8098
74	26	31.9895945945946	83.2596153846154
73	27	31.377397260274	82.5067592592592
72	28	30.6327777777778	81.6216071428572
71	29	29.8160563380282	80.8312931034483
70	30	29.2505714285714	80.402
69	31	28.6207246376812	79.5266129032258
68	32	27.9242647058823	78.753203125
67	33	27.1373134328358	78.150303030303
66	34	26.4569696969697	77.2853676470588
65	35	25.742	76.4593571428572
64	36	25.143125	75.9282638888889
63	37	24.4474603174603	75.1835810810811
62	38	23.8041935483871	74.6825657894737
61	39	23.147868852459	73.611858974359
60	40	22.2513333333333	72.8433125
59	41	21.5686440677966	72.3189024390244
58	42	20.9725862068966	71.5800595238095
57	43	20.3589473684211	70.8438953488372
56	44	19.6657142857143	70.2463636363636
55	45	18.9029090909091	69.5311666666667
54	46	18.1077777777778	68.6948913043478
53	47	17.4092452830189	68.0775
52	48	16.8665384615385	67.1954166666666
51	49	16.0878431372549	66.3412244897959
50	50	15.4502	65.6836
49	51	14.8759183673469	64.891568627451
48	52	14.12	64.1112980769231
47	53	13.4110638297872	63.5327830188679
46	54	12.6202173913043	62.9543055555555
45	55	11.9473333333333	62.2883181818182
44	56	11.3329545454545	61.5090625
43	57	10.6476744186047	60.6847368421053
42	58	9.85261904761905	59.9203017241379
41	59	9.15512195121951	59.1421186440678
40	60	8.522	58.4939583333333
39	61	7.75076923076923	57.8367213114754
38	62	7.06736842105263	57.03125
37	63	6.46675675675676	56.2577380952381
36	64	5.82694444444444	55.4973046875
35	65	5.19028571428572	54.6441538461538
34	66	4.48529411764706	54.2736363636364
33	67	3.43121212121212	53.5218656716418
32	68	3.10625	52.7900367647059
31	69	2.16677419354839	51.9755797101449
30	70	1.47933333333333	51.3701071428572
29	71	0.818620689655172	50.6760915492958
28	72	0.2775	49.8727430555556
27	73	-0.23962962962963	49.1669863013699
26	74	-1.19576923076923	48.3216216216216
25	75	-2.0584	47.5832333333334
24	76	-2.86875	46.8035526315789
23	77	-3.32782608695652	46.0503246753247
22	78	-3.94545454545455	45.44125
21	79	-4.68809523809524	44.7006329113924
20	80	-5.5365	43.988875
19	81	-5.89473684210526	43.2541975308642
18	82	-6.60888888888889	42.4873780487805
17	83	-7.25823529411765	41.7286445783133
16	84	-8.04875	41.0472916666667
15	85	-8.582	40.3799705882353
14	86	-9.09714285714286	39.5982267441861
13	87	-10.1307692307692	38.9300574712644
12	88	-10.8325	38.0561931818182
11	89	-11.6363636363636	37.3743258426966
10	90	-12.074	36.6849166666667
9	91	-13	35.9793406593407
8	92	-13.65375	35.2760597826087
7	93	-14.5685714285714	34.5983870967742
6	94	-15.2083333333333	33.7492819148936
5	95	-15.246	33.0209210526316
4	96	-16.4425	32.4143489583333
3	97	-17.0233333333333	31.5995618556701
2	98	-17.74	30.9004846938775
1	99	-18.15	30.1755555555556
0	100	0	29.456025
