num_of_always_trembling	num_of_TFT_with_trembling_hand	average_fitness_of_always_trembling	average_fitness_of_TFT_with_trembling_hand
100	0	24.8409	0
99	1	25.2232070707071	7.3725
98	2	25.352193877551	9.50875
97	3	25.5466494845361	9.17416666666666
96	4	25.8653125	9.765
95	5	26.1204210526316	9.9625
94	6	26.3953723404255	10.0141666666667
93	7	26.4872849462366	10.5003571428571
92	8	26.9011413043478	10.4984375
91	9	27.1825549450549	10.8741666666667
90	10	27.1162222222222	11.022
89	11	27.4598033707865	11.3075
88	12	27.6116761363636	11.695625
87	13	27.8084195402299	11.4803846153846
86	14	27.9964244186047	11.9803571428571
85	15	28.1783529411765	12.3711666666667
84	16	28.3780357142857	12.598125
83	17	28.8134939759036	12.7102941176471
82	18	28.9868902439024	13.2348611111111
81	19	29.2639506172839	13.6160526315789
80	20	29.34665625	13.62975
79	21	29.444335443038	13.6717857142857
78	22	29.7988141025641	14.2607954545455
77	23	30.1327922077922	14.6077173913043
76	24	30.1737171052632	14.7028125
75	25	30.6873333333333	15.0483
74	26	30.677804054054	15.2288461538462
73	27	30.8072260273973	15.5565740740741
72	28	31.0244791666667	15.7523214285714
71	29	31.3305281690141	16
70	30	31.6382142857143	16.02375
69	31	31.7720289855072	16.6766935483871
68	32	31.9499632352941	16.892578125
67	33	32.3990671641791	17.1057575757576
66	34	32.6039393939394	17.4355147058824
65	35	32.6837692307692	17.5885714285714
64	36	32.8846484375	17.9565277777778
63	37	33.1067063492063	18.2384459459459
62	38	33.3558467741936	18.4260526315789
61	39	33.5904508196721	18.5977564102564
60	40	33.7240416666667	18.9495625
59	41	34.1157627118644	19.3009146341463
58	42	34.0846551724138	19.56625
57	43	34.5931140350877	19.8024418604651
56	44	34.7037053571429	20.0590909090909
55	45	34.9037272727273	20.4176111111111
54	46	35.1946296296296	20.5871739130435
53	47	35.3372169811321	20.8248936170213
52	48	35.6204807692308	21.1177604166667
51	49	35.8118137254902	21.3859693877551
50	50	36.0245	21.58875
49	51	36.0302040816326	21.835931372549
48	52	36.50125	22.2166826923077
47	53	36.618085106383	22.4469811320755
46	54	36.80625	22.6362037037037
45	55	37.1532222222222	22.9179545454545
44	56	37.4077272727273	23.2224107142857
43	57	37.670988372093	23.4757894736842
42	58	37.7557142857143	23.7944827586207
41	59	38.0232317073171	23.8675423728814
40	60	38.155875	24.240125
39	61	38.4912820512821	24.4861885245901
38	62	38.6867105263158	24.7495564516129
37	63	38.8008108108108	24.9938888888889
36	64	39.0565277777778	25.205625
35	65	39.2902142857143	25.5369615384615
34	66	39.5505882352941	25.6343939393939
33	67	39.6806060606061	26.0089552238806
32	68	39.838671875	26.2844852941176
31	69	40.1658870967742	26.5078985507246
30	70	40.3143333333333	26.8033214285714
29	71	40.7128448275862	27.0814084507042
28	72	40.5272321428572	27.3857638888889
27	73	41.1743518518518	27.5510958904109
26	74	41.3927884615385	27.8655067567568
25	75	41.391	28.2052
24	76	41.6616666666667	28.4402960526316
23	77	41.859347826087	28.6731818181818
22	78	42.0017045454545	28.9092628205128
21	79	42.1822619047619	29.2128481012658
20	80	42.53525	29.4799375
19	81	42.8751315789474	29.7671296296296
18	82	42.8445833333333	29.9514329268293
17	83	43.2722058823529	30.2244277108434
16	84	43.55296875	30.554255952381
15	85	44.0431666666667	30.8053529411765
14	86	43.8717857142857	31.0718313953489
13	87	43.8519230769231	31.3010632183908
12	88	44.2435416666667	31.6117613636363
11	89	44.6843181818182	31.8575842696629
10	90	44.7385	32.1186944444444
9	91	44.9288888888889	32.4192307692308
8	92	45.1475	32.6091032608696
7	93	45.5067857142857	32.8656451612903
6	94	45.3375	33.1440691489362
5	95	45.7975	33.5026052631579
4	96	46.336875	33.6685677083333
3	97	46.705	34.0022164948454
2	98	46.4125	34.2629591836735
1	99	46.52	34.4486363636364
0	100	0	34.786475
