num_of_always_trembling	num_of_shame_driven_denying	average_fitness_of_always_trembling	average_fitness_of_shame_driven_denying
100	0	25.0167	0
99	1	25.0620454545455	16.36
98	2	25.2486479591837	15.555
97	3	25.2428350515464	16.0966666666667
96	4	25.4459895833333	16.7425
95	5	25.6899736842105	17.141
94	6	25.6843617021277	16.8591666666667
93	7	25.8174193548387	17.26
92	8	25.9847010869565	17.0578125
91	9	25.9893406593407	17.5461111111111
90	10	26.1884444444444	17.652
89	11	26.2737640449438	17.6990909090909
88	12	26.5221022727273	17.6397916666667
87	13	26.4599712643678	17.7192307692308
86	14	26.4947093023256	17.9194642857143
85	15	26.8148235294118	18.2206666666667
84	16	26.9438392857143	18.32015625
83	17	26.9036746987952	18.6177941176471
82	18	27.2715243902439	18.2954166666667
81	19	27.0268827160494	18.9888157894737
80	20	27.349125	18.57375
79	21	27.399082278481	18.8535714285714
78	22	27.6017307692308	19.0110227272727
77	23	27.6887662337662	19.2638043478261
76	24	27.7645065789474	19.2711458333333
75	25	27.8882	19.7122
74	26	28.1157432432432	19.7544230769231
73	27	28.261404109589	19.7653703703704
72	28	28.2007291666667	19.9230357142857
71	29	28.341338028169	19.9751724137931
70	30	28.5737857142857	20.1139166666667
69	31	28.4675	20.1424193548387
68	32	28.6969485294118	20.289765625
67	33	28.8747388059701	20.6370454545455
66	34	28.9568181818182	20.5033823529412
65	35	29.0335	20.9653571428572
64	36	29.3348828125	20.8733333333333
63	37	29.1280555555555	21.1343918918919
62	38	29.4711290322581	21.2833552631579
61	39	29.5830327868853	21.2033974358974
60	40	29.5454166666667	21.479
59	41	29.6129661016949	21.5188414634146
58	42	29.9886637931034	21.7979166666667
57	43	30.0394736842105	21.8611627906977
56	44	30.2790625	22.0326136363636
55	45	30.3047727272727	22.2148333333333
54	46	30.4906018518518	22.314347826087
53	47	30.4441509433962	22.5538829787234
52	48	30.5298557692308	22.4529166666667
51	49	30.7661274509804	22.4773979591837
50	50	30.91875	22.82015
49	51	30.9126020408163	22.9411764705882
48	52	30.9602083333333	22.9795673076923
47	53	31.0590957446808	23.1390094339623
46	54	31.3839130434783	23.3243055555555
45	55	31.4202777777778	23.5694090909091
44	56	31.5	23.5495535714286
43	57	31.806511627907	23.7705263157895
42	58	31.8385714285714	23.8593103448276
41	59	31.7093292682927	23.9568220338983
40	60	32.0025	24.0909166666667
39	61	32.0289743589743	24.2494262295082
38	62	32.1273684210526	24.4071774193548
37	63	32.5232432432433	24.5795634920635
36	64	32.4758333333333	24.6755078125
35	65	32.6626428571428	24.6726538461538
34	66	33.06625	25.0397727272727
33	67	32.8583333333333	25.1947388059702
32	68	32.9315625	25.1225367647059
31	69	32.8988709677419	25.3471014492754
30	70	33.2783333333333	25.5074642857143
29	71	33.1387068965517	25.5820774647887
28	72	33.4633035714286	25.7364583333333
27	73	33.7753703703704	25.8413698630137
26	74	33.7367307692308	25.9538175675676
25	75	33.7386	26.2008
24	76	33.8130208333333	26.2759539473684
23	77	34.0457608695652	26.4608116883117
22	78	34.305	26.4763782051282
21	79	34.2882142857143	26.6155696202532
20	80	34.333375	26.83196875
19	81	34.511447368421	26.9066049382716
18	82	34.5020833333333	27.0368597560976
17	83	34.7386764705882	27.1231626506024
16	84	34.7096875	27.2707738095238
15	85	35.0531666666667	27.4098823529412
14	86	34.85125	27.6534011627907
13	87	34.9773076923077	27.6563218390805
12	88	35.40125	27.9164488636364
11	89	35.5845454545454	27.964606741573
10	90	35.113	28.0743611111111
9	91	35.4669444444445	28.2284615384615
8	92	36.15875	28.388777173913
7	93	35.8110714285714	28.5508064516129
6	94	36.2779166666667	28.6246808510638
5	95	36.283	28.7845263157895
4	96	36.406875	29.0105729166667
3	97	36.19	29.0918556701031
2	98	35.3675	29.163137755102
1	99	37.01	29.3718939393939
0	100	0	29.42825
