num_of_guilt_driven_amending	num_of_Pavlov	average_fitness_of_guilt_driven_amending	average_fitness_of_Pavlov
100	0	37.649425	0
99	1	37.5415151515151	50.65
98	2	37.384362244898	49.3075
97	3	37.2660824742268	50.1291666666667
96	4	37.213828125	49.755625
95	5	37.0669736842105	49.6385
94	6	37.0302659574468	49.9716666666667
93	7	36.7825537634409	49.9235714285714
92	8	36.8397010869565	49.9184375
91	9	36.6836263736264	50.1411111111111
90	10	36.5083055555556	50.071
89	11	36.4493539325843	49.915
88	12	36.3446590909091	50.275625
87	13	36.2434482758621	49.8569230769231
86	14	36.148488372093	50.0319642857143
85	15	36.0649117647059	50.2756666666666
84	16	35.9729464285714	50.15453125
83	17	35.8840662650602	49.9782352941176
82	18	35.7857012195122	50.0780555555556
81	19	35.5916666666667	50.0926315789474
80	20	35.553875	50.03875
79	21	35.3983544303797	49.9222619047619
78	22	35.3055448717949	49.8578409090909
77	23	35.1912012987013	49.7483695652174
76	24	35.1435197368421	50.0022916666667
75	25	35.0266333333333	50.0794
74	26	35.0181081081081	49.8639423076923
73	27	34.7809246575343	50.0040740740741
72	28	34.6865277777778	49.9941964285714
71	29	34.5716549295775	50.1632758620689
70	30	34.4764642857143	50.0360833333333
69	31	34.3623913043478	50.1989516129032
68	32	34.2764705882353	50.033203125
67	33	34.1123134328358	50.1071212121212
66	34	34.0842424242424	50.0341911764706
65	35	33.9800769230769	50.2532142857143
64	36	33.8567578125	49.9963888888889
63	37	33.726507936508	50.0427027027027
62	38	33.6577419354839	50.1944078947368
61	39	33.5755327868852	50.1207051282051
60	40	33.445	50.2629375
59	41	33.2408898305085	50.1623780487805
58	42	33.2846551724138	50.0028571428571
57	43	33.0438596491228	50.1986627906977
56	44	33.0787946428571	50.0072727272727
55	45	32.8494545454545	50.2464444444445
54	46	32.7306481481481	50.0818478260869
53	47	32.6445283018868	50.1604255319149
52	48	32.5791826923077	50.10984375
51	49	32.496568627451	50.2060714285714
50	50	32.3701	50.22705
49	51	32.2855102040816	50.1992156862745
48	52	32.0228645833333	50.2350480769231
47	53	32.0288829787234	50.2042924528302
46	54	31.8820108695652	50.2174537037037
45	55	31.8172777777778	50.2553636363636
44	56	31.7086363636364	50.3264285714286
43	57	31.6750581395349	50.2580263157895
42	58	31.5232738095238	50.22875
41	59	31.3935365853659	50.3927542372881
40	60	31.384625	50.2322916666667
39	61	31.2429487179487	50.3530737704918
38	62	31.1225657894737	50.3113709677419
37	63	30.9524324324324	50.2228571428572
36	64	30.8929861111111	50.283359375
35	65	30.9268571428572	50.3526538461538
34	66	30.6502205882353	50.4327651515151
33	67	30.582196969697	50.1898507462687
32	68	30.62125	50.2894485294118
31	69	30.4443548387097	50.2497101449275
30	70	30.2663333333333	50.418
29	71	30.1174137931035	50.4233450704225
28	72	30.0579464285714	50.4407638888889
27	73	29.9403703703704	50.5107534246575
26	74	29.6861538461539	50.5150337837838
25	75	29.6315	50.2734
24	76	29.5741666666667	50.4542105263158
23	77	29.5314130434783	50.395487012987
22	78	29.4070454545454	50.3184294871795
21	79	29.4540476190476	50.3330696202532
20	80	29.188625	50.4084375
19	81	29.0264473684211	50.3827160493827
18	82	29.0234722222222	50.3262804878049
17	83	28.8451470588235	50.5218674698795
16	84	28.938125	50.451369047619
15	85	28.6785	50.4506470588235
14	86	28.5958928571429	50.475784883721
13	87	28.5448076923077	50.5942241379311
12	88	28.2775	50.4476704545455
11	89	28.2145454545454	50.4450280898876
10	90	28.28025	50.5167777777778
9	91	27.7730555555556	50.4656318681319
8	92	27.99375	50.6568206521739
7	93	28.0942857142857	50.5063172043011
6	94	27.63625	50.4324202127659
5	95	27.4315	50.6210526315789
4	96	27.69625	50.543046875
3	97	27.4425	50.553762886598
2	98	26.845	50.5890816326531
1	99	27.8675	50.6219444444444
0	100	0	50.6483
