num_of_shame_driven_denying	num_of_Pavlov	average_fitness_of_shame_driven_denying	average_fitness_of_Pavlov
100	0	29.455375	0
99	1	29.6885353535354	35.645
98	2	29.7639285714286	36.5025
97	3	29.942087628866	36.6816666666667
96	4	30.1589583333333	37.16625
95	5	30.3427631578947	36.9365
94	6	30.5242021276596	36.66875
93	7	30.6468279569892	37.1525
92	8	30.8527989130435	37.4096875
91	9	30.9724175824176	37.3958333333333
90	10	31.1892222222222	37.767
89	11	31.3055617977528	37.6940909090909
88	12	31.4861647727273	37.881875
87	13	31.6954022988506	38.2144230769231
86	14	31.8440406976744	37.9291071428571
85	15	32.0035	38.2175
84	16	32.1366071428571	38.54859375
83	17	32.2835240963855	38.7038235294118
82	18	32.4849085365854	38.7122222222222
81	19	32.6682407407407	38.7661842105263
80	20	32.9215625	38.920875
79	21	32.9546835443038	38.9826190476191
78	22	33.2746794871795	39.2201136363636
77	23	33.4761363636364	39.6025
76	24	33.6582236842105	39.72125
75	25	33.7259	40.0268
74	26	34.018445945946	39.8424038461539
73	27	34.1448287671233	40.2287037037037
72	28	34.2084375	39.9932142857143
71	29	34.3828873239436	40.2791379310345
70	30	34.6342142857143	40.4816666666667
69	31	34.8721739130435	40.4962903225806
68	32	34.9234191176471	40.728125
67	33	35.1133208955224	40.7018181818182
66	34	35.2811742424242	41.1936764705882
65	35	35.3985	41.1462142857143
64	36	35.4909375	41.3265277777778
63	37	35.7792063492064	41.5514864864865
62	38	35.9527822580645	41.776447368421
61	39	36.1044262295082	41.7633333333333
60	40	36.3495833333333	41.895125
59	41	36.4388559322034	41.9403658536585
58	42	36.5736637931034	42.3531547619048
57	43	36.7679385964912	42.2518604651163
56	44	37.0092410714286	42.5198295454546
55	45	37.1103181818182	42.5401111111111
54	46	37.3177777777778	42.7700543478261
53	47	37.4191981132075	42.9012765957447
52	48	37.6333173076923	43.0128645833333
51	49	37.8186274509804	43.2411734693878
50	50	37.7741	43.4438
49	51	38.2145408163265	43.4707843137255
48	52	38.3667708333333	43.6159134615385
47	53	38.4662234042553	43.9904245283019
46	54	38.5930434782609	43.9291666666667
45	55	38.8966111111111	44.0560909090909
44	56	39.0369318181818	44.1560714285715
43	57	39.1877325581395	44.3872368421053
42	58	39.43125	44.5738362068966
41	59	39.6571951219512	44.7284322033898
40	60	39.704125	44.8638333333333
39	61	39.7811538461538	44.819262295082
38	62	39.9965131578947	45.0110887096774
37	63	40.0735810810811	45.3310317460317
36	64	40.2919444444445	45.463828125
35	65	40.5032857142857	45.5012307692308
34	66	40.7742647058824	45.4955681818182
33	67	40.7580303030303	45.8537313432836
32	68	40.906953125	46.000625
31	69	41.245564516129	45.9876086956522
30	70	41.4140833333333	46.28375
29	71	41.5162931034483	46.3678873239436
28	72	41.6453571428571	46.4684375
27	73	41.9462962962963	46.6241780821918
26	74	41.9320192307692	46.7052364864865
25	75	42.2845	46.9506
24	76	42.6059375	47.1625986842105
23	77	42.5104347826087	47.2181493506494
22	78	42.6297727272727	47.2498076923077
21	79	43.050119047619	47.6184810126582
20	80	42.97975	47.59765625
19	81	43.3593421052632	47.7517592592593
18	82	43.5443055555556	48.0642073170732
17	83	43.5172058823529	48.0653614457832
16	84	43.6734375	48.2587202380952
15	85	44.0151666666667	48.4624705882353
14	86	44.0866071428571	48.5305232558139
13	87	44.1594230769231	48.7377873563219
12	88	44.451875	48.8080965909091
11	89	44.3772727272727	48.8941011235955
10	90	44.8855	49.0195555555556
9	91	44.9577777777778	49.2698076923077
8	92	44.841875	49.394402173913
7	93	45.2996428571429	49.5386290322581
6	94	45.2329166666667	49.6358510638298
5	95	45.65	49.8487368421053
4	96	44.815	49.8898177083333
3	97	46.2283333333333	50.106881443299
2	98	46.13625	50.1334948979592
1	99	46.525	50.4191414141414
0	100	0	50.675925
