num_of_shame_driven_hiding	num_of_shame_driven_denying	average_fitness_of_shame_driven_hiding	average_fitness_of_shame_driven_denying
100	0	40	0
99	1	39.8704797979798	33.125
98	2	39.7522193877551	33.13625
97	3	39.6332474226804	32.9125
96	4	39.5231510416667	32.896875
95	5	39.3999210526316	32.693
94	6	39.3002925531915	33.0145833333333
93	7	39.18	32.7257142857143
92	8	39.0814673913044	32.8478125
91	9	38.9402197802198	32.5983333333333
90	10	38.8523611111111	32.7555
89	11	38.7593539325843	32.6290909090909
88	12	38.6304545454545	32.6114583333333
87	13	38.5582183908046	32.5613461538461
86	14	38.425	32.3433928571429
85	15	38.3595	32.5308333333333
84	16	38.2427380952381	32.260625
83	17	38.1361144578313	32.2716176470588
82	18	38.0684451219512	32.26625
81	19	37.966049382716	32.2253947368421
80	20	37.88134375	32.246625
79	21	37.775253164557	32.1278571428572
78	22	37.718782051282	32.20625
77	23	37.6265584415585	32.0502173913044
76	24	37.5221381578947	32.0447916666667
75	25	37.3928666666667	32.0808
74	26	37.3342567567568	31.8339423076923
73	27	37.241095890411	31.8556481481482
72	28	37.1630555555556	31.8883035714286
71	29	37.0357042253521	31.7329310344828
70	30	36.96975	31.8229166666667
69	31	36.9560144927536	31.8254032258065
68	32	36.8638970588235	31.855625
67	33	36.726828358209	31.6333333333333
66	34	36.650946969697	31.6845588235294
65	35	36.6061538461539	31.6530714285714
64	36	36.575078125	31.6151388888889
63	37	36.4007936507937	31.4643918918919
62	38	36.4385483870968	31.5315131578947
61	39	36.2856147540984	31.4537820512821
60	40	36.2470416666667	31.43475
59	41	36.1444491525424	31.352012195122
58	42	36.1443534482759	31.2950595238095
57	43	36.0426315789474	31.3415697674419
56	44	35.9491517857143	31.2430113636364
55	45	35.7900454545454	31.2673333333333
54	46	35.8141203703704	31.1427717391304
53	47	35.7260849056604	31.1513297872341
52	48	35.6558653846154	31.14796875
51	49	35.5950490196078	31.0773469387755
50	50	35.5815	31.10445
49	51	35.4451530612245	31.0358333333333
48	52	35.38984375	30.9589423076923
47	53	35.3195212765957	30.9617924528302
46	54	35.3304347826087	30.8805555555555
45	55	35.1622777777778	30.9200454545455
44	56	35.1603409090909	30.7828571428571
43	57	35.1369186046512	30.7641228070175
42	58	35.0355357142857	30.7688793103448
41	59	34.9798780487805	30.6397033898305
40	60	34.826875	30.81325
39	61	34.8422435897436	30.586762295082
38	62	34.788947368421	30.6150403225806
37	63	34.7133783783784	30.5711507936508
36	64	34.6871527777778	30.544609375
35	65	34.5977142857143	30.5411923076923
34	66	34.5107352941177	30.4855681818182
33	67	34.5106060606061	30.4538059701493
32	68	34.34671875	30.4783823529412
31	69	34.4551612903226	30.4074275362319
30	70	34.2328333333333	30.3831428571429
29	71	34.3477586206897	30.3954577464789
28	72	34.1652678571429	30.2992708333333
27	73	34.1349074074074	30.2364041095891
26	74	34.0819230769231	30.2770608108108
25	75	34.0122	30.2031333333333
24	76	34.0794791666667	30.1627302631579
23	77	34.0291304347826	30.1668506493507
22	78	33.9813636363636	30.1575641025641
21	79	33.8891666666667	30.1240189873418
20	80	33.67675	30.0760625
19	81	33.8190789473684	30.0151543209877
18	82	33.67875	30.0394817073171
17	83	33.6822058823529	29.9164759036145
16	84	33.6165625	29.8826488095238
15	85	33.5853333333333	30.0074705882353
14	86	33.5908928571429	29.8275581395349
13	87	33.4509615384615	29.8471264367816
12	88	33.4322916666667	29.9118465909091
11	89	33.4120454545455	29.7847752808989
10	90	33.438	29.8053888888889
9	91	33.2130555555556	29.6902472527472
8	92	33.2665625	29.6282608695652
7	93	33.3328571428571	29.6126344086022
6	94	33.135	29.6117819148936
5	95	32.8015	29.6311842105263
4	96	33.335	29.6111458333333
3	97	32.915	29.6182216494845
2	98	32.82125	29.4595918367347
1	99	32.6	29.466893939394
0	100	0	29.482775
