num_of_shame_driven_hiding	num_of_guilt_driven_amending	average_fitness_of_shame_driven_hiding	average_fitness_of_guilt_driven_amending
100	0	40	0
99	1	40.2228787878788	21.76
98	2	40.435	22.255
97	3	40.6500773195876	22.6691666666667
96	4	40.8705208333333	22.3475
95	5	41.0568947368421	22.8585
94	6	41.2567021276596	22.99625
93	7	41.4857258064516	23.2932142857143
92	8	41.6945923913043	23.289375
91	9	41.8987912087912	23.7413888888889
90	10	42.0725277777778	23.79725
89	11	42.2391573033708	23.8834090909091
88	12	42.4638068181818	24.1385416666667
87	13	42.6184195402299	24.3973076923077
86	14	42.8576744186046	24.6741071428571
85	15	43.044205882353	24.672
84	16	43.1988095238095	24.780625
83	17	43.3853012048193	25.055294117647
82	18	43.5689939024391	25.3880555555556
81	19	43.7652469135802	25.5307894736842
80	20	43.94425	25.654125
79	21	44.1425	25.8763095238095
78	22	44.3283974358974	25.9169318181818
77	23	44.4626298701299	26.2442391304348
76	24	44.6672368421052	26.3891666666667
75	25	44.8146	26.5766
74	26	44.9985472972973	26.8008653846154
73	27	45.1820890410959	26.8647222222222
72	28	45.3172916666667	27.0273214285714
71	29	45.4859154929577	27.3796551724138
70	30	45.7087142857143	27.3975833333333
69	31	45.853731884058	27.484435483871
68	32	46.0147058823529	27.757265625
67	33	46.1777611940299	27.8774242424242
66	34	46.3554166666667	27.9956617647059
65	35	46.5500384615385	28.2679285714286
64	36	46.66359375	28.4749305555556
63	37	46.8092857142857	28.5641216216216
62	38	47.0014516129032	28.68375
61	39	47.1209016393443	28.8960256410256
60	40	47.395375	29.1090625
59	41	47.4189830508475	29.3673780487805
58	42	47.5400431034483	29.4182738095238
57	43	47.7841666666667	29.500988372093
56	44	47.9122321428571	29.7523295454545
55	45	48.0356363636363	29.8738888888889
54	46	48.1959259259259	30.0900543478261
53	47	48.4210849056604	30.1523936170213
52	48	48.4867307692308	30.45359375
51	49	48.6755882352941	30.465
50	50	48.79795	30.63505
49	51	48.9452551020408	30.8007843137255
48	52	49.0884895833333	30.9765384615385
47	53	49.1970744680851	31.2420754716981
46	54	49.3495108695652	31.2464351851852
45	55	49.4986666666667	31.3997727272727
44	56	49.6349431818182	31.6284375
43	57	49.745988372093	31.7455701754386
42	58	49.8933333333333	31.8748275862069
41	59	50.0878658536585	32.0728389830509
40	60	50.20325	32.270125
39	61	50.3205128205128	32.3159016393443
38	62	50.443552631579	32.4695564516129
37	63	50.7433783783784	32.5990079365079
36	64	50.8327083333333	32.7392578125
35	65	51.0015714285714	32.8704230769231
34	66	51.0407352941176	33.0233333333333
33	67	51.1909090909091	33.2238432835821
32	68	51.25359375	33.2987132352941
31	69	51.4698387096774	33.4677173913044
30	70	51.579	33.6253928571428
29	71	51.6965517241379	33.7950704225352
28	72	51.7508928571429	33.9484375
27	73	51.9687962962963	34.0589383561644
26	74	51.9976923076923	34.1795608108108
25	75	52.1558	34.3002666666667
24	76	52.3735416666667	34.4040789473684
23	77	52.5163043478261	34.5336038961039
22	78	52.5652272727273	34.735641025641
21	79	52.6980952380952	34.8945886075949
20	80	52.824	35.00765625
19	81	52.943947368421	35.165
18	82	53.1045833333333	35.2422865853659
17	83	53.1745588235294	35.3829518072289
16	84	53.27515625	35.5060416666667
15	85	53.502	35.6865
14	86	53.6355357142857	35.8197093023256
13	87	53.7917307692308	35.9291091954023
12	88	53.8289583333333	36.0580965909091
11	89	53.9184090909091	36.1897752808989
10	90	53.94625	36.3317222222222
9	91	54.0419444444445	36.4823351648352
8	92	54.4109375	36.6061141304348
7	93	54.4660714285714	36.6913978494624
6	94	54.53125	36.8662765957447
5	95	54.576	37.0132631578947
4	96	54.5525	37.0724739583334
3	97	54.8808333333333	37.2785051546392
2	98	54.93125	37.3863265306122
1	99	55.265	37.5370454545454
0	100	0	37.566475
