num_of_shame_driven_hiding	num_of_Pavlov	average_fitness_of_shame_driven_hiding	average_fitness_of_Pavlov
100	0	40	0
99	1	40.027904040404	43.42
98	2	40.0671173469388	44.14875
97	3	40.0848711340206	43.7
96	4	40.1211979166667	43.784375
95	5	40.1461052631579	44.254
94	6	40.1858510638298	44.3566666666667
93	7	40.2182258064516	44.3689285714286
92	8	40.2461684782609	44.4184375
91	9	40.251043956044	44.4702777777778
90	10	40.2816388888889	44.3845
89	11	40.3027247191011	44.7311363636364
88	12	40.3355397727273	44.7389583333333
87	13	40.3451149425287	44.8840384615385
86	14	40.3958139534884	44.7964285714286
85	15	40.4245	45.0076666666667
84	16	40.4802678571428	44.8884375
83	17	40.4553915662651	45.1120588235294
82	18	40.4374695121951	45.1623611111111
81	19	40.5174074074074	45.4373684210526
80	20	40.5233125	45.513625
79	21	40.6018037974683	45.3457142857143
78	22	40.5692948717949	45.4184090909091
77	23	40.6044480519481	45.5522826086957
76	24	40.6300328947368	45.7311458333333
75	25	40.6981666666667	45.5752
74	26	40.6716216216216	45.8407692307692
73	27	40.6950684931507	46.0480555555556
72	28	40.7729861111111	45.8279464285714
71	29	40.783838028169	45.9223275862069
70	30	40.7435714285714	46.08
69	31	40.8219927536232	46.1541129032258
68	32	40.8669117647059	46.3028125
67	33	40.8587313432836	46.4293939393939
66	34	40.8950757575758	46.4271323529412
65	35	40.9088461538462	46.3360714285714
64	36	40.9534375	46.6044444444445
63	37	40.9974603174603	46.6025
62	38	40.9939919354839	46.6549342105263
61	39	41.0665983606558	46.6287179487179
60	40	41.0105416666667	46.8335
59	41	40.9967372881356	46.8503658536585
58	42	41.0199137931034	46.9599404761905
57	43	41.0500877192983	47.125523255814
56	44	41.1229910714286	46.9940909090909
55	45	41.0805909090909	47.3861666666666
54	46	41.1677777777778	47.2789130434783
53	47	41.1314150943396	47.3321276595745
52	48	41.2054807692308	47.5315104166667
51	49	41.2045588235294	47.3973469387755
50	50	41.22685	47.54375
49	51	41.2026020408163	47.5527941176471
48	52	41.2339583333333	47.7687019230769
47	53	41.2944680851064	47.5663679245283
46	54	41.2329891304348	47.8798148148148
45	55	41.3171666666667	47.8520454545454
44	56	41.3788636363636	48.0824553571429
43	57	41.4175581395349	47.8554824561404
42	58	41.3391071428572	47.9246551724138
41	59	41.404756097561	47.9101694915254
40	60	41.439875	48.062
39	61	41.4408333333334	48.2345901639344
38	62	41.5566447368421	48.3547580645161
37	63	41.4634459459459	48.1752777777778
36	64	41.4841666666667	48.2330078125
35	65	41.6247857142857	48.5391153846154
34	66	41.5076470588235	48.545946969697
33	67	41.4757575757576	48.4614552238806
32	68	41.546953125	48.6445955882353
31	69	41.6383064516129	48.7110869565217
30	70	41.6369166666667	48.8395
29	71	41.5553448275862	48.8156338028169
28	72	41.6909821428571	48.9339236111111
27	73	41.7688888888889	49.0398287671233
26	74	41.6763461538462	49.0102027027027
25	75	41.7242	49.0734333333333
24	76	41.6751041666667	49.1365460526316
23	77	41.749347826087	49.257987012987
22	78	41.8964772727273	49.2971474358974
21	79	41.8655952380952	49.3391455696203
20	80	41.794375	49.48340625
19	81	41.7735526315789	49.4796604938271
18	82	41.8593055555556	49.5178658536585
17	83	41.8657352941176	49.580813253012
16	84	41.8240625	49.6155654761905
15	85	41.9508333333333	49.6916176470588
14	86	41.8705357142857	49.8000581395349
13	87	41.9334615384615	49.7898850574713
12	88	41.9402083333333	49.7642329545455
11	89	42.0038636363636	49.897808988764
10	90	42.07475	50.06125
9	91	41.9694444444444	50.155521978022
8	92	41.9325	50.1558423913043
7	93	42.1217857142857	50.3287365591398
6	94	41.9895833333333	50.2022872340425
5	95	42.1205	50.3843684210526
4	96	42.296875	50.2844791666667
3	97	41.5883333333333	50.4489432989691
2	98	42.3825	50.4899744897959
1	99	42.22	50.5841666666667
0	100	0	50.448225
