num_of_TFT_with_trembling_hand	num_of_Pavlov	average_fitness_of_TFT_with_trembling_hand	average_fitness_of_Pavlov
100	0	34.72535	0
99	1	34.7385858585859	47.1825
98	2	34.7479591836735	46.43625
97	3	34.6761597938144	46.5108333333333
96	4	34.722421875	47.156875
95	5	34.6465263157895	46.957
94	6	34.6467819148936	46.9633333333333
93	7	34.6159408602151	46.5092857142857
92	8	34.6403532608696	47.0503125
91	9	34.581510989011	47.0686111111111
90	10	34.5986111111111	46.92
89	11	34.5854775280899	47.0629545454546
88	12	34.5784943181818	46.9779166666667
87	13	34.4698850574713	47.1844230769231
86	14	34.5072674418605	47.0739285714286
85	15	34.5084705882353	47.4351666666667
84	16	34.5064285714286	47.14671875
83	17	34.4419578313253	47.1675
82	18	34.4991158536585	47.3436111111111
81	19	34.4133333333333	47.415
80	20	34.42328125	47.45775
79	21	34.4397151898734	47.3421428571429
78	22	34.3706730769231	47.7004545454545
77	23	34.3523701298701	47.4996739130435
76	24	34.3611513157895	47.4897916666667
75	25	34.4094333333333	47.5319
74	26	34.359527027027	47.6049038461538
73	27	34.2711643835617	47.4008333333333
72	28	34.2828125	47.765625
71	29	34.3633450704225	47.6845689655173
70	30	34.3345	47.6206666666667
69	31	34.3116666666667	47.87
68	32	34.2314338235294	48.042109375
67	33	34.3020149253731	47.8884848484849
66	34	34.1995454545455	47.9351470588235
65	35	34.0973076923077	47.9582142857143
64	36	34.219921875	47.9111111111111
63	37	34.1619047619048	48.1838513513514
62	38	34.1527419354839	48.1880263157895
61	39	34.1772950819672	48.0862820512821
60	40	34.1124583333333	48.15925
59	41	34.1145338983051	48.1658536585366
58	42	34.0993103448276	48.2931547619048
57	43	34.15	48.3158720930233
56	44	34.0776339285714	48.4490340909091
55	45	34.0570909090909	48.4156666666666
54	46	34.0727777777778	48.4173913043478
53	47	34.0359905660377	48.3428723404255
52	48	34.0110096153846	48.5058333333333
51	49	33.9800980392157	48.6125
50	50	33.8949	48.4803
49	51	33.9552551020408	48.6413235294118
48	52	33.888125	48.4512980769231
47	53	33.8659042553192	48.6280660377359
46	54	33.9219565217391	48.7429166666667
45	55	33.8178333333333	48.8499545454546
44	56	33.8163636363636	48.7158928571429
43	57	33.8352906976744	48.8216666666667
42	58	33.7816071428572	48.8407327586207
41	59	33.8638414634146	48.9036440677966
40	60	33.7894375	48.8272916666667
39	61	33.7366025641026	48.9593032786885
38	62	33.7221052631579	49.074314516129
37	63	33.8345945945946	49.1895634920635
36	64	33.7715277777778	49.1196484375
35	65	33.7332857142857	49.1302692307692
34	66	33.7870588235294	49.1656818181818
33	67	33.6062878787879	49.274328358209
32	68	33.704921875	49.3310294117647
31	69	33.5150806451613	49.341884057971
30	70	33.7675	49.301
29	71	33.5385344827586	49.3983802816901
28	72	33.63875	49.3649305555555
27	73	33.6374074074074	49.400102739726
26	74	33.4774038461539	49.5232094594595
25	75	33.6539	49.6118
24	76	33.5738541666667	49.5778289473684
23	77	33.5496739130435	49.641038961039
22	78	33.4122727272727	49.7349358974359
21	79	33.617619047619	49.8588924050633
20	80	33.372875	49.8001875
19	81	33.548552631579	49.905061728395
18	82	33.4323611111111	49.8440853658537
17	83	33.3951470588235	49.8113855421687
16	84	33.469375	49.9272321428572
15	85	33.363	49.9066470588235
14	86	33.3310714285714	49.8738081395349
13	87	33.485	50.0191954022989
12	88	33.3797916666667	50.0555681818182
11	89	33.3052272727273	50.1970224719101
10	90	33.459	50.0153055555556
9	91	33.1033333333334	50.1191208791209
8	92	33.43125	50.2186956521739
7	93	33.5617857142857	50.2673655913979
6	94	33.5270833333333	50.288670212766
5	95	33.2935	50.3461315789474
4	96	33.05875	50.4243489583333
3	97	33.5325	50.3446134020619
2	98	33.58125	50.4585204081633
1	99	33.1	50.5769949494949
0	100	0	50.4895
