num_of_TFT_with_trembling_hand	num_of_shame_driven_hiding	average_fitness_of_TFT_with_trembling_hand	average_fitness_of_shame_driven_hiding
100	0	34.7746	0
99	1	34.632196969697	45.795
98	2	34.6438010204082	45.5975
97	3	34.5270103092783	45.5133333333333
96	4	34.4790104166667	45.643125
95	5	34.4163421052631	45.2315
94	6	34.3332978723404	45.2120833333333
93	7	34.3154032258064	45.2485714285714
92	8	34.2413586956522	45.286875
91	9	34.1314285714286	45.1797222222222
90	10	34.1189166666667	45.01625
89	11	34.0989606741573	45.0834090909091
88	12	33.9738352272727	44.99625
87	13	33.7804597701149	44.9692307692308
86	14	33.8603488372093	44.8719642857143
85	15	33.8092941176471	44.8918333333333
84	16	33.7190476190476	44.7240625
83	17	33.6799698795181	44.6698529411765
82	18	33.5414329268293	44.5977777777778
81	19	33.477962962963	44.5510526315789
80	20	33.50321875	44.53275
79	21	33.3112025316456	44.5385714285714
78	22	33.260032051282	44.5486363636364
77	23	33.212987012987	44.4544565217391
76	24	33.1991118421052	44.3022916666667
75	25	33.1307666666667	44.362
74	26	33.0229054054054	44.2057692307692
73	27	33.0039383561644	44.2891666666666
72	28	32.9028125	44.0788392857143
71	29	32.7706690140845	44.0209482758621
70	30	32.7818928571429	44.0255
69	31	32.6766666666667	43.9162096774193
68	32	32.5405147058823	43.911015625
67	33	32.4858955223881	43.9790909090909
66	34	32.5299621212121	43.8424264705882
65	35	32.3712307692308	43.7097142857143
64	36	32.263515625	43.7429861111111
63	37	32.2461111111111	43.6698648648649
62	38	32.181935483871	43.6013157894737
61	39	32.1414344262295	43.596217948718
60	40	32.0590416666667	43.4770625
59	41	32.0292372881356	43.4329878048781
58	42	31.8849568965517	43.3926785714286
57	43	31.8371929824561	43.3277906976744
56	44	31.8128571428571	43.3373295454545
55	45	31.7756363636364	43.2159444444445
54	46	31.6061574074074	43.2197826086957
53	47	31.5469339622642	43.0698404255319
52	48	31.5220673076923	43.03953125
51	49	31.363431372549	42.9752040816326
50	50	31.331	42.9691
49	51	31.2944897959184	42.8460784313726
48	52	31.2077604166667	42.7916346153846
47	53	31.1385638297872	42.7480660377358
46	54	31.0161413043478	42.698287037037
45	55	30.9080555555556	42.6126818181818
44	56	30.8128409090909	42.615
43	57	30.7401744186046	42.5606140350877
42	58	30.7606547619048	42.4908620689655
41	59	30.6685365853658	42.484406779661
40	60	30.5863125	42.36325
39	61	30.4948717948718	42.3447950819672
38	62	30.4494078947368	42.2384677419355
37	63	30.3430405405405	42.1803174603175
36	64	30.2479166666667	42.089375
35	65	30.221	42.1190384615384
34	66	30.111544117647	42.0086742424242
33	67	30.0090909090909	41.9349253731343
32	68	29.917734375	41.9036397058823
31	69	29.861935483871	41.8528260869565
30	70	29.81525	41.7978928571429
29	71	29.7593103448276	41.7610211267605
28	72	29.5820535714286	41.6729166666667
27	73	29.5283333333333	41.6363356164384
26	74	29.4018269230769	41.5589527027027
25	75	29.4822	41.5003333333333
24	76	29.386875	41.4479276315789
23	77	29.1342391304348	41.3710714285714
22	78	29.0902272727273	41.3146474358974
21	79	29.0989285714286	41.240917721519
20	80	29.136125	41.1973125
19	81	28.8785526315789	41.1551851851852
18	82	28.8090277777778	41.0974085365854
17	83	28.7114705882353	41.0286445783132
16	84	28.63765625	40.9452380952381
15	85	28.6288333333333	40.9042058823529
14	86	28.5555357142857	40.803488372093
13	87	28.3571153846154	40.7820114942529
12	88	28.269375	40.7460511363636
11	89	28.4140909090909	40.660393258427
10	90	28.34	40.6049444444444
9	91	28.0911111111111	40.5409340659341
8	92	27.851875	40.4912771739131
7	93	27.8239285714286	40.4191397849462
6	94	28.0404166666667	40.3683776595745
5	95	27.627	40.305052631579
4	96	27.55875	40.23640625
3	97	27.75	40.1720360824742
2	98	27.13875	40.1214795918367
1	99	27.205	40.0556060606061
0	100	0	40
