num_of_tit_for_tat	num_of_shame_driven_hiding	average_fitness_of_tit_for_tat	average_fitness_of_shame_driven_hiding
100	0	50	0
99	1	49.6669696969697	80
98	2	49.3335714285714	79.61
97	3	48.9939175257732	79.34
96	4	48.6529166666666	78.92
95	5	48.3348421052631	78.534
94	6	47.9977659574468	78.2
93	7	47.6622580645161	77.8814285714286
92	8	47.3057608695652	77.53625
91	9	46.9585714285714	77.1966666666667
90	10	46.6055555555555	76.824
89	11	46.2566292134831	76.4090909090909
88	12	45.9164772727273	76.0183333333333
87	13	45.5768965517241	75.6107692307692
86	14	45.2176744186046	75.3228571428572
85	15	44.8612941176471	74.91
84	16	44.5264285714286	74.57
83	17	44.1937349397591	74.2294117647059
82	18	43.8273170731707	73.7983333333333
81	19	43.5235802469136	73.4515789473684
80	20	43.088625	73.1515
79	21	42.7536708860759	72.8128571428572
78	22	42.4292307692308	72.4227272727273
77	23	42.037012987013	72.0208695652174
76	24	41.7177631578947	71.6066666666667
75	25	41.3344	71.358
74	26	40.9635135135135	70.93
73	27	40.6064383561644	70.6025925925926
72	28	40.2783333333333	70.2210714285714
71	29	39.8443661971831	69.8337931034483
70	30	39.4907142857143	69.439
69	31	39.2224637681159	69.0261290322581
68	32	38.7941176470588	68.713125
67	33	38.3691044776119	68.2530303030303
66	34	38.0483333333333	67.9261764705882
65	35	37.6556923076923	67.4951428571429
64	36	37.26109375	67.1625
63	37	36.9415873015873	66.8351351351351
62	38	36.523064516129	66.4134210526316
61	39	36.1811475409836	66.0123076923077
60	40	35.7591666666667	65.61575
59	41	35.4315254237288	65.2617073170732
58	42	35.013275862069	64.8161904761905
57	43	34.630350877193	64.4418604651163
56	44	34.2201785714286	63.9961363636364
55	45	33.9376363636364	63.7002222222222
54	46	33.4742592592592	63.2232608695652
53	47	33.1375471698113	62.853829787234
52	48	32.7494230769231	62.4345833333334
51	49	32.3547058823529	62.1434693877551
50	50	31.962	61.6994
49	51	31.4569387755102	61.2592156862745
48	52	31.1116666666667	60.8382692307692
47	53	30.7178723404255	60.4269811320755
46	54	30.2830434782609	60.0268518518518
45	55	29.8777777777778	59.6703636363636
44	56	29.4395454545454	59.20625
43	57	29.1560465116279	58.8207017543859
42	58	28.6669047619048	58.4377586206897
41	59	28.28	58.0718644067797
40	60	27.87275	57.6086666666667
39	61	27.4041025641026	57.1909836065574
38	62	26.9797368421053	56.7879032258065
37	63	26.6405405405405	56.3849206349206
36	64	26.2266666666667	56.00203125
35	65	25.738	55.6603076923077
34	66	25.3291176470588	55.0840909090909
33	67	24.94	54.7002985074627
32	68	24.455	54.319705882353
31	69	24.1112903225807	53.9113043478261
30	70	23.6396666666667	53.4134285714286
29	71	23.1068965517241	53.0004225352113
28	72	22.8121428571429	52.6230555555555
27	73	22.3811111111111	52.2086301369863
26	74	21.7938461538461	51.7597297297297
25	75	21.4708	51.3141333333333
24	76	20.9004166666667	50.8898684210526
23	77	20.4786956521739	50.4432467532468
22	78	20.1331818181818	49.9671794871795
21	79	19.6619047619048	49.5713924050633
20	80	19.292	49.093125
19	81	18.7289473684211	48.6851851851852
18	82	18.2661111111111	48.2314634146341
17	83	17.8394117647059	47.8289156626506
16	84	17.320625	47.3372619047619
15	85	16.8533333333333	46.9265882352941
14	86	16.4035714285714	46.4830232558139
13	87	16.0484615384615	46.0373563218391
12	88	15.3808333333333	45.5425
11	89	14.9172727272727	45.0942696629213
10	90	14.39	44.6246666666667
9	91	14.0777777777778	44.2032967032967
8	92	13.41875	43.7566304347826
7	93	13.0171428571429	43.2755913978495
6	94	12.6016666666667	42.796170212766
5	95	11.886	42.3637894736842
4	96	11.4725	41.8867708333333
3	97	11.07	41.4135051546392
2	98	10.55	40.9322448979592
1	99	10	40.4689898989899
0	100	0	40
