num_of_tit_for_tat	num_of_guilt_driven_amending	average_fitness_of_tit_for_tat	average_fitness_of_guilt_driven_amending
100	0	50	0
99	1	49.795808080808	56.115
98	2	49.5897448979592	56.00375
97	3	49.3954381443299	55.5258333333333
96	4	49.169765625	55.68875
95	5	48.9685526315789	55.1805
94	6	48.7565425531915	55.16
93	7	48.5603225806451	54.9996428571429
92	8	48.3676086956522	54.8034375
91	9	48.1696428571429	54.7397222222222
90	10	47.9558333333333	54.56025
89	11	47.7372471910113	54.09
88	12	47.5378409090909	54.1247916666666
87	13	47.3142816091954	53.7392307692308
86	14	47.1103197674419	53.6451785714286
85	15	46.9061176470588	53.6016666666667
84	16	46.7286904761905	53.34046875
83	17	46.5207831325301	53.1432352941177
82	18	46.3475609756098	53.0113888888889
81	19	46.0876851851852	52.8082894736842
80	20	45.88496875	52.6255
79	21	45.7340506329114	52.3829761904762
78	22	45.5061538461539	52.2548863636364
77	23	45.2975	52.1311956521739
76	24	45.092072368421	51.800625
75	25	44.8818666666667	51.656
74	26	44.6744594594595	51.5484615384616
73	27	44.4782534246575	51.2862962962963
72	28	44.2579861111111	51.0564285714286
71	29	44.0522183098592	50.8946551724138
70	30	43.8798928571429	50.7000833333333
69	31	43.6451811594203	50.6226612903226
68	32	43.4673897058824	50.339140625
67	33	43.2296641791045	50.0664393939394
66	34	43.0181439393939	49.9552205882353
65	35	42.8043461538462	49.8492857142857
64	36	42.6302734375	49.5329861111111
63	37	42.3981746031746	49.3466216216216
62	38	42.2279032258064	49.2875
61	39	42.0022950819672	48.9944230769231
60	40	41.7995	48.869125
59	41	41.5732627118644	48.6044512195122
58	42	41.3731465517241	48.3822023809524
57	43	41.1909210526316	48.2624418604651
56	44	40.9445535714286	48.0839772727273
55	45	40.8008636363636	47.903
54	46	40.5391666666667	47.724402173913
53	47	40.3242452830188	47.5112234042553
52	48	40.1865384615385	47.3527604166667
51	49	39.9768137254902	47.1773469387755
50	50	39.7939	46.93515
49	51	39.5831632653061	46.7187745098039
48	52	39.3444270833333	46.5025961538462
47	53	39.1558510638298	46.3758962264151
46	54	38.911847826087	46.2291203703704
45	55	38.7664444444445	46.0438181818182
44	56	38.5269886363636	45.8610267857143
43	57	38.3036627906977	45.7124122807018
42	58	38.10125	45.4830172413793
41	59	37.8591463414634	45.2568220338983
40	60	37.6221875	45.047875
39	61	37.4938461538461	44.9052049180328
38	62	37.3875657894737	44.7045967741935
37	63	37.0620945945946	44.5340873015873
36	64	36.9592361111111	44.3447265625
35	65	36.5773571428572	44.2139615384615
34	66	36.5579411764706	44.0401515151515
33	67	36.2047727272727	43.8014552238806
32	68	36.033515625	43.5593382352941
31	69	35.9234677419355	43.4280434782609
30	70	35.6193333333333	43.25225
29	71	35.4980172413793	43.0332394366197
28	72	35.2616964285714	42.779375
27	73	35.0108333333333	42.6521232876712
26	74	34.86875	42.3801689189189
25	75	34.6701	42.2538666666667
24	76	34.434375	42.0811842105263
23	77	34.2889130434783	41.8310064935065
22	78	34.0835227272727	41.7477564102564
21	79	33.8873809523809	41.4635443037975
20	80	33.631125	41.34525
19	81	33.3028947368421	41.2073456790123
18	82	33.2293055555556	41.07875
17	83	32.93	40.7724397590361
16	84	32.74515625	40.6262797619048
15	85	32.5891666666667	40.4239705882353
14	86	32.4585714285714	40.3210465116279
13	87	32.1790384615385	40.0069252873563
12	88	31.9	39.8526136363636
11	89	31.6629545454545	39.705
10	90	31.30575	39.5203333333333
9	91	31.2808333333333	39.2446153846154
8	92	31.189375	39.1246467391304
7	93	30.8767857142857	38.8918010752688
6	94	30.875	38.7586170212766
5	95	30.343	38.6011052631579
4	96	30.238125	38.3441145833333
3	97	30.1975	38.1743556701031
2	98	29.88375	38.0305357142857
1	99	30.06	37.8299242424242
0	100	0	37.589175
