num_of_tit_for_tat	num_of_Pavlov	average_fitness_of_tit_for_tat	average_fitness_of_Pavlov
100	0	50	0
99	1	49.657904040404	68.42
98	2	49.318112244898	68.23875
97	3	48.9893298969072	67.6608333333333
96	4	48.6546354166667	67.8875
95	5	48.3208421052632	67.18
94	6	47.995664893617	67.25125
93	7	47.6442204301075	67.2803571428572
92	8	47.3359782608696	66.505625
91	9	46.9926648351649	66.6622222222222
90	10	46.6529722222222	66.50675
89	11	46.2988764044944	66.1490909090909
88	12	45.9496590909091	65.956875
87	13	45.6247126436782	65.8373076923077
86	14	45.2431686046512	65.9789285714286
85	15	44.9762941176471	65.4605
84	16	44.6151785714286	65.6590625
83	17	44.3087951807229	65.2051470588236
82	18	43.9625914634147	65.1725
81	19	43.6232716049383	64.8423684210526
80	20	43.28159375	64.685375
79	21	42.9274050632911	64.3438095238095
78	22	42.5826602564103	64.4265909090909
77	23	42.2895779220779	64.0407608695652
76	24	41.9706907894737	63.8998958333333
75	25	41.6128666666667	63.7288
74	26	41.2991891891892	63.7471153846154
73	27	40.947602739726	63.3565740740741
72	28	40.5860069444444	63.106875
71	29	40.2502816901408	62.8943965517241
70	30	39.9141071428571	62.9640833333333
69	31	39.6160869565217	62.6903225806452
68	32	39.2990073529412	62.478515625
67	33	38.9509701492537	62.3381060606061
66	34	38.5845454545455	62.0676470588235
65	35	38.2385769230769	62.1215
64	36	37.8711328125	61.7022222222222
63	37	37.5733333333333	61.7018243243243
62	38	37.2054435483871	61.4800657894737
61	39	36.9004508196721	61.226217948718
60	40	36.6112083333333	61.2879375
59	41	36.300593220339	61.0713414634146
58	42	35.9298275862069	60.851369047619
57	43	35.5596052631579	60.4583720930233
56	44	35.193125	60.3227840909091
55	45	34.9015909090909	60.2080555555556
54	46	34.6049074074074	60.0860326086956
53	47	34.2680660377358	59.8544680851064
52	48	33.9528365384615	59.715
51	49	33.5453431372549	59.5735714285714
50	50	33.19465	59.2239
49	51	32.8911224489796	59.167794117647
48	52	32.5347916666667	58.9846153846154
47	53	32.1844680851064	58.8598113207547
46	54	31.8886413043478	58.6213425925926
45	55	31.4768333333333	58.6480454545455
44	56	31.1606818181818	58.2918303571429
43	57	30.8464534883721	58.1964912280702
42	58	30.5745833333333	58.0978448275862
41	59	30.1329268292683	57.8593644067797
40	60	29.851375	57.65425
39	61	29.4917948717949	57.3991393442623
38	62	29.2227631578948	57.1476612903225
37	63	28.8229054054054	57.019007936508
36	64	28.4479166666667	56.8499609375
35	65	28.1679285714286	56.555
34	66	27.8647794117647	56.5992045454545
33	67	27.4554545454545	56.357947761194
32	68	27.1675	56.1833088235294
31	69	26.81	56.0507608695652
30	70	26.525	55.8353928571429
29	71	25.9577586206896	55.6472183098591
28	72	25.8176785714286	55.6008680555555
27	73	25.5456481481481	55.3718835616438
26	74	25.1219230769231	55.1337162162162
25	75	24.8804	54.9117333333334
24	76	24.5684375	54.8397368421053
23	77	24.0916304347826	54.6214285714286
22	78	23.8767045454546	54.5070512820513
21	79	23.5579761904762	54.2267721518987
20	80	23.131125	54.0145000000001
19	81	22.9493421052632	53.7578703703704
18	82	22.4277777777778	53.7260670731707
17	83	22.0463235294118	53.4718373493976
16	84	21.72765625	53.2470535714286
15	85	21.502	53.1067058823529
14	86	21.1239285714286	52.961773255814
13	87	20.6948076923077	52.8342816091955
12	88	20.3745833333333	52.720625
11	89	19.9286363636364	52.5685674157303
10	90	19.8465	52.1388333333333
9	91	19.3775	52.1297802197803
8	92	19.1453125	51.9853532608696
7	93	18.7314285714286	51.6843279569892
6	94	18.3295833333333	51.6488031914893
5	95	18.0455	51.4577894736842
4	96	17.903125	51.161796875
3	97	17.4325	51.1001804123711
2	98	17.0175	50.7701785714286
1	99	16.665	50.727398989899
0	100	0	50.63015
