num_of_tit_for_tat	num_of_shame_driven_denying	average_fitness_of_tit_for_tat	average_fitness_of_shame_driven_denying
100	0	50	0
99	1	49.5734595959596	66.0725
98	2	49.1519642857143	65.4525
97	3	48.7338402061856	65.1858333333334
96	4	48.3020572916667	64.85125
95	5	47.8725526315789	64.5805
94	6	47.4677925531915	64.1616666666667
93	7	47.0438440860215	63.9282142857143
92	8	46.5857065217391	63.443125
91	9	46.2038736263736	63.0238888888889
90	10	45.7465833333333	62.55575
89	11	45.3593820224719	62.2997727272727
88	12	44.9156534090909	61.8358333333333
87	13	44.4386494252874	61.2905769230769
86	14	44.0343604651163	61.0576785714286
85	15	43.6538235294118	60.8266666666667
84	16	43.2403273809524	60.4353125
83	17	42.7928915662651	60.0557352941176
82	18	42.3887804878049	59.6152777777778
81	19	41.9298456790123	59.1975
80	20	41.4736875	58.854125
79	21	41.0692088607595	58.4892857142857
78	22	40.6485897435897	58.3143181818182
77	23	40.2708441558442	57.8204347826087
76	24	39.8275986842105	57.5308333333333
75	25	39.4373	57.0875
74	26	39.0220608108108	56.8444230769231
73	27	38.5954452054794	56.4211111111111
72	28	38.1679861111111	55.928125
71	29	37.7722535211268	55.6922413793104
70	30	37.3185	55.1780833333333
69	31	36.8967391304348	54.8825806451613
68	32	36.381875	54.613125
67	33	35.9838805970149	54.1545454545454
66	34	35.6212878787879	53.8500735294118
65	35	35.2238076923077	53.3775714285714
64	36	34.70203125	53.0574305555555
63	37	34.3645238095238	52.5787162162162
62	38	33.9232258064516	52.2463157894737
61	39	33.4901229508197	51.8612179487179
60	40	33.072375	51.575375
59	41	32.694406779661	51.1446951219512
58	42	32.1881034482759	50.8117261904762
57	43	31.8361403508772	50.5112790697675
56	44	31.3548660714286	50.1548295454546
55	45	30.9099090909091	49.8282222222222
54	46	30.5898611111111	49.3401086956522
53	47	30.0854245283019	49.059255319149
52	48	29.7309134615385	48.7126041666667
51	49	29.2682352941176	48.3194387755102
50	50	28.85525	47.85055
49	51	28.4709183673469	47.5563235294118
48	52	27.9930208333333	47.1290384615385
47	53	27.5310106382979	46.6989622641509
46	54	27.1789130434783	46.4477777777778
45	55	26.7208888888889	46.0498636363637
44	56	26.3315340909091	45.7470089285714
43	57	25.9186046511628	45.2985964912281
42	58	25.4344047619048	44.9582327586207
41	59	25.0354878048781	44.6246610169491
40	60	24.624375	44.1258333333333
39	61	24.1491666666667	43.9079508196721
38	62	23.85625	43.4629032258065
37	63	23.3520945945946	42.9905158730159
36	64	22.89	42.669453125
35	65	22.5037142857143	42.4362692307692
34	66	21.9569852941177	41.9765530303031
33	67	21.6368939393939	41.6698134328358
32	68	21.203671875	41.2971691176471
31	69	20.8034677419355	40.8596739130435
30	70	20.3824166666667	40.5636071428571
29	71	19.8398275862069	40.1457394366197
28	72	19.3891964285714	39.7595833333333
27	73	19.0053703703704	39.2774657534247
26	74	18.6948076923077	39.0503716216216
25	75	18.1009	38.6644
24	76	17.9297916666667	38.2821381578947
23	77	17.3904347826087	37.9073376623377
22	78	16.9420454545454	37.5958333333333
21	79	16.7035714285714	37.2446835443038
20	80	16.22925	36.79715625
19	81	15.6913157894737	36.470524691358
18	82	15.2448611111111	36.1481402439025
17	83	14.8416176470588	35.7283734939759
16	84	14.5965625	35.3466071428572
15	85	14.1548333333333	35.0194117647059
14	86	13.5882142857143	34.6654069767442
13	87	13.2596153846154	34.2351436781609
12	88	12.6410416666667	33.8254261363636
11	89	12.2722727272727	33.5614606741573
10	90	11.95425	33.1323055555556
9	91	11.4419444444444	32.7591483516483
8	92	10.9734375	32.4189130434783
7	93	10.7739285714286	32.0305913978495
6	94	10.1870833333333	31.711835106383
5	95	9.8795	31.3054736842105
4	96	9.32625	30.9180208333333
3	97	9.055	30.5854639175258
2	98	8.785	30.1839795918367
1	99	8.3325	29.8614393939394
0	100	0	29.4297
