num_of_tit_for_tat	num_of_TFT_with_trembling_hand	average_fitness_of_tit_for_tat	average_fitness_of_TFT_with_trembling_hand
100	0	50	0
99	1	49.7200757575757	60.31
98	2	49.421556122449	59.84375
97	3	49.1239948453608	59.3016666666667
96	4	48.849296875	59.084375
95	5	48.5521578947368	58.812
94	6	48.2739893617022	58.4541666666667
93	7	48.0131989247312	58.2964285714286
92	8	47.7116576086956	58.146875
91	9	47.4128571428571	57.8197222222222
90	10	47.1391111111111	57.80625
89	11	46.8319943820225	57.3134090909091
88	12	46.5663636363636	57.2852083333334
87	13	46.2785344827586	56.8759615384615
86	14	45.9929651162791	56.6085714285714
85	15	45.7067352941177	56.4646666666667
84	16	45.4348511904762	56.109375
83	17	45.1303614457831	55.9060294117647
82	18	44.8354573170732	55.6513888888889
81	19	44.5601851851852	55.3080263157895
80	20	44.30540625	55.085125
79	21	44.0054746835443	54.9347619047619
78	22	43.7138141025641	54.5682954545455
77	23	43.4466558441558	54.4559782608695
76	24	43.0898684210526	54.1214583333333
75	25	42.8534666666667	53.8542
74	26	42.5496621621622	53.5515384615385
73	27	42.277705479452	53.23
72	28	41.9817361111111	53.0739285714286
71	29	41.629014084507	52.8035344827586
70	30	41.3976428571428	52.5518333333333
69	31	41.1246376811594	52.2889516129032
68	32	40.8577205882353	52.1271875
67	33	40.5661567164179	51.7539393939394
66	34	40.2449621212121	51.5829411764706
65	35	39.9649615384615	51.3580714285714
64	36	39.673125	51.0984722222222
63	37	39.3753571428571	50.8102027027027
62	38	39.1216532258065	50.4584210526316
61	39	38.8402459016393	50.2040384615385
60	40	38.519875	50.0714375
59	41	38.294279661017	49.7493292682927
58	42	37.9653879310345	49.4907142857143
57	43	37.6968859649123	49.2871511627907
56	44	37.3836607142857	48.9238068181818
55	45	37.1476363636364	48.8316111111111
54	46	36.8857407407407	48.4164673913044
53	47	36.5542924528302	48.2998936170213
52	48	36.2296153846154	48.0046875
51	49	35.969068627451	47.7417857142857
50	50	35.71795	47.40525
49	51	35.4255612244898	47.1349019607843
48	52	35.14421875	46.9988461538461
47	53	34.8456382978723	46.6309905660377
46	54	34.4891847826087	46.4038888888889
45	55	34.2126666666667	46.2256363636364
44	56	34.0278409090909	45.9558482142857
43	57	33.72	45.8020175438596
42	58	33.3558333333333	45.5075431034483
41	59	33.1698780487805	45.1741949152542
40	60	32.780125	44.9646666666667
39	61	32.6071153846154	44.7209426229508
38	62	32.3180263157895	44.3595967741935
37	63	32.0583108108108	44.1914285714286
36	64	31.5784027777778	43.890078125
35	65	31.4231428571429	43.6392692307692
34	66	31.105	43.3917045454546
33	67	30.8059848484848	43.1986940298507
32	68	30.43171875	42.770919117647
31	69	30.2775	42.6702898550725
30	70	29.9423333333333	42.3486071428571
29	71	29.7229310344827	42.1380281690141
28	72	29.4147321428571	41.8351388888889
27	73	29.1290740740741	41.6656164383562
26	74	28.8371153846154	41.3360810810811
25	75	28.6039	41.1188666666667
24	76	28.2992708333333	40.8207894736842
23	77	27.9284782608696	40.6112662337662
22	78	27.6810227272727	40.2597435897436
21	79	27.3992857142857	40.0838607594937
20	80	27.130375	39.791875
19	81	26.7594736842105	39.5983333333333
18	82	26.4875	39.2920121951219
17	83	26.1270588235294	39.1453012048193
16	84	25.90453125	38.7639583333333
15	85	25.7743333333333	38.5716764705882
14	86	25.21875	38.359273255814
13	87	25.0605769230769	38.0483908045977
12	88	24.8477083333333	37.8359090909091
11	89	24.5513636363636	37.569691011236
10	90	24.0665	37.2645555555556
9	91	23.9219444444444	37.0885714285714
8	92	23.6853125	36.7725271739131
7	93	23.2964285714286	36.5462096774194
6	94	23.095	36.2433510638298
5	95	22.859	36.0426315789474
4	96	22.52875	35.7629427083333
3	97	22.1866666666667	35.4743298969072
2	98	21.6425	35.2141836734694
1	99	21.505	34.9855303030303
0	100	0	34.792475
