num_of_always_defect	num_of_shame_driven_denying	average_fitness_of_always_defect	average_fitness_of_shame_driven_denying
20	0	0	0
19	1	1	-4.75
18	2	2	-1.23375
17	3	2.99941176470588	2.1725
16	4	3.999375	5.40375
15	5	5	8.9505
14	6	6	12.4358333333333
13	7	6.99923076923077	15.8625
12	8	8	19.19625
11	9	8.99818181818182	22.3272222222222
10	10	10	25.733
9	11	10.9988888888889	29.4377272727273
8	12	12	32.7764583333334
7	13	12.9985714285714	36.1461538461539
6	14	14	39.3085714285714
5	15	15	43.257
4	16	16	46.47140625
3	17	17	49.7754411764706
2	18	18	53.6172222222222
1	19	19	56.9688157894737
0	20	0	60.109875
