num_of_always_trembling	num_of_TFT_with_trembling_hand	average_fitness_of_always_trembling	average_fitness_of_TFT_with_trembling_hand
20	0	74.866625	0
19	1	75.1022368421053	74.48
18	2	75.5143055555556	75.305
17	3	75.717205882353	76.2808333333333
16	4	75.3990625	78.22875
15	5	75.8438333333334	79.1955
14	6	75.9496428571428	80.2
13	7	76.1073076923077	82.0357142857143
12	8	76.5302083333333	82.8184375
11	9	76.7334090909091	84.0163888888889
10	10	76.7265	85.409
9	11	76.6016666666667	86.4661363636363
8	12	77.06625	87.794375
7	13	77.3607142857143	88.7784615384615
6	14	77.4991666666667	90.0885714285714
5	15	77.7385	91.4848333333334
4	16	77.428125	92.57453125
3	17	77.6558333333333	93.8327941176471
2	18	78.1425	95.0644444444445
1	19	77.9225	96.4976315789474
0	20	0	97.763875
