num_of_always_cooperate	num_of_shame_driven_hiding	average_fitness_of_always_cooperate	average_fitness_of_shame_driven_hiding
20	0	150	0
19	1	149.341052631579	159.015
18	2	148.663888888889	158.93125
17	3	147.928235294118	159.023333333333
16	4	147.236875	158.03875
15	5	146.542666666667	157.112
14	6	145.772857142857	155.7
13	7	144.968461538462	153.9
12	8	144.208333333333	151.8334375
11	9	143.306363636364	149.434166666667
10	10	142.37	146.14625
9	11	141.581111111111	142.327727272727
8	12	140.62375	138.535625
7	13	139.545714285714	133.300961538462
6	14	138.456666666667	127.729642857143
5	15	137.314	121.037
4	16	136.045	113.4909375
3	17	134.623333333333	104.347794117647
2	18	133	94.1868055555555
1	19	114.03	83.0990789473684
0	20	0	69.569125
