num_of_always_defect	num_of_Pavlov	average_fitness_of_always_defect	average_fitness_of_Pavlov
20	0	0	0
19	1	5.43526315789474	-25.0325
18	2	10.955	-19.68
17	3	16.3382352941176	-13.6591666666667
16	4	22.0275	-7.7175
15	5	27.4146666666667	-1.769
14	6	32.8992857142857	3.67625
13	7	38.2884615384615	9.57821428571429
12	8	43.9475	15.1171875
11	9	49.1945454545455	20.6447222222222
10	10	54.672	26.749
9	11	60.3311111111111	32.3788636363636
8	12	66.1025	38.3929166666667
7	13	71.1028571428571	44.0736538461538
6	14	76.6333333333333	49.54625
5	15	82.248	55.6968333333333
4	16	87.8175	61.5990625
3	17	93.1033333333333	67.4539705882353
2	18	98.595	73.3936111111111
1	19	104.09	79.27
0	20	0	85.103125
