num_of_always_trembling	num_of_shame_driven_denying	average_fitness_of_always_trembling	average_fitness_of_shame_driven_denying
20	0	75.166375	0
19	1	74.2264473684211	77.1725
18	2	73.5156944444444	76.885
17	3	73.3036764705882	75.5058333333334
16	4	72.34734375	75.214375
15	5	71.7128333333333	74.1305
14	6	71.02125	73.5341666666667
13	7	70.5190384615385	72.2917857142857
12	8	69.4829166666667	71.0925
11	9	69.3943181818182	70.3408333333333
10	10	68.185	69.81525
9	11	67.9775	68.7338636363636
8	12	66.7434375	67.97125
7	13	66.8785714285714	66.9923076923077
6	14	65.8858333333333	66.0317857142857
5	15	65.169	64.7565
4	16	64.7475	63.67546875
3	17	63.1508333333333	63.3485294117647
2	18	63.9925	62.0168055555555
1	19	62.615	61.1793421052631
0	20	0	59.966375
