num_of_always_cooperate	num_of_Pavlov	average_fitness_of_always_cooperate	average_fitness_of_Pavlov
20	0	150	0
19	1	146.51	173.775
18	2	142.781666666667	169.50125
17	3	138.971764705882	164.531666666667
16	4	135.63	159.974375
15	5	132.610666666667	156.085
14	6	128.600714285714	151.035833333333
13	7	125.123076923077	146.720714285714
12	8	121.929166666667	142.124375
11	9	118.219090909091	137.285555555556
10	10	114.3	132.87625
9	11	111.372222222222	127.786363636364
8	12	107.43625	122.965416666667
7	13	103.594285714286	118.696346153846
6	14	100.106666666667	113.966785714286
5	15	96.874	108.799
4	16	93.7675	103.9965625
3	17	88.97	99.5285294117647
2	18	85.03	95.0270833333334
1	19	81.59	90.1892105263158
0	20	0	85.2917499999999
