num_of_always_defect	num_of_TFT_with_trembling_hand	average_fitness_of_always_defect	average_fitness_of_TFT_with_trembling_hand
20	0	0	0
19	1	1	-4.7475
18	2	2	0.60625
17	3	2.99941176470588	6.24166666666667
16	4	4	11.306875
15	5	5	16.788
14	6	5.99928571428571	22.075
13	7	6.99923076923077	27.2614285714286
12	8	8	33.055
11	9	8.99909090909091	38.4538888888889
10	10	10	43.955
9	11	11	49.1343181818182
8	12	11.99875	54.481875
7	13	13	59.7355769230769
6	14	14	65.3107142857143
5	15	15	70.6843333333333
4	16	16	76.26671875
3	17	17	81.4655882352941
2	18	18	86.7093055555555
1	19	19	92.2352631578947
0	20	0	97.480125
