num_of_always_defect	num_of_shame_driven_hiding	average_fitness_of_always_defect	average_fitness_of_shame_driven_hiding
20	0	0	0
19	1	1	-4.75
18	2	2	-1.47125
17	3	3	2.4025
16	4	3.999375	5.85125
15	5	4.99933333333333	9.3935
14	6	6	12.9129166666667
13	7	7	16.7135714285714
12	8	7.99916666666667	20.2959375
11	9	9	24.1966666666667
10	10	9.999	28.48525
9	11	11	32.5006818181818
8	12	12	37.0852083333333
7	13	13	40.7988461538462
6	14	13.9983333333333	45.3826785714286
5	15	15	49.0988333333333
4	16	16	53.795625
3	17	17	58.4835294117647
2	18	18	62.09125
1	19	19	66.2667105263158
0	20	0	70.150375
