num_of_always_trembling	num_of_shame_driven_hiding	average_fitness_of_always_trembling	average_fitness_of_shame_driven_hiding
20	0	75.132375	0
19	1	74.928947368421	74.2925
18	2	74.8631944444444	76.32125
17	3	75.3629411764706	77.9058333333334
16	4	75.25859375	79.713125
15	5	75.3225	80.6125
14	6	75.6471428571429	82.8175
13	7	75.7780769230769	84.5242857142857
12	8	75.6370833333333	86.6075
11	9	75.6054545454546	88.1408333333333
10	10	75.59425	89.682
9	11	75.8369444444444	91.1211363636364
8	12	75.93375	93.0116666666667
7	13	76.4882142857143	94.6775
6	14	75.7504166666667	96.27125
5	15	75.8925	97.6076666666667
4	16	75.565625	97.60984375
3	17	75.5208333333333	95.7148529411764
2	18	76.3875	90.8118055555556
1	19	75.725	83.6431578947368
0	20	0	69.9685
