num_of_always_defect	num_of_guilt_driven_amending	average_fitness_of_always_defect	average_fitness_of_guilt_driven_amending
20	0	0	0
19	1	1	-4.75
18	2	2	2.03875
17	3	2.99941176470588	8.825
16	4	3.999375	15.9725
15	5	5	23.11
14	6	6	29.8154166666667
13	7	6.99846153846154	36.8717857142857
12	8	8	43.6346875
11	9	9	50.7763888888889
10	10	9.999	57.43725
9	11	11	64.3688636363636
8	12	12	70.9375
7	13	12.9971428571429	78.2780769230769
6	14	14	85.0680357142857
5	15	15	91.8908333333334
4	16	16	98.929375
3	17	17	105.939411764706
2	18	18	112.666111111111
1	19	19	119.613684210526
0	20	0	126.468
