num_of_always_trembling	num_of_Pavlov	average_fitness_of_always_trembling	average_fitness_of_Pavlov
20	0	74.84	0
19	1	75.3617105263158	75.09
18	2	76.1588888888889	75.5625
17	3	75.9954411764706	76.535
16	4	76.57828125	76.54875
15	5	76.9993333333333	77.0885
14	6	77.4248214285714	76.8704166666667
13	7	78.2173076923077	78.0660714285714
12	8	78.1791666666666	78.2790625
11	9	77.9661363636364	78.96
10	10	78.954	79.6795
9	11	79.1144444444444	80.3181818181818
8	12	79.7865625	80.335625
7	13	80.3625	81.2190384615384
6	14	80.5729166666666	81.6925
5	15	80.6935	82.6296666666667
4	16	81.173125	82.76953125
3	17	81.4791666666667	83.2952941176471
2	18	82.1675	84.0991666666667
1	19	82.79	84.6721052631579
0	20	0	85.336875
