num_of_shame_driven_hiding	num_of_Pavlov	average_fitness_of_shame_driven_hiding	average_fitness_of_Pavlov
20	0	69.402125	0
19	1	80.3638157894737	76.6925
18	2	88.9369444444445	77.16875
17	3	95.1707352941176	78.0508333333334
16	4	99.0446875	79.0375
15	5	102.240666666667	79.33
14	6	104.155535714286	80.18625
13	7	105.1175	80.4403571428571
12	8	105.1325	81.2678125
11	9	105.236590909091	81.6494444444445
10	10	105.48325	81.6995
9	11	104.894722222222	82.5981818181818
8	12	104.8025	82.499375
7	13	104.398214285714	83.2392307692308
6	14	104.892083333333	83.4657142857143
5	15	104.2595	83.8336666666667
4	16	103.549375	84.29578125
3	17	103.1025	84.3501470588235
2	18	104.20875	84.7723611111111
1	19	102.2325	85.1534210526316
0	20	0	85.44475
