num_of_shame_driven_denying	num_of_guilt_driven_amending	average_fitness_of_shame_driven_denying	average_fitness_of_guilt_driven_amending
20	0	60.1545	0
19	1	62.0713157894737	79.825
18	2	63.5201388888889	82.12125
17	3	65.3482352941176	84.2
16	4	66.9640625	87.564375
15	5	68.8791666666666	89.416
14	6	70.4601785714286	91.8229166666667
13	7	72.0765384615385	94.7192857142857
12	8	74.1485416666667	97.1190625
11	9	75.5913636363636	99.6291666666666
10	10	77.39025	101.47375
9	11	79.0177777777778	104.465
8	12	80.7040625	107.119583333333
7	13	82.8003571428572	109.555384615385
6	14	84.5308333333334	111.6575
5	15	85.6955	114.036333333333
4	16	87.571875	116.49125
3	17	89.8483333333333	119.281911764706
2	18	90.9425	121.5875
1	19	92.92	124.184078947368
0	20	0	126.555875
