num_of_shame_driven_denying	num_of_Pavlov	average_fitness_of_shame_driven_denying	average_fitness_of_Pavlov
20	0	60.32825	0
19	1	62.2626315789474	60.9075
18	2	64.6830555555556	62.8875
17	3	67.1180882352941	65.0325
16	4	69.66234375	65.995
15	5	72.0395	67.9625
14	6	74.7010714285714	68.4308333333333
13	7	77.0217307692308	69.7532142857143
12	8	79.6975	71.2121875
11	9	81.1563636363637	72.5105555555556
10	10	83.93675	73.6774999999999
9	11	85.9088888888889	74.735
8	12	88.895	76.0185416666667
7	13	90.4428571428571	77.0940384615384
6	14	93.3229166666666	78.2358928571429
5	15	95.597	79.3978333333333
4	16	98.54625	80.64765625
3	17	100.718333333333	81.825
2	18	102.77	82.8513888888889
1	19	104.8725	84.116447368421
0	20	0	85.20025
