num_of_shame_driven_hiding	num_of_guilt_driven_amending	average_fitness_of_shame_driven_hiding	average_fitness_of_guilt_driven_amending
20	0	70.023125	0
19	1	74.4743421052632	119.315
18	2	78.9416666666667	120.56375
17	3	83.2073529411765	121.151666666667
16	4	87.753125	121.604375
15	5	91.2643333333333	122.142
14	6	96.5575	122.55875
13	7	101.279615384615	122.939642857143
12	8	105.418541666667	123.33
11	9	109.354545454545	123.645
10	10	113.89325	123.94225
9	11	118.344166666667	124.243863636364
8	12	121.6590625	124.477291666667
7	13	126.050714285714	124.722307692308
6	14	129.716666666667	125.034107142857
5	15	131.9615	125.248
4	16	134.333125	125.5871875
3	17	136.741666666667	125.777941176471
2	18	139.1575	126.130416666667
1	19	139.72	126.270921052632
0	20	0	126.54675
