num_of_TFT_with_trembling_hand	num_of_shame_driven_denying	average_fitness_of_TFT_with_trembling_hand	average_fitness_of_shame_driven_denying
20	0	97.61925	0
19	1	96.3981578947369	79.9625
18	2	95.5456944444445	80.6625
17	3	94.1855882352942	78.8758333333333
16	4	93.0978125	77.57375
15	5	91.5041666666667	76.6915
14	6	91.0944642857143	75.6770833333334
13	7	89.5701923076924	74.8725
12	8	88.7716666666667	73.3278125
11	9	87.4463636363637	72.4119444444445
10	10	86.3025	71.40025
9	11	85.6883333333333	70.1402272727273
8	12	84.0553125	68.7822916666667
7	13	82.905	67.9551923076923
6	14	81.36	66.7041071428571
5	15	80.401	65.6471666666667
4	16	79.0875	64.875625
3	17	78.86	63.5864705882353
2	18	77.56875	62.6701388888889
1	19	77.25	61.0078947368421
0	20	0	60.03875
