num_of_TFT_with_trembling_hand	num_of_Pavlov	average_fitness_of_TFT_with_trembling_hand	average_fitness_of_Pavlov
20	0	97.64175	0
19	1	97.2740789473685	80.12
18	2	97.4384722222222	79.3625
17	3	97.5807352941176	80.33
16	4	97.195	80.08
15	5	96.9856666666666	80.724
14	6	96.875	81.2575
13	7	96.4842307692308	81.7257142857143
12	8	96.548125	81.7528125
11	9	96.7722727272728	82.6855555555556
10	10	96.1735	82.65475
9	11	96.6505555555556	82.9715909090909
8	12	96.3834375	83.1179166666667
7	13	95.7082142857143	83.7561538461538
6	14	95.7208333333334	83.9369642857143
5	15	95.728	84.0468333333333
4	16	95.88875	84.39546875
3	17	95.8291666666667	84.8629411764706
2	18	95.26625	84.8680555555555
1	19	95.9725	84.9361842105263
0	20	0	85.460375
