num_of_TFT_with_trembling_hand	num_of_shame_driven_hiding	average_fitness_of_TFT_with_trembling_hand	average_fitness_of_shame_driven_hiding
20	0	97.408375	0
19	1	97.5405263157894	103.7275
18	2	97.4601388888888	102.96
17	3	97.6967647058823	103.596666666667
16	4	97.56703125	103.491875
15	5	97.7093333333333	103.324
14	6	97.4717857142857	103.55
13	7	97.7807692307692	103.588214285714
12	8	97.7027083333333	103.381875
11	9	97.515	103.790555555556
10	10	97.76275	103.33825
9	11	97.6997222222222	103.311363636364
8	12	97.7865625	102.935625
7	13	97.5292857142857	103.335961538462
6	14	97.4041666666666	102.784821428571
5	15	97.8745	102.2595
4	16	98.034375	101.15515625
3	17	97.4958333333334	99.4566176470588
2	18	97.9325	95.2593055555556
1	19	97.1925	86.065
0	20	0	70.554125
