num_of_tit_for_tat	num_of_TFT_with_trembling_hand	average_fitness_of_tit_for_tat	average_fitness_of_TFT_with_trembling_hand
20	0	150	0
19	1	147.989736842105	118.59
18	2	145.926388888889	118.265
17	3	143.818823529412	117.004166666667
16	4	141.744375	115.915
15	5	139.5905	114.569
14	6	137.505357142857	113.579583333333
13	7	135.459807692308	112.283571428571
12	8	133.375625	111.1675
11	9	131.346363636364	109.855555555556
10	10	129.29875	108.78675
9	11	127.278611111111	107.774772727273
8	12	125.175	106.582083333333
7	13	122.909642857143	105.295192307692
6	14	120.829166666667	104.482857142857
5	15	118.769	103.213666666667
4	16	116.790625	102.1421875
3	17	114.745833333333	100.925294117647
2	18	113.3025	99.8156944444444
1	19	111.5475	98.846447368421
0	20	0	97.62025
