num_of_tit_for_tat	num_of_guilt_driven_amending	average_fitness_of_tit_for_tat	average_fitness_of_guilt_driven_amending
20	0	150	0
19	1	149.244342105263	137.81
18	2	148.525833333333	137.37125
17	3	147.751176470588	136.424166666667
16	4	147.05875	136.121875
15	5	146.288	135.4755
14	6	145.535535714286	134.907083333333
13	7	144.642692307692	134.298928571429
12	8	144.079166666667	133.8084375
11	9	143.291363636364	133.130277777778
10	10	142.52825	132.51475
9	11	141.757777777778	131.853863636364
8	12	140.985625	131.397083333333
7	13	140.2375	130.738461538462
6	14	139.52625	130.089642857143
5	15	138.6555	129.514333333333
4	16	138.019375	128.98171875
3	17	137.275	128.351617647059
2	18	136.6575	127.732638888889
1	19	135.69	127.071052631579
0	20	0	126.45925
