num_of_tit_for_tat	num_of_Pavlov	average_fitness_of_tit_for_tat	average_fitness_of_Pavlov
20	0	150	0
19	1	147.562236842105	87.245
18	2	145.071805555556	87.12625
17	3	142.826029411765	86.6808333333333
16	4	140.06359375	86.676875
15	5	138.225166666667	86.935
14	6	135.532142857143	86.8325
13	7	132.801346153846	86.7553571428572
12	8	130.373541666667	86.801875
11	9	128.318636363636	86.455
10	10	125.71525	86.89525
9	11	123.4825	86.6675
8	12	121.0984375	86.708125
7	13	118.985714285714	85.9784615384615
6	14	115.945	86.3771428571429
5	15	113.911	85.9421666666667
4	16	111.506875	85.8078125
3	17	108.600833333333	85.53
2	18	106.62375	85.5225
1	19	104.3125	85.3714473684211
0	20	0	85.307375
