num_of_tit_for_tat	num_of_shame_driven_hiding	average_fitness_of_tit_for_tat	average_fitness_of_shame_driven_hiding
20	0	150	0
19	1	149.348421052632	142.0375
18	2	148.657777777778	136.81375
17	3	148.002941176471	133.2275
16	4	147.26625	130.0325
15	5	146.534666666667	125.2
14	6	145.786428571429	122.07125
13	7	144.993846153846	118.932857142857
12	8	144.14	115.408125
11	9	143.323636363636	111.511111111111
10	10	142.46	108.0435
9	11	141.518888888889	103.072954545455
8	12	140.5825	99.093125
7	13	139.64	97.1073076923077
6	14	138.653333333333	91.9253571428572
5	15	137.47	88.1728333333333
4	16	136.0775	85.05546875
3	17	134.663333333333	81.252794117647
2	18	132.845	77.0936111111111
1	19	116.15	73.3801315789474
0	20	0	69.8685
