num_of_tit_for_tat	num_of_shame_driven_denying	average_fitness_of_tit_for_tat	average_fitness_of_shame_driven_denying
20	0	150	0
19	1	146.093421052632	96.68
18	2	142.752777777778	94.105
17	3	139.022352941176	91.85
16	4	135.4409375	90.325
15	5	131.2525	88.11
14	6	128.111428571429	86.4645833333333
13	7	124.073269230769	84.0832142857143
12	8	120.527916666667	82.145
11	9	116.546136363636	80.2919444444445
10	10	113.4225	78.529
9	11	109.351388888889	76.9479545454545
8	12	106.3746875	75.2110416666667
7	13	101.904642857143	73.5313461538462
6	14	98.6870833333333	71.0758928571428
5	15	94.3905	69.542
4	16	90.911875	67.288125
3	17	87.0875	65.7769117647059
2	18	83.795	63.6648611111111
1	19	80.0225	61.9790789473684
0	20	0	60.173625
