num_of_generous_TFT	num_of_guilt_driven_amending	average_fitness_of_generous_TFT	average_fitness_of_guilt_driven_amending
50	0	50	0
49	1	49.8816836734694	51.635
48	2	49.7808854166666	51.85875
47	3	49.6559042553191	51.5716666666667
46	4	49.5636956521739	51.424375
45	5	49.4250555555555	51.335
44	6	49.3259090909091	51.1270833333333
43	7	49.2030813953489	51.0067857142857
42	8	49.0993452380952	50.86125
41	9	48.967256097561	50.8883333333334
40	10	48.8685625	50.751
39	11	48.7277564102564	50.6013636363636
38	12	48.61625	50.5310416666667
37	13	48.513445945946	50.3586538461539
36	14	48.4097222222222	50.2080357142857
35	15	48.3216428571428	50.0953333333334
34	16	48.1706617647059	49.99796875
33	17	48.0659090909091	49.9682352941176
32	18	47.964921875	49.8154166666667
31	19	47.8086290322581	49.6225
30	20	47.7210833333333	49.49975
29	21	47.6281896551724	49.4247619047619
28	22	47.5166071428571	49.2988636363636
27	23	47.3691666666667	49.1570652173913
26	24	47.2519230769231	49.0772916666667
25	25	47.1382	48.9753
24	26	47.0114583333333	48.8475961538462
23	27	46.8676086956522	48.7376851851852
22	28	46.8555681818182	48.5883928571429
21	29	46.6795238095238	48.4831034482758
20	30	46.601	48.40225
19	31	46.5292105263158	48.220564516129
18	32	46.3819444444445	48.094765625
17	33	46.1773529411765	48.0190909090909
16	34	46.1265625	47.8402205882353
15	35	45.9886666666667	47.7203571428572
14	36	45.8508928571429	47.658125
13	37	45.7734615384615	47.5361486486487
12	38	45.6308333333333	47.3753947368421
11	39	45.5386363636363	47.2789743589744
10	40	45.425	47.1385
9	41	45.3066666666667	47.0101829268293
8	42	45.245	46.9319642857143
7	43	45.1567857142857	46.7372093023256
6	44	44.99875	46.7027840909091
5	45	44.873	46.5583333333333
4	46	44.765	46.4229347826087
3	47	44.5558333333333	46.3135638297872
2	48	44.51625	46.1683333333333
1	49	44.485	46.102193877551
0	50	0	45.94545
