num_of_generous_TFT	num_of_TFT_with_trembling_hand	average_fitness_of_generous_TFT	average_fitness_of_TFT_with_trembling_hand
50	0	50	0
49	1	49.8096428571429	53.055
48	2	49.6399479166667	52.90875
47	3	49.4338829787234	52.8883333333333
46	4	49.3124456521739	52.634375
45	5	49.1062222222222	52.5045
44	6	48.8839772727273	52.2195833333333
43	7	48.7122674418605	52.0746428571428
42	8	48.5307142857143	51.7903125
41	9	48.3495731707317	51.6536111111111
40	10	48.216375	51.3395
39	11	47.9966666666667	51.1597727272727
38	12	47.8006578947368	51.0770833333333
37	13	47.6382432432433	50.8530769230769
36	14	47.4557638888889	50.6835714285714
35	15	47.2435	50.4731666666667
34	16	47.1007352941176	50.2734375
33	17	46.9155303030303	50.0639705882353
32	18	46.716953125	49.76
31	19	46.5362096774194	49.5730263157895
30	20	46.36375	49.398125
29	21	46.2252586206896	49.2796428571429
28	22	46.005	48.9707954545455
27	23	45.844537037037	48.7747826086957
26	24	45.6619230769231	48.6454166666667
25	25	45.4526	48.4459
24	26	45.3085416666667	48.2110576923077
23	27	45.1319565217391	48.1141666666666
22	28	44.8859090909091	47.8667857142857
21	29	44.7714285714286	47.6987931034483
20	30	44.49575	47.46075
19	31	44.4501315789474	47.2149193548387
18	32	44.2954166666667	47.02421875
17	33	43.9501470588235	46.8215909090909
16	34	43.844375	46.5956617647059
15	35	43.65	46.4307857142857
14	36	43.5057142857143	46.2600694444444
13	37	43.2719230769231	46.0243918918919
12	38	43.1358333333333	45.7667105263158
11	39	42.9811363636364	45.628141025641
10	40	42.7375	45.4456875
9	41	42.6533333333333	45.2637804878049
8	42	42.365	45.0491071428571
7	43	42.2585714285714	44.7986627906977
6	44	41.9645833333334	44.6211931818182
5	45	41.827	44.4502777777778
4	46	41.564375	44.2517934782609
3	47	41.53	44.0472872340425
2	48	41.4225	43.8499479166667
1	49	41.0725	43.6108163265306
0	50	0	43.4344
