num_of_generous_TFT	num_of_shame_driven_denying	average_fitness_of_generous_TFT	average_fitness_of_shame_driven_denying
50	0	50	0
49	1	49.6531122448979	56.82
48	2	49.2789583333333	56.4475
47	3	48.9442021276596	56.145
46	4	48.5760869565217	55.8375
45	5	48.2016111111111	55.319
44	6	47.8071022727273	55.0141666666667
43	7	47.5044186046512	54.8257142857142
42	8	47.1170833333333	54.294375
41	9	46.8034756097561	54.0594444444445
40	10	46.476375	53.64375
39	11	46.1034615384615	53.2779545454546
38	12	45.6902631578947	52.9572916666667
37	13	45.3931081081081	52.5209615384616
36	14	44.9665972222222	52.1848214285714
35	15	44.6320714285714	51.827
34	16	44.2136029411765	51.48859375
33	17	43.9959848484849	51.1
32	18	43.56921875	50.8247222222222
31	19	43.2554032258065	50.2356578947369
30	20	43	50.010375
29	21	42.5101724137931	49.6067857142857
28	22	42.184375	49.3097727272727
27	23	41.8047222222222	49.0359782608695
26	24	41.4984615384615	48.6630208333333
25	25	40.9833	48.222
24	26	40.8277083333333	47.9653846153846
23	27	40.436847826087	47.5787962962963
22	28	39.9406818181818	47.2758035714286
21	29	39.6867857142857	46.835775862069
20	30	39.275625	46.52575
19	31	38.9323684210526	46.1240322580645
18	32	38.6598611111111	45.74078125
17	33	38.1935294117647	45.3600757575757
16	34	37.8190625	45.09
15	35	37.5315	44.7231428571429
14	36	36.9892857142857	44.4001388888889
13	37	36.9482692307692	44.1157432432433
12	38	36.5258333333333	43.7571710526316
11	39	36.2909090909091	43.2321153846154
10	40	35.76525	42.933625
9	41	35.4888888888889	42.5818292682927
8	42	34.8259375	42.246130952381
7	43	34.6425	41.828023255814
6	44	34.3570833333333	41.5725568181818
5	45	34.083	41.1461111111111
4	46	33.734375	40.785
3	47	33.2125	40.4360106382979
2	48	32.77875	40.0203125
1	49	32.7975	39.7249489795918
0	50	0	39.3696
