num_of_generous_TFT	num_of_shame_driven_hiding	average_fitness_of_generous_TFT	average_fitness_of_shame_driven_hiding
50	0	50	0
49	1	49.8222448979592	57.5
48	2	49.615625	57.3
47	3	49.4391489361702	57.1333333333333
46	4	49.2641304347826	56.9425
45	5	49.0651111111111	56.77
44	6	48.8575	56.54
43	7	48.6988372093023	56.4428571428571
42	8	48.4871428571428	56.1775
41	9	48.330243902439	55.9877777777778
40	10	48.09975	55.791
39	11	47.9005128205128	55.5709090909091
38	12	47.696052631579	55.4175
37	13	47.5291891891892	55.2261538461538
36	14	47.3091666666667	55.0321428571429
35	15	47.1085714285714	54.748
34	16	46.9373529411765	54.631875
33	17	46.7378787878788	54.4041176470588
32	18	46.571875	54.2372222222222
31	19	46.3154838709677	54.0505263157895
30	20	46.107	53.846
29	21	45.9389655172414	53.6404761904762
28	22	45.7482142857143	53.4418181818182
27	23	45.5825925925926	53.2504347826087
26	24	45.3492307692308	53.0445833333333
25	25	45.1488	52.8528
24	26	44.91375	52.6426923076923
23	27	44.7113043478261	52.4355555555556
22	28	44.4731818181818	52.2317857142857
21	29	44.3395238095238	52.0303448275862
20	30	44.148	51.833
19	31	43.9052631578947	51.6267741935484
18	32	43.6977777777778	51.44375
17	33	43.4576470588235	51.2227272727273
16	34	43.239375	50.9923529411765
15	35	43.0746666666667	50.714
14	36	42.8557142857143	50.5547222222222
13	37	42.6023076923077	50.3672972972973
12	38	42.4283333333333	50.0797368421053
11	39	42.2027272727273	49.9341025641026
10	40	41.991	49.70025
9	41	41.8588888888889	49.5207317073171
8	42	41.5825	49.2909523809524
7	43	41.3314285714286	49.0504651162791
6	44	41.1233333333333	48.8372727272727
5	45	40.918	48.6084444444445
4	46	40.69	48.39
3	47	40.4666666666667	48.1585106382979
2	48	40.195	47.9429166666667
1	49	40	47.7173469387755
0	50	0	47.5
