num_of_always_cooperate	num_of_guilt_driven_amending	average_fitness_of_always_cooperate	average_fitness_of_guilt_driven_amending
20	0	50	0
19	1	49.0273684210526	63.8075
18	2	48.105	62.66625
17	3	47.12	61.6166666666667
16	4	46.135	60.524375
15	5	45.1973333333333	59.256
14	6	44.1542857142857	58.2066666666667
13	7	43.3346153846154	56.8332142857143
12	8	42.1891666666667	55.7296875
11	9	41.2372727272727	54.5483333333333
10	10	40.222	53.56925
9	11	39.3822222222222	52.3838636363636
8	12	38.37625	51.269375
7	13	37.3685714285714	50.1888461538461
6	14	36.5383333333333	48.9276785714286
5	15	35.432	47.8771666666667
4	16	34.405	46.75734375
3	17	33.6533333333333	45.5625
2	18	32.595	44.4808333333333
1	19	31.68	43.3082894736842
0	20	0	42.170125
