num_of_always_cooperate	num_of_shame_driven_denying	average_fitness_of_always_cooperate	average_fitness_of_shame_driven_denying
20	0	50	0
19	1	45.3668421052631	118.145
18	2	40.4605555555556	113.0825
17	3	36.07	106.9525
16	4	31.395625	101.533125
15	5	26.5786666666667	96.905
14	6	21.6085714285714	91.0979166666667
13	7	17.2415384615385	86.7407142857143
12	8	12.1808333333333	81.87375
11	9	7.71636363636363	76.5102777777778
10	10	3.017	70.882
9	11	-2.22	66.3004545454545
8	12	-6.115	61.6172916666667
7	13	-10.6485714285714	56.31
6	14	-15.39	50.6073214285714
5	15	-20.38	44.9996666666667
4	16	-25.7275	40.49375
3	17	-28.9466666666667	35.5380882352941
2	18	-34.81	30.3366666666667
1	19	-40.84	25.3152631578947
0	20	0	20.03275
