num_of_always_cooperate	num_of_shame_driven_hiding	average_fitness_of_always_cooperate	average_fitness_of_shame_driven_hiding
20	0	50	0
19	1	49.3557894736842	76.715
18	2	48.6683333333333	79.80375
17	3	47.9517647058824	80.7241666666667
16	4	47.250625	82.279375
15	5	46.54	82.9570000000001
14	6	45.7007142857143	83.9745833333334
13	7	44.9992307692308	84.0057142857143
12	8	44.1858333333333	83.005625
11	9	43.3681818181818	82.1772222222222
10	10	42.484	81.54125
9	11	41.5944444444444	79.3490909090909
8	12	40.6075	77.4797916666666
7	13	39.57	73.9136538461538
6	14	38.5533333333333	70.1526785714286
5	15	37.362	65.0643333333333
4	16	36.045	59.30203125
3	17	34.6266666666667	52.4766176470588
2	18	32.925	44.2622222222222
1	19	12.65	34.6136842105263
0	20	0	23.373
