num_of_always_cooperate	num_of_Pavlov	average_fitness_of_always_cooperate	average_fitness_of_Pavlov
20	0	50	0
19	1	46.3373684210527	117.905
18	2	43.0222222222222	118.72375
17	3	38.9794117647059	112.818333333333
16	4	35.76	107.92875
15	5	32.4313333333333	102.637
14	6	28.7657142857143	98.1458333333334
13	7	25.4953846153846	93.435
12	8	21.7141666666667	88.509375
11	9	18.0963636363636	84.6672222222222
10	10	14.407	79.9925
9	11	11.1477777777778	75.3706818181818
8	12	7.9275	70.1675
7	13	4.21571428571429	65.5796153846154
6	14	0.0916666666666665	61.01375
5	15	-2.938	56.4146666666667
4	16	-6.5975	51.85734375
3	17	-10.1933333333333	47.167794117647
2	18	-13.95	42.5995833333333
1	19	-19.98	37.671447368421
0	20	0	33.134
