num_of_always_trembling	num_of_shame_driven_hiding	average_fitness_of_always_trembling	average_fitness_of_shame_driven_hiding
20	0	24.9125	0
19	1	25.2548684210526	24.5275
18	2	25.3627777777778	25.2775
17	3	25.6414705882353	25.5058333333333
16	4	25.8140625	26.303125
15	5	25.2766666666667	26.882
14	6	25.1678571428572	27.7008333333333
13	7	25.2025	28.7767857142857
12	8	25.5347916666667	29.1359375
11	9	25.7540909090909	30.0425
10	10	25.83375	30.738
9	11	25.6511111111111	31.3281818181818
8	12	25.8296875	32.2964583333333
7	13	25.9896428571428	32.9390384615385
6	14	25.8275	33.9910714285714
5	15	25.6575	34.966
4	16	26.193125	35.84125
3	17	25.9725	35.885
2	18	25.48375	34.4029166666667
1	19	25.7	30.3375
0	20	0	23.155875
