num_of_always_defect	num_of_shame_driven_denying	average_fitness_of_always_defect	average_fitness_of_shame_driven_denying
20	0	0	0
19	1	1	-14.25
18	2	2	-12.3925
17	3	3	-10.8125
16	4	3.999375	-8.556875
15	5	4.99933333333333	-7.202
14	6	6	-5.08208333333334
13	7	7	-3.33
12	8	7.99916666666667	-1.355625
11	9	9	0.172777777777778
10	10	10	1.8915
9	11	11	3.73
8	12	11.99875	5.55166666666667
7	13	13	7.53826923076923
6	14	13.9983333333333	9.305
5	15	14.998	10.9783333333333
4	16	16	12.884375
3	17	17	14.5105882352941
2	18	18	16.4377777777778
1	19	19	18.3315789473684
0	20	0	20.024
