num_of_always_trembling	num_of_guilt_driven_amending	average_fitness_of_always_trembling	average_fitness_of_guilt_driven_amending
20	0	25.146125	0
19	1	25.2892105263158	20.18
18	2	25.6994444444445	21.635
17	3	25.7755882352941	22.8591666666667
16	4	26.1528125	24.18
15	5	26.6083333333333	25.2175
14	6	26.7394642857143	26.2433333333333
13	7	27.0253846153846	27.3264285714286
12	8	27.389375	28.4096875
11	9	27.7759090909091	29.8586111111111
10	10	28.02875	30.9385
9	11	28.2608333333333	32.0168181818182
8	12	28.4871875	33.2252083333333
7	13	28.6403571428571	34.2228846153846
6	14	29.1341666666667	35.3266071428571
5	15	29.7195	36.5248333333333
4	16	29.325	37.68375
3	17	30.2216666666667	38.8017647058824
2	18	30.50125	39.9665277777778
1	19	31.005	40.9617105263158
0	20	0	42.210875
