num_of_always_trembling	num_of_TFT_with_trembling_hand	average_fitness_of_always_trembling	average_fitness_of_TFT_with_trembling_hand
20	0	24.826125	0
19	1	25.1477631578948	22.1725
18	2	25.2136111111111	23.005
17	3	25.6288235294118	23.735
16	4	25.74828125	23.79625
15	5	25.4281666666667	24.691
14	6	25.8098214285714	25.3125
13	7	26.2359615384615	25.7564285714286
12	8	26.5097916666667	26.1065625
11	9	26.8652272727273	26.8377777777778
10	10	26.70825	27.41075
9	11	26.7722222222222	28.0740909090909
8	12	26.6121875	28.2452083333333
7	13	27.1546428571428	28.8357692307692
6	14	27.1454166666667	29.2930357142857
5	15	27.7155	29.8126666666667
4	16	27.466875	30.4803125
3	17	27.4708333333333	30.7711764705882
2	18	28.19	31.4922222222222
1	19	28.6675	31.9821052631579
0	20	0	32.576875
