num_of_always_trembling	num_of_Pavlov	average_fitness_of_always_trembling	average_fitness_of_Pavlov
20	0	24.747125	0
19	1	25.4809210526316	24.675
18	2	25.5829166666667	25.85875
17	3	26.2955882352941	25.7958333333333
16	4	27.0303125	26.00625
15	5	27.2051666666667	26.162
14	6	27.8066071428572	26.9295833333333
13	7	28.0684615384615	27.3889285714286
12	8	27.835625	27.9109375
11	9	28.6345454545454	28.1205555555556
10	10	28.7475	28.48675
9	11	28.9802777777778	28.9945454545455
8	12	29.8978125	29.681875
7	13	29.3832142857143	29.7232692307692
6	14	30.6725	30.0608928571429
5	15	31.1805	30.87
4	16	31.333125	31.1459375
3	17	32.1091666666667	31.7352941176471
2	18	31.7125	32.1951388888889
1	19	31.23	32.6015789473684
0	20	0	32.987625
