num_of_always_trembling	num_of_shame_driven_denying	average_fitness_of_always_trembling	average_fitness_of_shame_driven_denying
20	0	25.382625	0
19	1	24.5703947368421	34.635
18	2	23.7538888888889	33.28
17	3	23.3194117647059	32.895
16	4	22.89296875	32.37625
15	5	21.9918333333333	31.4825
14	6	21.3030357142857	30.4058333333333
13	7	20.9251923076923	30.3328571428571
12	8	20.178125	29.1975
11	9	19.1195454545454	28.3319444444444
10	10	18.62925	27.69225
9	11	17.6972222222222	27.0513636363636
8	12	16.8125	26.0983333333333
7	13	16.4964285714286	25.3136538461539
6	14	15.65125	24.6291071428571
5	15	15.3745	23.8653333333333
4	16	14.2525	23.14796875
3	17	13.2991666666667	22.3182352941177
2	18	11.9275	21.6540277777778
1	19	12.27	20.7385526315789
0	20	0	20.011375
