num_of_always_cooperate	num_of_TFT_with_trembling_hand	average_fitness_of_always_cooperate	average_fitness_of_TFT_with_trembling_hand
20	0	50	0
19	1	48.9031578947368	65
18	2	47.925	63.5175
17	3	46.8258823529412	61.7408333333333
16	4	45.838125	59.856875
15	5	44.78	58.291
14	6	43.675	56.35625
13	7	42.6753846153846	54.7503571428572
12	8	41.6008333333333	53.106875
11	9	40.4609090909091	51.3419444444444
10	10	39.467	49.709
9	11	38.4544444444444	48.0397727272727
8	12	37.30125	46.3991666666667
7	13	36.4142857142857	44.4292307692308
6	14	35.1633333333333	42.7542857142857
5	15	34.14	41.0688333333333
4	16	33.2975	39.31578125
3	17	32.12	37.6608823529412
2	18	30.99	35.9344444444444
1	19	30	34.2419736842105
0	20	0	32.645375
