num_of_always_defect	num_of_guilt_driven_amending	average_fitness_of_always_defect	average_fitness_of_guilt_driven_amending
20	0	0	0
19	1	1	-14.25
18	2	2	-11.29375
17	3	2.99941176470588	-8.27
16	4	4	-5.294375
15	5	4.99866666666667	-2.4005
14	6	6	0.556666666666667
13	7	7	3.58142857142857
12	8	8	6.56875
11	9	9	9.62
10	10	9.999	12.4705
9	11	10.9988888888889	15.4968181818182
8	12	12	18.34
7	13	13	21.4176923076923
6	14	14	24.4203571428571
5	15	14.996	27.2668333333333
4	16	16	30.210625
3	17	16.9966666666667	33.2427941176471
2	18	18	36.2466666666666
1	19	19	39.1582894736842
0	20	0	42.2115
