num_of_always_defect	num_of_TFT_with_trembling_hand	average_fitness_of_always_defect	average_fitness_of_TFT_with_trembling_hand
20	0	0	0
19	1	1	-14.25
18	2	2	-11.7875
17	3	3	-9.2475
16	4	4	-6.8075
15	5	4.99933333333333	-4.303
14	6	6	-1.94958333333333
13	7	6.99923076923077	0.549285714285714
12	8	7.99916666666667	3.051875
11	9	9	5.51222222222222
10	10	9.999	7.9235
9	11	10.9988888888889	10.3179545454545
8	12	11.9975	12.8589583333333
7	13	13	15.2771153846154
6	14	14	17.7303571428571
5	15	15	20.0741666666667
4	16	15.995	22.72015625
3	17	16.9966666666667	25.0667647058823
2	18	18	27.4501388888889
1	19	19	29.9618421052632
0	20	0	32.449875
