num_of_always_defect	num_of_Pavlov	average_fitness_of_always_defect	average_fitness_of_Pavlov
20	0	0	0
19	1	5.44052631578947	-74.8425
18	2	10.9383333333333	-69.4
17	3	16.3958823529412	-63.4441666666667
16	4	21.868125	-57.98375
15	5	27.446	-52.169
14	6	33.0221428571429	-46.6279166666667
13	7	38.4653846153846	-40.6735714285714
12	8	44.0125	-35.34375
11	9	49.3636363636364	-29.3683333333333
10	10	54.773	-23.867
9	11	60.2788888888889	-18.3775
8	12	65.795	-12.3641666666667
7	13	71.1514285714286	-6.77884615384615
6	14	76.905	-1.20928571428571
5	15	82.324	4.49683333333333
4	16	87.9425	10.43015625
3	17	93.15	15.8307352941176
2	18	98.965	21.8701388888889
1	19	103.87	27.2786842105263
0	20	0	32.979875
