num_of_guilt_driven_amending	num_of_Pavlov	average_fitness_of_guilt_driven_amending	average_fitness_of_Pavlov
20	0	42.175625	0
19	1	41.3455263157895	30.9225
18	2	40.5630555555556	31.53125
17	3	39.6388235294118	31.7675
16	4	38.83671875	31.668125
15	5	38.1305	32.208
14	6	37.1501785714286	31.8229166666667
13	7	36.5726923076923	31.8192857142857
12	8	35.6329166666667	32.335
11	9	34.6575	32.3025
10	10	33.8845	32.598
9	11	33.155	32.6993181818182
8	12	32	32.57
7	13	31.1428571428572	32.8765384615385
6	14	30.4270833333333	32.6207142857143
5	15	29.988	33.1435
4	16	28.96125	33.0421875
3	17	28.2383333333334	33.1694117647059
2	18	27.21625	33.0168055555555
1	19	26.195	33.0855263157895
0	20	0	32.994
