num_of_shame_driven_hiding	num_of_Pavlov	average_fitness_of_shame_driven_hiding	average_fitness_of_Pavlov
20	0	23.399	0
19	1	29.9930263157895	26.1125
18	2	34.7202777777778	27.12625
17	3	37.5336764705882	27.2066666666667
16	4	39.31109375	27.346875
15	5	39.899	28.3045
14	6	40.0064285714286	28.7004166666667
13	7	40.0132692307692	29.0532142857143
12	8	39.835625	29.4121875
11	9	39.0604545454546	30.1011111111111
10	10	39.09925	30.287
9	11	39.1530555555555	30.5911363636364
8	12	38.941875	30.9177083333333
7	13	38.8414285714286	31.2867307692308
6	14	38.9454166666667	31.52125
5	15	38.851	31.8233333333333
4	16	38.869375	32.19546875
3	17	38.8683333333333	32.2060294117647
2	18	38.2025	32.4340277777778
1	19	39.1475	32.626052631579
0	20	0	33.02575
