num_of_shame_driven_denying	num_of_Pavlov	average_fitness_of_shame_driven_denying	average_fitness_of_Pavlov
20	0	20.13075	0
19	1	21.9509210526316	11.3875
18	2	23.7647222222222	12.55875
17	3	25.8482352941177	13.5433333333333
16	4	27.7815625	15.859375
15	5	29.5598333333333	17.2075
14	6	31.45375	17.2125
13	7	33.5286538461538	18.5667857142857
12	8	35.12125	19.610625
11	9	37.3618181818182	21.0938888888889
10	10	39.033	21.9475
9	11	40.6388888888889	23.1779545454545
8	12	42.841875	24.28625
7	13	45.0335714285714	25.9378846153846
6	14	46.8795833333333	26.5776785714286
5	15	48.144	27.5696666666667
4	16	50.46625	28.7053125
3	17	51.5975	29.9245588235294
2	18	53.845	30.9879166666667
1	19	56.4425	31.8267105263158
0	20	0	32.964375
