num_of_shame_driven_denying	num_of_guilt_driven_amending	average_fitness_of_shame_driven_denying	average_fitness_of_guilt_driven_amending
20	0	19.995875	0
19	1	21.0864473684211	18.8625
18	2	21.9236111111111	21.02375
17	3	22.8501470588235	21.6566666666667
16	4	23.89734375	23.03125
15	5	24.7033333333333	24.1455
14	6	25.8303571428572	25.4083333333333
13	7	26.6594230769231	26.6303571428571
12	8	27.5360416666667	27.710625
11	9	28.7281818181818	29.0416666666667
10	10	29.44025	30.2805
9	11	30.4161111111111	31.5045454545454
8	12	31.42	32.713125
7	13	32.2110714285714	33.8190384615385
6	14	33.0679166666667	35.0273214285714
5	15	34.261	36.2145
4	16	35.175625	37.3678125
3	17	35.6316666666667	38.6144117647059
2	18	36.99875	39.6991666666667
1	19	37.915	40.9409210526316
0	20	0	42.226
