num_of_TFT_with_trembling_hand	num_of_shame_driven_hiding	average_fitness_of_TFT_with_trembling_hand	average_fitness_of_shame_driven_hiding
20	0	32.582375	0
19	1	32.3472368421053	37.265
18	2	32.2663888888889	37.1875
17	3	32.1838235294118	37.195
16	4	32.0625	37.149375
15	5	31.7791666666667	36.729
14	6	31.7130357142857	36.6945833333333
13	7	31.4925	36.695
12	8	31.33875	36.24125
11	9	31.1675	36.1886111111111
10	10	31.05425	36.14075
9	11	30.875	35.7902272727273
8	12	30.898125	35.77125
7	13	30.4967857142857	35.6646153846154
6	14	30.4495833333333	35.4426785714286
5	15	30.124	35.078
4	16	30.135	34.51328125
3	17	29.8508333333333	33.6420588235294
2	18	29.6775	31.6893055555556
1	19	29.59	29.1457894736842
0	20	0	23.351125
