num_of_TFT_with_trembling_hand	num_of_guilt_driven_amending	average_fitness_of_TFT_with_trembling_hand	average_fitness_of_guilt_driven_amending
20	0	32.520125	0
19	1	32.831447368421	31.805
18	2	33.3908333333333	32.3375
17	3	33.829705882353	32.8058333333333
16	4	34.38375	33.653125
15	5	34.6516666666667	34.205
14	6	35.1801785714286	34.7333333333333
13	7	35.5434615384615	35.2378571428572
12	8	35.9752083333333	35.690625
11	9	36.3954545454545	36.3011111111111
10	10	36.8985	36.8305
9	11	37.4302777777778	37.2872727272727
8	12	37.7421875	37.8452083333333
7	13	38.245	38.4761538461538
6	14	38.6558333333333	39.0275
5	15	39.094	39.4513333333333
4	16	39.545625	40.04046875
3	17	39.9391666666667	40.4916176470588
2	18	40.48875	41.1356944444444
1	19	40.6125	41.6215789473684
0	20	0	42.168375
