num_of_TFT_with_trembling_hand	num_of_shame_driven_denying	average_fitness_of_TFT_with_trembling_hand	average_fitness_of_shame_driven_denying
20	0	32.573125	0
19	1	31.9805263157895	29.9425
18	2	31.4540277777778	28.98375
17	3	30.9701470588235	28.8458333333333
16	4	30.4565625	28.64125
15	5	30.028	27.7805
14	6	29.4794642857143	27.3708333333333
13	7	28.8219230769231	26.8128571428572
12	8	28.2722916666666	26.1575
11	9	28.1134090909091	25.69
10	10	27.387	25.09925
9	11	26.8577777777778	24.8829545454545
8	12	26.11125	24.2395833333333
7	13	25.8767857142857	23.7209615384615
6	14	25.3054166666667	23.1416071428571
5	15	24.7825	22.6871666666667
4	16	24.21125	22.10609375
3	17	24.1466666666667	21.5445588235294
2	18	23.62625	21.0283333333333
1	19	22.4825	20.4727631578947
0	20	0	20.0065
