num_of_tit_for_tat	num_of_Pavlov	average_fitness_of_tit_for_tat	average_fitness_of_Pavlov
20	0	50	0
19	1	48.9168421052632	35.345
18	2	47.8915277777778	35.3475
17	3	46.7820588235294	35.1675
16	4	45.7815625	35.2275
15	5	44.6765	35.343
14	6	43.6053571428571	34.54125
13	7	42.5978846153846	35.2514285714286
12	8	41.491875	34.7203125
11	9	40.4006818181818	34.45
10	10	39.29625	34.63525
9	11	38.2802777777778	34.8459090909091
8	12	37.240625	34.381875
7	13	36.2203571428571	34.5211538461539
6	14	35.1516666666667	34.1557142857143
5	15	33.8935	34.2123333333333
4	16	32.921875	33.86671875
3	17	31.8791666666667	33.77
2	18	29.9575	33.4283333333333
1	19	29.99	33.4601315789474
0	20	0	32.853125
