num_of_tit_for_tat	num_of_shame_driven_hiding	average_fitness_of_tit_for_tat	average_fitness_of_shame_driven_hiding
20	0	50	0
19	1	49.3426315789473	59.635
18	2	48.6683333333333	57.77625
17	3	47.954705882353	55.6575
16	4	47.27	53.514375
15	5	46.5553333333333	52.2735
14	6	45.7814285714285	49.9704166666667
13	7	45.0546153846154	48.4646428571428
12	8	44.2075	46.7871875
11	9	43.3363636363636	44.0616666666667
10	10	42.446	42.3945
9	11	41.5833333333333	40.9175
8	12	40.575	38.8820833333333
7	13	39.6657142857143	36.5094230769231
6	14	38.5	34.525
5	15	37.414	33.2065
4	16	36.0825	31.128125
3	17	34.7333333333333	28.6707352941176
2	18	32.92	27.4036111111111
1	19	26.49	25.2117105263158
0	20	0	23.119125
