num_of_tit_for_tat	num_of_guilt_driven_amending	average_fitness_of_tit_for_tat	average_fitness_of_guilt_driven_amending
20	0	50	0
19	1	49.6752631578947	47.21
18	2	49.3943055555556	46.915
17	3	49.0695588235294	46.6408333333333
16	4	48.760625	46.363125
15	5	48.4761666666667	46.0285
14	6	48.1214285714286	45.8866666666667
13	7	47.8075	45.5853571428571
12	8	47.5172916666667	45.2821875
11	9	47.1786363636364	45.0472222222223
10	10	46.9025	44.8
9	11	46.5494444444444	44.6015909090909
8	12	46.276875	44.275625
7	13	46.0203571428571	44.0705769230769
6	14	45.655	43.6808928571428
5	15	45.352	43.474
4	16	45.06375	43.18078125
3	17	44.7716666666667	42.8970588235294
2	18	44.40625	42.7015277777778
1	19	44.11	42.4461842105263
0	20	0	42.2005
