num_of_tit_for_tat	num_of_shame_driven_denying	average_fitness_of_tit_for_tat	average_fitness_of_shame_driven_denying
20	0	50	0
19	1	48.4043421052631	40.305
18	2	46.6759722222222	38.98375
17	3	44.9730882352941	38.1991666666667
16	4	43.31421875	37.216875
15	5	41.7246666666667	35.8985
14	6	39.8742857142857	34.7908333333333
13	7	38.4821153846154	33.8982142857143
12	8	36.44	32.7725
11	9	35.1479545454546	31.7380555555556
10	10	33.21025	30.92775
9	11	31.68	29.7377272727273
8	12	29.898125	28.6183333333333
7	13	28.2117857142857	27.3240384615385
6	14	26.5545833333333	26.4796428571429
5	15	24.9775	25.3243333333333
4	16	23.296875	24.15984375
3	17	21.3883333333333	23.2883823529412
2	18	19.4325	22.2073611111111
1	19	18.2125	21.0342105263158
0	20	0	19.956375
