num_of_always_cooperate	num_of_shame_driven_denying	average_fitness_of_always_cooperate	average_fitness_of_shame_driven_denying
50	0	150	0
49	1	148.943673469388	162.8175
48	2	147.93125	161.585
47	3	146.797234042553	160.510833333333
46	4	145.69	158.89375
45	5	144.733777777778	157.859
44	6	143.448181818182	156.11375
43	7	142.515581395349	154.460714285714
42	8	141.528095238095	153.4078125
41	9	140.391219512195	152.129166666667
40	10	139.36175	150.81825
39	11	138.103333333333	149.588636363636
38	12	137.221315789474	147.910625
37	13	136.208648648649	146.713846153846
36	14	134.980277777778	145.038928571429
35	15	133.935714285714	143.826333333333
34	16	132.968235294118	142.28265625
33	17	131.841515151515	140.981029411765
32	18	130.6828125	139.657222222222
31	19	129.682580645161	138.227236842105
30	20	128.242666666667	137.03525
29	21	127.787586206897	135.214285714286
28	22	126.537857142857	134.129204545455
27	23	125.808148148148	132.879456521739
26	24	124.302692307692	131.581666666667
25	25	123.2996	129.9746
24	26	122.132083333333	128.576346153846
23	27	121.259565217391	127.18
22	28	119.663636363636	126.047321428571
21	29	118.895238095238	124.581120689655
20	30	118.024	123.15
19	31	116.744736842105	121.729919354839
18	32	115.771666666667	120.5
17	33	114.594705882353	118.821742424242
16	34	113.396875	117.540514705882
15	35	112.451333333333	116.320857142857
14	36	111.095714285714	114.992222222222
13	37	110.909230769231	113.40722972973
12	38	109.206666666667	112.202171052632
11	39	108.601818181818	110.803461538462
10	40	107.125	109.261125
9	41	106.072222222222	107.941829268293
8	42	105.37375	106.72125
7	43	104.532857142857	105.008953488372
6	44	103.068333333333	103.746363636364
5	45	102.356	102.723
4	46	101.2625	101.023423913043
3	47	99.13	99.6816489361702
2	48	98.73	98.345625
1	49	97.27	96.9751530612245
0	50	0	95.64935
