num_of_always_defect	num_of_TFT_with_trembling_hand	average_fitness_of_always_defect	average_fitness_of_TFT_with_trembling_hand
50	0	0	0
49	1	0.981428571428572	-11.9675
48	2	1.945	-9.30375
47	3	2.92085106382978	-6.67416666666667
46	4	3.90478260869565	-4.270625
45	5	4.87466666666667	-1.856
44	6	5.86181818181818	1.1775
43	7	6.83558139534884	3.5325
42	8	7.80619047619048	6.285
41	9	8.79219512195121	8.9825
40	10	9.74775	11.45775
39	11	10.734358974359	14.0113636363636
38	12	11.7078947368421	16.5779166666667
37	13	12.6835135135135	19.4555769230769
36	14	13.6672222222222	21.9641071428571
35	15	14.6202857142857	24.3648333333333
34	16	15.6005882352941	26.8615625
33	17	16.59	29.4144117647059
32	18	17.5578125	32.0852777777778
31	19	18.5358064516129	34.8994736842105
30	20	19.5106666666667	37.462875
29	21	20.4944827586207	39.9628571428571
28	22	21.4596428571429	42.6557954545454
27	23	22.4237037037037	45.3415217391304
26	24	23.4142307692308	47.7197916666667
25	25	24.392	50.4576
24	26	25.3829166666667	52.9852884615385
23	27	26.3404347826087	55.639537037037
22	28	27.3268181818182	58.3574107142857
21	29	28.2842857142857	60.578275862069
20	30	29.292	63.42625
19	31	30.2526315789474	65.993870967742
18	32	31.2016666666667	68.464921875
17	33	32.17	71.2115909090909
16	34	33.15	73.7540441176471
15	35	34.162	76.3279285714286
14	36	35.1271428571429	78.9969444444444
13	37	36.0692307692308	81.5489189189189
12	38	37.0716666666667	84.2148684210526
11	39	37.9627272727273	86.7608974358974
10	40	39.025	89.3819375
9	41	39.9755555555556	91.9269512195121
8	42	40.94875	94.5810714285714
7	43	41.9485714285714	96.9920348837209
6	44	42.88	99.6273863636364
5	45	43.978	102.334166666667
4	46	44.9025	104.890815217391
3	47	45.77	107.538670212766
2	48	46.82	110.163697916667
1	49	47.87	112.703724489796
0	50	0	115.27395
