num_of_always_defect	num_of_Pavlov	average_fitness_of_always_defect	average_fitness_of_Pavlov
50	0	0	0
49	1	2.22142857142857	-25.0275
48	2	4.52708333333333	-22.67
47	3	6.79659574468085	-20.2841666666667
46	4	9.02934782608695	-17.67375
45	5	11.3108888888889	-15.1835
44	6	13.5713636363636	-13.1075
43	7	15.7806976744186	-10.4953571428571
42	8	18.1940476190476	-7.9146875
41	9	20.3975609756097	-5.39722222222222
40	10	22.57275	-3.1125
39	11	24.8402564102564	-0.564090909090909
38	12	27.1571052631579	1.903125
37	13	29.422972972973	4.26307692307692
36	14	31.665	6.94375
35	15	34.0551428571428	9.13716666666667
34	16	36.2185294117647	11.77203125
33	17	38.4169696969697	13.8891176470588
32	18	40.715625	16.5641666666667
31	19	42.9764516129032	19.1453947368421
30	20	45.382	21.327125
29	21	47.5872413793103	23.9907142857143
28	22	49.7410714285714	26.3334090909091
27	23	52.1003703703703	28.5534782608696
26	24	54.2665384615384	31.2079166666667
25	25	56.514	33.5515
24	26	58.9954166666667	36.0455769230769
23	27	60.9856521739131	38.7405555555556
22	28	63.3495454545455	40.9923214285714
21	29	65.7495238095238	43.3760344827586
20	30	68.1015	45.859
19	31	69.9684210526316	48.3322580645161
18	32	72.5016666666667	50.790390625
17	33	74.63	53.3985606060606
16	34	76.96625	55.8693382352941
15	35	79.4313333333333	58.4829285714286
14	36	81.3192857142857	60.7672916666666
13	37	83.8638461538461	63.3077702702703
12	38	85.8891666666667	65.6170394736842
11	39	88.4281818181818	68.1464102564103
10	40	90.568	70.8310625
9	41	92.76	73.0141463414634
8	42	94.89125	75.7192857142857
7	43	97.2028571428572	77.9997674418605
6	44	99.45	80.7153409090909
5	45	101.774	83.1768888888889
4	46	104.185	85.5566847826087
3	47	106.606666666667	88.0647872340425
2	48	109.06	90.3790625000001
1	49	111.01	93.1319897959184
0	50	0	95.573
