num_of_always_trembling	num_of_shame_driven_denying	average_fitness_of_always_trembling	average_fitness_of_shame_driven_denying
50	0	74.8065	0
49	1	75.1238775510204	73.675
48	2	75.4454166666667	73.25375
47	3	75.4198936170212	73.89
46	4	75.65	74.424375
45	5	75.6477777777778	74.8685
44	6	76.0858522727273	75.4541666666667
43	7	76.1362790697675	75.6689285714286
42	8	76.0532738095239	76.376875
41	9	76.4446951219512	76.2447222222222
40	10	76.4755625	77.44275
39	11	76.5907692307692	77.5277272727273
38	12	76.8256578947368	78.3297916666667
37	13	77.0812162162162	78.3678846153846
36	14	77.3583333333333	79.0689285714286
35	15	77.2732142857143	79.7148333333333
34	16	77.5394852941176	80.01734375
33	17	77.6793939393939	80.1766176470588
32	18	77.80609375	80.9331944444444
31	19	78.12	81.4930263157895
30	20	78.2244166666667	81.94225
29	21	78.3337931034482	82.5758333333333
28	22	78.3666071428571	82.6689772727273
27	23	78.3996296296297	83.3406521739131
26	24	78.7831730769231	83.3373958333333
25	25	78.9756	84.1895
24	26	79.0454166666667	84.5080769230769
23	27	79.3086956521739	85.0081481481482
22	28	79.2279545454546	85.5647321428571
21	29	79.5546428571428	85.8677586206896
20	30	79.583375	86.4374166666667
19	31	79.978947368421	86.7887903225807
18	32	80.0769444444445	87.048515625
17	33	80.1804411764706	87.7409848484848
16	34	80.234375	88.1991176470588
15	35	80.133	88.4647857142857
14	36	80.6841071428571	89.2230555555556
13	37	81.1138461538462	89.4524324324324
12	38	80.9245833333333	89.9890131578948
11	39	80.7904545454545	90.4491025641026
10	40	81.42275	90.803875
9	41	81.3886111111111	91.1671341463415
8	42	81.688125	91.8534523809523
7	43	82.21	92.3269767441861
6	44	81.8641666666667	92.6822727272727
5	45	82.07	93.2903888888889
4	46	82.314375	93.7597282608696
3	47	82.43	94.138085106383
2	48	82.05125	94.5205208333333
1	49	82.23	95.2314795918367
0	50	0	95.53685
