num_of_always_defect	num_of_shame_driven_hiding	average_fitness_of_always_defect	average_fitness_of_shame_driven_hiding
50	0	0	0
49	1	0.974081632653062	-11.98
48	2	1.95291666666667	-9.7975
47	3	2.93085106382978	-7.61666666666667
46	4	3.90739130434783	-5.36625
45	5	4.87533333333333	-3.2715
44	6	5.8575	-0.979166666666667
43	7	6.82348837209303	1.375
42	8	7.80642857142858	3.548125
41	9	8.78097560975609	5.92611111111111
40	10	9.7655	8.2955
39	11	10.7258974358974	10.7270454545455
38	12	11.7042105263158	13.034375
37	13	12.6716216216216	15.3644230769231
36	14	13.6680555555556	17.8166071428571
35	15	14.6242857142857	20.3825
34	16	15.6008823529412	22.720625
33	17	16.5966666666667	25.2161764705882
32	18	17.5625	27.7486111111111
31	19	18.54	30.5028947368421
30	20	19.4916666666667	33.008125
29	21	20.4793103448276	35.787380952381
28	22	21.4432142857143	38.1923863636364
27	23	22.4222222222222	40.625652173913
26	24	23.4134615384615	43.3005208333334
25	25	24.392	46.3651
24	26	25.36625	49.1271153846154
23	27	26.3465217391304	51.609537037037
22	28	27.2927272727273	54.6179464285714
21	29	28.3285714285714	57.5765517241379
20	30	29.256	60.48925
19	31	30.2252631578947	63.2851612903226
18	32	31.1716666666667	66.383203125
17	33	32.1741176470588	69.509696969697
16	34	33.153125	72.7844852941176
15	35	34.134	75.7525
14	36	35.1171428571429	79.0391666666667
13	37	36.0884615384615	82.3023648648649
12	38	37.0841666666667	85.6053947368421
11	39	38.0681818181818	89.2102564102564
10	40	39.012	92.6315625
9	41	39.9811111111111	96.1882317073171
8	42	41.01125	100.008095238095
7	43	41.9457142857143	103.744825581395
6	44	42.8166666666667	107.617840909091
5	45	43.894	111.718388888889
4	46	44.8575	116.08375
3	47	45.9233333333333	120.358829787234
2	48	46.86	125.004739583333
1	49	47.82	129.840969387755
0	50	0	135
