num_of_guilt_driven_amending	num_of_Pavlov	average_fitness_of_guilt_driven_amending	average_fitness_of_Pavlov
50	0	127.5968	0
49	1	127.292857142857	95.11
48	2	126.8096875	94.08
47	3	126.380319148936	94.4541666666667
46	4	125.991576086957	94.395
45	5	125.525888888889	94.7135
44	6	125.206931818182	94.72625
43	7	124.633488372093	94.6614285714286
42	8	124.25625	94.9503125
41	9	123.934146341463	94.27
40	10	123.3900625	94.88
39	11	123.193653846154	94.7818181818182
38	12	122.610855263158	94.6047916666667
37	13	122.204189189189	94.9713461538462
36	14	121.850833333333	94.8303571428571
35	15	121.388357142857	94.5408333333333
34	16	120.968382352941	95.00078125
33	17	120.446893939394	95.0597058823529
32	18	120.202109375	95.0329166666667
31	19	119.598467741936	94.8427631578947
30	20	119.169916666667	95.243375
29	21	118.939482758621	94.9583333333333
28	22	118.249017857143	95.2338636363636
27	23	117.943240740741	95.2563043478261
26	24	117.5975	95.0228125
25	25	117.0773	95.2523
24	26	116.665729166667	95.3583653846154
23	27	116.396304347826	95.1504629629629
22	28	115.788636363636	95.0383928571428
21	29	115.490357142857	95.3915517241379
20	30	115.1135	95.3283333333333
19	31	114.632105263158	95.4554032258064
18	32	114.112083333333	95.29109375
17	33	113.6775	95.3626515151515
16	34	113.32671875	95.4804411764706
15	35	113.009166666667	95.4112857142857
14	36	112.460892857143	95.5509027777777
13	37	112.231923076923	95.4294594594595
12	38	111.903958333333	95.4771710526316
11	39	111.280681818182	95.5399358974359
10	40	110.69525	95.646375
9	41	110.245555555556	95.5087804878049
8	42	109.913125	95.6483928571429
7	43	109.944285714286	95.5026744186047
6	44	109.148333333333	95.7196590909091
5	45	108.8945	95.7697222222222
4	46	108.565	95.7835326086956
3	47	107.810833333333	95.5781382978724
2	48	107.15625	95.6061458333334
1	49	106.235	95.643112244898
0	50	0	95.8351
