num_of_shame_driven_denying	num_of_guilt_driven_amending	average_fitness_of_shame_driven_denying	average_fitness_of_guilt_driven_amending
50	0	95.65615	0
49	1	95.9932142857143	104.5625
48	2	96.3351041666667	104.25125
47	3	96.7787234042553	105.148333333333
46	4	97.4488043478261	105.20875
45	5	97.7091111111111	105.772
44	6	98.2495454545455	106.053333333333
43	7	98.6240697674419	106.182857142857
42	8	99.2191666666667	107.2915625
41	9	99.6467073170731	107.561666666667
40	10	99.993625	108.24525
39	11	100.631858974359	108.5325
38	12	100.916184210526	109.100833333333
37	13	101.615743243243	109.332307692308
36	14	101.883263888889	109.996964285714
35	15	102.402857142857	110.5585
34	16	102.932352941176	111.08984375
33	17	103.270984848485	111.601470588235
32	18	103.52421875	112.0725
31	19	103.891129032258	112.554078947368
30	20	104.345833333333	113
29	21	105.048793103448	113.526190476191
28	22	105.465803571429	114.025227272727
27	23	106.068333333333	114.325652173913
26	24	106.274615384615	114.836458333333
25	25	107.1018	115.267
24	26	107.280104166667	115.751538461538
23	27	107.978369565217	116.588240740741
22	28	108.427840909091	116.87
21	29	108.714761904762	117.521293103448
20	30	108.919	117.813583333333
19	31	109.585657894737	118.487983870968
18	32	109.900833333333	118.799140625
17	33	110.366176470588	119.379242424242
16	34	111.1296875	119.768382352941
15	35	111.3555	120.255428571428
14	36	111.665714285714	120.798333333333
13	37	112.001538461538	121.337837837838
12	38	112.759375	121.768223684211
11	39	112.990681818182	122.361794871795
10	40	113.70175	122.7716875
9	41	114.246111111111	123.289634146341
8	42	114.50125	123.757857142857
7	43	115.451428571429	124.254767441861
6	44	115.5125	124.755568181818
5	45	116.098	125.192
4	46	116.1425	125.69527173913
3	47	116.8375	126.246382978723
2	48	116.89125	126.71734375
1	49	117.86	127.191887755102
0	50	0	127.6879
