num_of_shame_driven_denying	num_of_Pavlov	average_fitness_of_shame_driven_denying	average_fitness_of_Pavlov
50	0	95.5428	0
49	1	96.0972959183673	82.9375
48	2	96.5541145833334	83.59375
47	3	96.8928723404255	83.9091666666667
46	4	97.2132608695652	83.569375
45	5	97.6008888888889	84.5395
44	6	98.1094318181819	84.7041666666667
43	7	98.5021511627907	84.4692857142857
42	8	98.9595238095238	84.7828125
41	9	99.5438414634146	85.3913888888889
40	10	99.86475	85.395
39	11	100.361474358974	85.7409090909091
38	12	100.677039473684	86.1922916666667
37	13	101.315743243243	86.5046153846154
36	14	101.858402777778	86.4739285714286
35	15	101.965714285714	86.9473333333333
34	16	102.409632352941	87.10640625
33	17	103.050454545455	87.1279411764706
32	18	103.396875	87.3897222222222
31	19	103.703870967742	87.5590789473684
30	20	104.266	88.089375
29	21	104.781120689655	88.4880952380952
28	22	105.036517857143	88.3577272727273
27	23	105.612222222222	88.9440217391304
26	24	105.955384615385	89.3183333333333
25	25	106.4145	89.4949
24	26	106.826458333333	89.5870192307692
23	27	107.401847826087	89.7826851851852
22	28	107.567727272727	90.2579464285714
21	29	108.193333333333	90.431724137931
20	30	108.538	90.5885
19	31	108.913157894737	91.055
18	32	109.406666666667	90.98234375
17	33	109.820441176471	91.4327272727273
16	34	109.9584375	91.6261764705882
15	35	110.6445	91.8894285714285
14	36	111.265535714286	92.1637500000001
13	37	111.301538461539	92.3254054054054
12	38	111.85	92.4679605263157
11	39	112.566136363636	92.893782051282
10	40	112.7525	93.126625
9	41	113.174722222222	93.4945731707317
8	42	113.8434375	93.8372023809524
7	43	114.095	93.7644186046512
6	44	114.357083333333	94.1717045454546
5	45	115.2555	94.4898333333334
4	46	115.430625	94.6472826086957
3	47	115.944166666667	95.0102127659575
2	48	116.8675	95.1933854166667
1	49	116.865	95.5367857142857
0	50	0	95.70535
