num_of_TFT_with_trembling_hand	num_of_shame_driven_hiding	average_fitness_of_TFT_with_trembling_hand	average_fitness_of_shame_driven_hiding
50	0	115.2613	0
49	1	115.253979591837	125.495
48	2	115.355	125.71875
47	3	115.339414893617	125.815
46	4	115.315869565217	125.89125
45	5	115.434944444444	125.8965
44	6	115.459318181818	126.019583333333
43	7	115.483255813953	125.977142857143
42	8	115.51869047619	126.0340625
41	9	115.50487804878	126.263333333333
40	10	115.5069375	126.5145
39	11	115.651538461538	126.328636363636
38	12	115.600921052632	126.483958333333
37	13	115.672432432432	126.554038461538
36	14	115.690486111111	126.738571428571
35	15	115.687285714286	126.914666666667
34	16	115.633529411765	127.13203125
33	17	115.753333333333	127.199705882353
32	18	115.832890625	127.2375
31	19	115.699112903226	127.555526315789
30	20	115.918583333333	127.442875
29	21	115.791810344828	127.7975
28	22	115.999464285714	127.948409090909
27	23	115.892592592593	128.082826086957
26	24	115.982307692308	128.194270833333
25	25	116.1085	128.5069
24	26	115.996770833333	128.622692307692
23	27	116.131739130435	128.723240740741
22	28	116.15875	128.947053571429
21	29	116.199285714286	129.101724137931
20	30	116.357625	129.3475
19	31	116.300657894737	129.50185483871
18	32	116.306666666667	129.668515625
17	33	116.348088235294	129.845984848485
16	34	116.30078125	130.102573529412
15	35	116.4595	130.312571428571
14	36	116.399107142857	130.556180555556
13	37	116.503076923077	130.811148648649
12	38	116.489583333333	131.021052631579
11	39	116.673636363636	131.29858974359
10	40	116.69525	131.55025
9	41	116.756944444444	131.865304878049
8	42	116.700625	132.181488095238
7	43	116.795357142857	132.413139534884
6	44	116.927916666667	132.705738636364
5	45	117.2745	133.083888888889
4	46	117.046875	133.410054347826
3	47	117.234166666667	133.831223404255
2	48	116.89125	134.146979166667
1	49	117.6275	134.589642857143
0	50	0	135
