num_of_TFT_with_trembling_hand	num_of_guilt_driven_amending	average_fitness_of_TFT_with_trembling_hand	average_fitness_of_guilt_driven_amending
50	0	115.33015	0
49	1	115.521836734694	118.3875
48	2	115.74828125	118.2175
47	3	115.796170212766	118.365833333333
46	4	115.992880434783	118.740625
45	5	116.161555555556	118.923
44	6	116.476761363636	119.11875
43	7	116.585872093023	119.272857142857
42	8	116.702619047619	119.460625
41	9	116.928414634146	119.686111111111
40	10	117.1165	119.71825
39	11	117.249358974359	120.128636363636
38	12	117.361118421053	120.363541666667
37	13	117.715337837838	120.489615384615
36	14	117.877361111111	120.609285714286
35	15	117.987142857143	120.9895
34	16	118.147205882353	121.08296875
33	17	118.472272727273	121.105735294118
32	18	118.563125	121.461805555556
31	19	118.701532258064	121.664210526316
30	20	118.816333333333	121.861375
29	21	119.083103448276	122.065
28	22	119.184821428571	122.24125
27	23	119.577685185185	122.307934782609
26	24	119.675288461538	122.475
25	25	119.7944	122.7517
24	26	120.0540625	123.035961538462
23	27	120.246739130435	123.186851851852
22	28	120.389431818182	123.437053571429
21	29	120.616666666667	123.537068965517
20	30	120.865125	123.8195
19	31	121.028947368421	123.943870967742
18	32	121.168194444444	124.216953125
17	33	121.388676470588	124.442121212121
16	34	121.45828125	124.581985294118
15	35	121.663166666667	124.747785714286
14	36	121.83375	124.985486111111
13	37	122.03	125.146554054054
12	38	122.147916666667	125.264934210526
11	39	122.312727272727	125.589487179487
10	40	122.54425	125.7375
9	41	122.884444444444	125.925304878049
8	42	122.95125	126.111904761905
7	43	123.251071428571	126.318662790698
6	44	123.348333333333	126.495454545455
5	45	123.639	126.716055555556
4	46	123.461875	126.886902173913
3	47	124.051666666667	127.095212765957
2	48	124.1925	127.322135416667
1	49	123.5825	127.552959183673
0	50	0	127.68995
