num_of_tit_for_tat	num_of_TFT_with_trembling_hand	average_fitness_of_tit_for_tat	average_fitness_of_TFT_with_trembling_hand
50	0	150	0
49	1	149.45806122449	135.4275
48	2	148.90203125	134.9925
47	3	148.392234042553	134.983333333333
46	4	147.844347826087	134.114375
45	5	147.234055555556	134.2695
44	6	146.755681818182	133.707916666667
43	7	146.218488372093	133.305
42	8	145.687202380952	132.65
41	9	145.06487804878	132.331388888889
40	10	144.678125	131.90975
39	11	144.119551282051	131.439318181818
38	12	143.486118421053	130.982291666667
37	13	143.060067567568	130.417115384615
36	14	142.420486111111	130.2575
35	15	141.888642857143	129.648
34	16	141.452205882353	129.29484375
33	17	140.875	128.8175
32	18	140.29296875	128.581527777778
31	19	139.73564516129	128.184605263158
30	20	139.161166666667	127.762625
29	21	138.610603448276	127.233928571429
28	22	138.221517857143	126.783636363636
27	23	137.531944444444	126.393152173913
26	24	137.067692307692	126.013541666667
25	25	136.3835	125.6618
24	26	136.069166666667	125.255769230769
23	27	135.58902173913	124.779166666667
22	28	134.902045454545	124.349375
21	29	134.303214285714	123.913879310345
20	30	133.77925	123.497833333333
19	31	133.213157894737	123.152741935484
18	32	132.559166666667	122.6425
17	33	132.188676470588	122.357045454545
16	34	131.56875	121.893382352941
15	35	131.036666666667	121.558428571429
14	36	130.547321428571	120.966111111111
13	37	129.909230769231	120.698378378378
12	38	129.437708333333	120.145
11	39	129.096818181818	119.888653846154
10	40	128.4765	119.4210625
9	41	127.744444444444	118.928048780488
8	42	127.4271875	118.645357142857
7	43	126.982857142857	118.139825581395
6	44	126.313333333333	117.72625
5	45	125.8405	117.329333333333
4	46	125.10875	116.897989130435
3	47	124.405833333333	116.468882978723
2	48	124.16875	116.10171875
1	49	123.2475	115.668775510204
0	50	0	115.3469
