num_of_tit_for_tat	num_of_guilt_driven_amending	average_fitness_of_tit_for_tat	average_fitness_of_guilt_driven_amending
50	0	150	0
49	1	149.696632653061	140.7675
48	2	149.376302083333	140.04125
47	3	149.089468085106	139.915
46	4	148.753858695652	139.67
45	5	148.436944444444	139.3255
44	6	148.162556818182	139.158333333333
43	7	147.835523255814	138.856071428571
42	8	147.53119047619	138.606875
41	9	147.204268292683	138.281388888889
40	10	146.9308125	138.0905
39	11	146.612884615385	137.746136363636
38	12	146.300065789474	137.696875
37	13	145.972837837838	137.311923076923
36	14	145.723194444444	137.131607142857
35	15	145.411357142857	136.8855
34	16	145.040220588235	136.59859375
33	17	144.798106060606	136.281764705882
32	18	144.4115625	136.050833333333
31	19	144.17685483871	135.742631578947
30	20	143.815666666667	135.493875
29	21	143.53224137931	135.254404761905
28	22	143.244464285714	134.96625
27	23	142.886296296296	134.717826086957
26	24	142.649230769231	134.510416666667
25	25	142.2788	134.1915
24	26	142.010833333333	133.841442307692
23	27	141.719347826087	133.680833333333
22	28	141.346363636364	133.442857142857
21	29	141.075833333333	133.211034482759
20	30	140.75125	132.81775
19	31	140.434868421053	132.643064516129
18	32	140.152916666667	132.337421875
17	33	139.897205882353	132.119772727273
16	34	139.550625	131.873308823529
15	35	139.2085	131.633642857143
14	36	138.935714285714	131.33375
13	37	138.556923076923	131.046959459459
12	38	138.308541666667	130.771776315789
11	39	138.036818181818	130.590448717949
10	40	137.63	130.2735
9	41	137.370833333333	130.064329268293
8	42	137.0865625	129.727916666667
7	43	136.760357142857	129.504825581395
6	44	136.469166666667	129.306704545455
5	45	136.113	129.003888888889
4	46	135.854375	128.751793478261
3	47	135.566666666667	128.478882978723
2	48	135.215	128.197395833333
1	49	134.93	127.924948979592
0	50	0	127.7116
