num_of_tit_for_tat	num_of_shame_driven_denying	average_fitness_of_tit_for_tat	average_fitness_of_shame_driven_denying
50	0	150	0
49	1	149.137908163265	127.0575
48	2	148.233333333333	126.5375
47	3	147.351276595745	126.389166666667
46	4	146.510434782609	125.30125
45	5	145.615222222222	124.645
44	6	144.750795454545	124.285416666667
43	7	143.760348837209	123.283571428572
42	8	142.918928571429	122.775
41	9	142.034451219512	122.028333333333
40	10	141.2673125	121.56625
39	11	140.228525641026	120.790454545455
38	12	139.370394736842	120.253333333333
37	13	138.491554054054	119.276538461538
36	14	137.597222222222	119.123571428571
35	15	136.674642857143	118.196666666667
34	16	135.9175	117.51078125
33	17	135.027196969697	117.020588235294
32	18	133.957890625	116.207916666667
31	19	133.200241935484	115.589868421053
30	20	132.282916666667	114.8555
29	21	131.435603448276	114.322976190476
28	22	130.507678571429	113.604772727273
27	23	129.499074074074	113.219565217391
26	24	128.694807692308	112.289375
25	25	127.728	111.3906
24	26	127.0346875	111.27
23	27	126.192826086956	110.637962962963
22	28	125.392840909091	109.889732142857
21	29	124.07369047619	109.021724137931
20	30	123.470625	108.595583333333
19	31	122.264605263158	107.736129032258
18	32	121.683472222222	107.2803125
17	33	120.978088235294	106.641212121212
16	34	120.05359375	105.887205882353
15	35	118.812166666667	105.283714285714
14	36	118.067678571429	104.446875
13	37	117.063076923077	103.899054054054
12	38	116.329375	103.479671052632
11	39	115.484090909091	102.731346153846
10	40	114.27925	102.1725625
9	41	113.716944444444	101.479512195122
8	42	112.9225	100.685357142857
7	43	112.232142857143	99.9952906976744
6	44	110.810833333333	99.3934090909091
5	45	110.052	98.7982777777777
4	46	109.409375	98.0697826086956
3	47	108.053333333333	97.5030319148936
2	48	107.4275	96.7318229166667
1	49	106.2125	96.2970918367347
0	50	0	95.63995
