num_of_always_trembling	num_of_TFT_with_trembling_hand	average_fitness_of_always_trembling	average_fitness_of_TFT_with_trembling_hand
50	0	25.09655	0
49	1	25.4696428571429	12.39
48	2	25.63046875	14.2525
47	3	26.0254255319149	13.9166666666667
46	4	26.4020652173913	13.96625
45	5	26.8636111111111	14.7225
44	6	27.0848295454545	15.23375
43	7	27.3932558139535	15.8353571428571
42	8	27.4433928571429	16.2565625
41	9	28.0961585365853	16.8130555555556
40	10	28.27	17.60375
39	11	28.4658974358974	18.0820454545455
38	12	28.9978947368421	18.5716666666667
37	13	29.3935810810811	19.1290384615385
36	14	29.4075694444444	19.4805357142857
35	15	29.9427142857143	20.1533333333333
34	16	30.2881617647059	20.52015625
33	17	30.7466666666667	21.2516176470588
32	18	31.082109375	21.53625
31	19	31.3128225806452	22.2036842105263
30	20	31.8990833333333	22.661875
29	21	31.9401724137931	23.3358333333333
28	22	32.4684821428571	23.7329545454545
27	23	32.6868518518519	24.3576086956522
26	24	33.0440384615385	24.9160416666667
25	25	33.2584	25.3114
24	26	33.6084375	25.8443269230769
23	27	33.9485869565218	26.4311111111111
22	28	34.2681818181818	26.8791964285714
21	29	34.9466666666667	27.3943103448276
20	30	35.057125	27.9833333333333
19	31	35.2769736842105	28.4836290322581
18	32	35.6876388888889	28.88625
17	33	36.0977941176471	29.5337121212121
16	34	36.35125	30.0775
15	35	36.7216666666667	30.5835714285714
14	36	37.01125	31.0933333333333
13	37	37.2098076923077	31.6314864864865
12	38	37.5704166666667	32.1895394736842
11	39	38.0438636363637	32.5926282051282
10	40	37.97475	33.1315625
9	41	38.7488888888889	33.7298170731707
8	42	39.065625	34.2014285714286
7	43	39.2082142857143	34.7482558139535
6	44	40.0941666666667	35.2732386363637
5	45	39.949	35.9418888888889
4	46	39.965	36.3199456521739
3	47	40.8258333333333	36.8692021276596
2	48	41.0425	37.36875
1	49	41.16	37.873112244898
0	50	0	38.4766
