num_of_always_trembling	num_of_guilt_driven_amending	average_fitness_of_always_trembling	average_fitness_of_guilt_driven_amending
50	0	25.11775	0
49	1	25.2577551020408	11.2425
48	2	25.5174479166667	11.68
47	3	26.329414893617	13.0858333333333
46	4	26.4695652173913	12.81625
45	5	26.9003888888889	13.881
44	6	27.3524431818182	14.2433333333333
43	7	27.5052906976744	15.3389285714286
42	8	27.936130952381	15.6984375
41	9	28.1218902439024	16.5063888888889
40	10	28.9065	17.03125
39	11	29.2821153846154	17.8706818181818
38	12	29.4549342105263	18.3147916666667
37	13	29.6975	18.9053846153846
36	14	30.2518055555556	19.3228571428571
35	15	30.3773571428572	20.0768333333333
34	16	30.9261029411765	20.76515625
33	17	31.2829545454546	21.3777941176471
32	18	31.531015625	22.10875
31	19	32.1371774193548	22.7052631578947
30	20	32.1405833333333	23.313
29	21	32.8339655172414	24.0714285714286
28	22	33.2138392857143	24.6564772727273
27	23	33.6362962962963	25.1075
26	24	34.1671153846154	25.9909375
25	25	34.4079	26.5271
24	26	34.80875	27.2154807692308
23	27	35.1585869565217	27.7903703703704
22	28	35.3370454545455	28.5695535714286
21	29	35.8217857142857	29.2909482758621
20	30	36.172125	29.7423333333333
19	31	36.5442105263158	30.393064516129
18	32	37.0018055555556	31.0321875
17	33	37.2223529411765	31.7857575757576
16	34	37.81921875	32.3491176470588
15	35	38.1038333333333	32.8689285714286
14	36	38.6317857142857	33.7767361111111
13	37	38.4803846153846	34.1622297297297
12	38	39.3004166666667	34.9472368421053
11	39	39.7131818181818	35.5084615384615
10	40	39.76225	36.156125
9	41	40.4238888888889	36.7817073170732
8	42	40.6640625	37.4952380952381
7	43	41.2303571428571	38.1102325581395
6	44	41.3941666666667	38.7401704545454
5	45	41.677	39.3366111111111
4	46	42.215625	40.0009782608696
3	47	42.6858333333333	40.641914893617
2	48	43.09	41.2758333333333
1	49	43.7375	41.9406632653061
0	50	0	42.5974
