num_of_always_defect	num_of_Pavlov	average_fitness_of_always_defect	average_fitness_of_Pavlov
50	0	0	0
49	1	2.26510204081633	-75
48	2	4.52333333333333	-72.72125
47	3	6.79936170212766	-70.3658333333333
46	4	9.01630434782609	-67.811875
45	5	11.2917777777778	-65.3
44	6	13.5631818181818	-62.9658333333334
43	7	15.8118604651163	-60.6142857142857
42	8	18.1747619047619	-58.125
41	9	20.3512195121951	-55.7738888888889
40	10	22.56725	-53.32475
39	11	24.9858974358974	-50.8534090909091
38	12	27.0810526315789	-48.2604166666667
37	13	29.4137837837838	-45.9007692307692
36	14	31.8158333333333	-43.5630357142857
35	15	34.0322857142857	-41.0835
34	16	36.1467647058824	-38.58421875
33	17	38.5672727272727	-36.2001470588235
32	18	40.8396875	-33.6826388888889
31	19	43.0661290322581	-31.3442105263158
30	20	45.4436666666667	-28.71525
29	21	47.4917241379311	-26.3564285714286
28	22	49.7460714285714	-23.9071590909091
27	23	52.0688888888889	-21.631847826087
26	24	54.4011538461538	-18.9311458333333
25	25	56.5892	-16.5695
24	26	59.00875	-14.2645192307692
23	27	60.9982608695653	-11.9213888888889
22	28	63.3518181818182	-9.34232142857143
21	29	65.6642857142857	-6.70474137931034
20	30	68.0125	-4.44266666666667
19	31	70.1994736842105	-2.01225806451613
18	32	72.54	0.380703125
17	33	74.6276470588236	2.81401515151515
16	34	77.005625	5.32257352941176
15	35	79.2173333333333	7.72107142857143
14	36	81.4542857142857	10.1126388888889
13	37	83.6876923076923	12.4272972972973
12	38	85.965	15.0384868421053
11	39	88.3263636363636	17.4646794871795
10	40	90.676	19.8603125
9	41	93.0755555555556	22.3642682926829
8	42	94.85625	24.8167857142857
7	43	97.6457142857143	27.1862209302326
6	44	99.7183333333333	29.6801136363636
5	45	101.776	32.0617222222222
4	46	103.7625	34.4697826086957
3	47	106.196666666667	36.926329787234
2	48	108.395	39.4101041666667
1	49	110.83	41.8781122448979
0	50	0	44.2723
