num_of_always_cooperate	num_of_guilt_driven_amending	average_fitness_of_always_cooperate	average_fitness_of_guilt_driven_amending
50	0	50	0
49	1	49.6177551020408	64.04
48	2	49.2429166666667	63.56875
47	3	48.8529787234043	63.1433333333333
46	4	48.4708695652174	62.694375
45	5	48.1331111111111	62.247
44	6	47.7129545454545	61.84875
43	7	47.33	61.3203571428571
42	8	46.9426190476191	60.9
41	9	46.5782926829269	60.4847222222222
40	10	46.2535	60.0455
39	11	45.8102564102564	59.7186363636363
38	12	45.4376315789474	59.179375
37	13	45.0162162162162	58.7657692307692
36	14	44.6766666666667	58.2464285714286
35	15	44.2531428571428	57.84
34	16	43.9541176470588	57.4221875
33	17	43.5542424242424	56.9836764705882
32	18	43.1915625	56.5922222222222
31	19	42.8225806451613	56.1182894736842
30	20	42.421	55.65225
29	21	41.9451724137931	55.2289285714286
28	22	41.5542857142857	54.7484090909091
27	23	41.2292592592593	54.4801086956521
26	24	40.8588461538462	53.9488541666667
25	25	40.4696	53.4938
24	26	40.1370833333333	53.0984615384615
23	27	39.6852173913044	52.6498148148148
22	28	39.3781818181818	52.099375
21	29	38.9757142857143	51.8033620689655
20	30	38.6355	51.2275
19	31	38.2521052631579	50.8890322580645
18	32	37.9022222222222	50.386953125
17	33	37.4147058823529	50.0065151515152
16	34	37.061875	49.5956617647059
15	35	36.6193333333333	49.1162142857143
14	36	36.1771428571428	48.6967361111111
13	37	35.9184615384615	48.2976351351351
12	38	35.6366666666667	47.7978289473684
11	39	35.0963636363636	47.2526923076923
10	40	34.728	46.8869375
9	41	34.3077777777778	46.5570731707317
8	42	34.08375	46.0525
7	43	33.6271428571428	45.6104651162791
6	44	33.2133333333333	45.2261931818182
5	45	32.95	44.7623888888889
4	46	32.47	44.258152173913
3	47	32.0266666666667	43.8442021276596
2	48	31.76	43.434375
1	49	31.27	43.0801530612245
0	50	0	42.5386
