num_of_always_defect	num_of_shame_driven_denying	average_fitness_of_always_defect	average_fitness_of_shame_driven_denying
50	0	0	0
49	1	0.97530612244898	-35.8125
48	2	1.95458333333333	-34.46625
47	3	2.92170212765957	-33.075
46	4	3.90586956521739	-31.7875
45	5	4.87755555555555	-30.223
44	6	5.85477272727273	-28.9470833333333
43	7	6.84162790697675	-27.5692857142857
42	8	7.80357142857144	-26.21875
41	9	8.77853658536585	-24.825
40	10	9.764	-23.4295
39	11	10.7371794871795	-22.0690909090909
38	12	11.7081578947368	-20.6585416666667
37	13	12.6881081081081	-19.3973076923077
36	14	13.6747222222222	-17.8710714285714
35	15	14.6082857142857	-16.4916666666667
34	16	15.6029411764706	-15.12328125
33	17	16.5924242424242	-13.6548529411765
32	18	17.5765625	-12.3477777777778
31	19	18.5477419354839	-11.1326315789474
30	20	19.5066666666667	-9.632375
29	21	20.4848275862069	-8.21154761904762
28	22	21.4746428571429	-6.79306818181818
27	23	22.4448148148148	-5.51989130434783
26	24	23.4180769230769	-4.00822916666667
25	25	24.4176	-2.6975
24	26	25.3604166666667	-1.34375
23	27	26.3095652173913	0.0108333333333333
22	28	27.3072727272727	1.43633928571429
21	29	28.3052380952381	2.91758620689655
20	30	29.2845	4.26433333333333
19	31	30.26	5.54959677419355
18	32	31.2455555555556	6.97515625
17	33	32.1935294117647	8.3944696969697
16	34	33.171875	9.67220588235294
15	35	34.1233333333333	11.0905714285714
14	36	35.1564285714286	12.5838194444444
13	37	36.1015384615385	13.8893918918919
12	38	37.0658333333333	15.2653289473684
11	39	37.9736363636364	16.7154487179487
10	40	39.067	18.0968125
9	41	40.0388888888889	19.4583536585366
8	42	40.985	20.8132142857143
7	43	41.8942857142857	22.1926162790698
6	44	42.9416666666667	23.5305681818182
5	45	43.908	24.852
4	46	44.81	26.2830978260869
3	47	45.8566666666667	27.7023936170213
2	48	46.85	29.0949479166667
1	49	47.83	30.4848979591837
0	50	0	31.8967
