num_of_always_cooperate	num_of_shame_driven_hiding	average_fitness_of_always_cooperate	average_fitness_of_shame_driven_hiding
50	0	50	0
49	1	49.6502040816326	65
48	2	49.33125	64.665
47	3	48.976170212766	64.33
46	4	48.579347826087	64
45	5	48.2908888888889	63.552
44	6	47.9690909090909	63.2833333333333
43	7	47.59	62.9542857142857
42	8	47.2440476190476	62.5275
41	9	46.8675609756098	62.2977777777778
40	10	46.50775	61.853
39	11	46.1492307692308	61.5272727272727
38	12	45.8223684210526	61.1225
37	13	45.4318918918919	60.78
36	14	45.0852777777778	60.4221428571428
35	15	44.6797142857143	59.9973333333333
34	16	44.2955882352941	59.659375
33	17	43.9648484848485	59.2829411764706
32	18	43.57	58.9433333333334
31	19	43.1896774193548	58.5421052631579
30	20	42.8736666666667	58.195
29	21	42.428275862069	57.7628571428571
28	22	42.0153571428571	57.4022727272727
27	23	41.5944444444444	56.8965217391304
26	24	41.175	56.5920833333333
25	25	40.8104	56.2268
24	26	40.3366666666667	55.7511538461539
23	27	40.0408695652174	55.4037037037037
22	28	39.5618181818182	55.0125
21	29	39.2828571428571	54.5286206896552
20	30	38.8245	54.197
19	31	38.3278947368421	53.6974193548387
18	32	37.9172222222222	53.3625
17	33	37.5029411764706	52.9054545454546
16	34	37.09875	52.4417647058823
15	35	36.6253333333333	52.1111428571429
14	36	36.1971428571429	51.5572222222222
13	37	35.8530769230769	51.1818918918919
12	38	35.3866666666667	50.7273684210527
11	39	34.8018181818182	50.3307692307692
10	40	34.424	49.82625
9	41	33.96	49.3956097560975
8	42	33.425	48.902619047619
7	43	32.9442857142857	48.4786046511628
6	44	32.56	48.0070454545455
5	45	31.882	47.4828888888889
4	46	31.5025	46.9880434782609
3	47	31.07	46.493829787234
2	48	30.485	46.0447916666667
1	49	30	45.5120408163265
0	50	0	45
