num_of_always_defect	num_of_shame_driven_hiding	average_fitness_of_always_defect	average_fitness_of_shame_driven_hiding
50	0	0	0
49	1	0.973877551020408	-35.91
48	2	1.94833333333333	-34.59125
47	3	2.9295744680851	-33.1058333333333
46	4	3.89521739130435	-31.749375
45	5	4.88022222222222	-30.2725
44	6	5.85113636363636	-28.9908333333333
43	7	6.8286046511628	-27.5935714285714
42	8	7.80357142857143	-26.184375
41	9	8.7870731707317	-24.7055555555556
40	10	9.76175	-23.32875
39	11	10.7328205128205	-21.9745454545455
38	12	11.7005263157895	-20.6375
37	13	12.6859459459459	-19.0909615384615
36	14	13.6522222222222	-17.6382142857143
35	15	14.6274285714286	-16.2216666666667
34	16	15.6258823529412	-14.58265625
33	17	16.5572727272727	-13.2882352941176
32	18	17.5671875	-11.7354166666667
31	19	18.5241935483871	-10.1731578947368
30	20	19.5193333333333	-8.788375
29	21	20.4779310344828	-7.21011904761904
28	22	21.4435714285714	-5.74193181818182
27	23	22.4407407407407	-4.09119565217391
26	24	23.4042307692308	-2.61666666666667
25	25	24.3804	-0.9936
24	26	25.3816666666667	0.577596153846154
23	27	26.3665217391304	2.08944444444444
22	28	27.3022727272727	3.60758928571429
21	29	28.2761904761905	5.43189655172414
20	30	29.2765	6.94866666666667
19	31	30.2221052631579	8.62290322580645
18	32	31.2183333333333	10.2303125
17	33	32.2164705882353	11.9049242424242
16	34	33.20875	13.5201470588235
15	35	34.1433333333333	15.4685714285714
14	36	35.1164285714286	17.0938888888889
13	37	36.0684615384615	18.7643918918919
12	38	37.085	20.5393421052632
11	39	38.0754545454546	22.4219871794872
10	40	38.999	24.23575
9	41	39.9622222222222	26.1084756097561
8	42	40.92625	28.0669642857143
7	43	41.8871428571429	29.8866279069767
6	44	42.8216666666667	31.9443181818182
5	45	43.806	33.9362222222222
4	46	44.8425	35.9696195652174
3	47	45.7366666666667	38.1208510638298
2	48	46.705	40.31859375
1	49	47.82	42.6142857142857
0	50	0	45
