num_of_always_trembling	num_of_shame_driven_hiding	average_fitness_of_always_trembling	average_fitness_of_shame_driven_hiding
50	0	24.95825	0
49	1	25.0982653061224	14.0475
48	2	25.43765625	15.11875
47	3	26.1659042553192	15.3175
46	4	26.1020652173913	15.85
45	5	26.4145	16.578
44	6	26.5613636363636	17.1391666666667
43	7	26.8385465116279	17.9378571428571
42	8	27.3755357142857	18.19
41	9	27.7739024390244	18.8561111111111
40	10	27.9795625	19.26075
39	11	28.2992307692308	19.9995454545455
38	12	28.5601973684211	20.5758333333333
37	13	28.8206756756757	21.0825
36	14	29.1084027777778	21.6508928571429
35	15	29.3142857142857	22.291
34	16	29.464705882353	22.76234375
33	17	30.0138636363636	23.325
32	18	30.12234375	23.8597222222222
31	19	30.5062903225807	24.5042105263158
30	20	30.9895833333333	25.253125
29	21	31.2862931034483	25.7867857142857
28	22	31.3250892857143	26.22875
27	23	31.5623148148148	26.814347826087
26	24	32.0288461538461	27.5670833333333
25	25	31.9905	28.0394
24	26	32.4488541666667	28.6534615384615
23	27	32.6611956521739	29.3535185185185
22	28	33.3034090909091	29.8633928571429
21	29	33.4302380952381	30.5653448275862
20	30	34.19	31.1303333333333
19	31	34.056447368421	31.6978225806452
18	32	34.4894444444444	32.360703125
17	33	34.6064705882353	32.9269696969697
16	34	34.828125	33.6953676470588
15	35	35.2346666666667	34.3766428571429
14	36	35.24	34.8811805555555
13	37	35.6488461538461	35.6116891891892
12	38	35.8560416666667	36.2750657894737
11	39	36.4486363636364	37.0274358974359
10	40	36.84225	37.6764375
9	41	37.0263888888889	38.4163414634146
8	42	37.2021875	38.9504761904762
7	43	37.3528571428571	39.7098255813954
6	44	38.1079166666667	40.3992613636364
5	45	38.389	41.1636111111111
4	46	38.341875	41.8779347826087
3	47	38.4383333333333	42.6472340425532
2	48	38.785	43.3759375
1	49	38.3625	44.1864285714286
0	50	0	45
