num_of_always_trembling	num_of_shame_driven_denying	average_fitness_of_always_trembling	average_fitness_of_shame_driven_denying
50	0	24.99315	0
49	1	25.1471428571429	19.755
48	2	25.1433854166667	19.84
47	3	25.6055319148936	19.9075
46	4	25.7082065217391	20.755
45	5	25.8346111111111	20.372
44	6	26.0706818181818	20.5754166666667
43	7	26.0075581395349	20.6421428571429
42	8	26.0730952380953	20.6384375
41	9	26.6370121951219	21.0925
40	10	26.4704375	21.255
39	11	26.7902564102564	21.7013636363636
38	12	26.7063157894737	22.1197916666667
37	13	27.2386486486486	22.4071153846154
36	14	26.9425694444444	22.7633928571429
35	15	27.2705714285714	22.8003333333333
34	16	27.6553676470588	23.01421875
33	17	27.5013636363636	23.5205882352941
32	18	27.791484375	23.46
31	19	27.7891129032258	23.7522368421053
30	20	28.0846666666667	23.96625
29	21	28.5466379310345	24.4377380952381
28	22	28.2195535714286	24.5531818181818
27	23	28.5418518518519	24.8882608695652
26	24	28.6205769230769	25.1732291666667
25	25	28.4679	25.4792
24	26	29.2761458333333	25.7879807692308
23	27	29.0419565217391	25.909537037037
22	28	29.3080681818182	26.3346428571429
21	29	29.2210714285714	26.4418103448276
20	30	29.538375	26.6676666666667
19	31	29.6192105263158	26.9245161290323
18	32	29.9004166666667	27.1575
17	33	30.0648529411765	27.3497727272727
16	34	30.5603125	27.7491911764706
15	35	30.5968333333333	28.0397857142857
14	36	30.5103571428572	28.1842361111111
13	37	30.7655769230769	28.5399324324324
12	38	30.7352083333333	28.8601315789474
11	39	31.4815909090909	28.9045512820513
10	40	30.94775	29.218875
9	41	31.9055555555555	29.5384756097561
8	42	31.5628125	29.78375
7	43	31.8689285714286	30.0911046511628
6	44	31.5858333333333	30.2994886363636
5	45	32.17	30.5189444444444
4	46	31.81625	30.8585326086957
3	47	33.28	30.9992553191489
2	48	32.425	31.2021875
1	49	33.03	31.5098469387755
0	50	0	31.89565
