num_of_always_cooperate	num_of_TFT_with_trembling_hand	average_fitness_of_always_cooperate	average_fitness_of_TFT_with_trembling_hand
50	0	50	0
49	1	49.5773469387755	65
48	2	49.1902083333333	64.465
47	3	48.7682978723404	63.8941666666667
46	4	48.3589130434783	63.45125
45	5	47.9624444444444	62.9175
44	6	47.5272727272727	62.19125
43	7	47.1455813953488	61.7828571428571
42	8	46.7297619047619	61.2203125
41	9	46.3253658536585	60.7469444444444
40	10	45.876	60.2675
39	11	45.5451282051282	59.5456818181818
38	12	45.0744736842105	58.961875
37	13	44.7035135135135	58.4705769230769
36	14	44.3130555555556	57.9498214285714
35	15	43.8677142857143	57.396
34	16	43.4920588235294	56.75546875
33	17	43.0860606060606	56.3572058823529
32	18	42.6196875	55.7706944444444
31	19	42.3158064516129	55.1752631578947
30	20	41.9253333333333	54.723
29	21	41.4531034482759	54.1001190476191
28	22	41.0267857142857	53.5717045454545
27	23	40.5537037037037	53.1317391304348
26	24	40.1573076923077	52.5430208333333
25	25	39.7952	52.0549
24	26	39.3670833333333	51.4991346153846
23	27	39.054347826087	50.8728703703704
22	28	38.5731818181818	50.3871428571429
21	29	38.1657142857143	49.8377586206897
20	30	37.7095	49.1944166666667
19	31	37.3531578947368	48.8031451612903
18	32	36.93	48.259375
17	33	36.44	47.6038636363636
16	34	36.140625	47.1471323529412
15	35	35.6586666666667	46.491
14	36	35.2514285714286	46.0190277777778
13	37	34.8969230769231	45.4997972972973
12	38	34.4883333333333	44.9190789473684
11	39	34.0827272727273	44.453717948718
10	40	33.718	43.854375
9	41	33.2877777777778	43.3842682926829
8	42	32.78625	42.7530952380952
7	43	32.4457142857143	42.235988372093
6	44	32.0566666666667	41.6771590909091
5	45	31.65	41.1196111111111
4	46	31.22	40.6364130434783
3	47	30.8366666666667	40.0531914893617
2	48	30.445	39.5660416666667
1	49	30	38.924387755102
0	50	0	38.41835
