num_of_always_cooperate	num_of_Pavlov	average_fitness_of_always_cooperate	average_fitness_of_Pavlov
50	0	50	0
49	1	49.0475510204082	122.24
48	2	48.1304166666667	122.94
47	3	47.2370212765957	120.0325
46	4	46.2563043478261	117.96375
45	5	45.4293333333333	116.291
44	6	44.3745454545454	115.18125
43	7	43.4776744186046	112.906071428571
42	8	42.5347619047619	112.3375
41	9	41.6260975609756	109.5425
40	10	40.78375	108.69625
39	11	39.6528205128205	106.701136363636
38	12	38.8197368421053	104.71875
37	13	37.7778378378378	104.0075
36	14	37.0333333333333	101.662321428571
35	15	35.8297142857143	100.462333333333
34	16	35.0576470588235	99.09171875
33	17	34.1633333333333	97.4002941176471
32	18	33.3803125	95.1772222222222
31	19	32.0606451612903	93.8856578947369
30	20	31.2913333333333	92.18125
29	21	30.1858620689655	90.7872619047619
28	22	29.7364285714286	89.13625
27	23	28.5837037037037	87.5090217391305
26	24	27.6515384615385	85.9954166666666
25	25	26.7244	84.0119
24	26	26.0729166666667	82.6948076923077
23	27	24.5491304347826	81.2847222222223
22	28	23.8227272727273	79.6160714285714
21	29	23.0109523809524	77.8606896551724
20	30	22.2015	76.3879166666666
19	31	20.6773684210526	74.6797580645162
18	32	20.2833333333333	72.94625
17	33	19.0376470588235	71.6682575757576
16	34	18.25375	69.9452941176471
15	35	17.5053333333333	68.3194285714286
14	36	16.8285714285714	66.7143055555555
13	37	15.4107692307692	65.2144594594594
12	38	14.9508333333333	63.5503289473684
11	39	13.4336363636364	61.9404487179487
10	40	12.973	60.3824375
9	41	11.38	58.9273780487805
8	42	10.6625	57.0360119047619
7	43	9.71	55.5215697674419
6	44	8.715	53.7974431818182
5	45	7.752	52.4051666666667
4	46	7.3675	50.7752717391304
3	47	7.37333333333333	49.1635106382979
2	48	5.15	47.629375
1	49	4.47	46.0434183673469
0	50	0	44.26855
