num_of_always_defect	num_of_TFT_with_trembling_hand	average_fitness_of_always_defect	average_fitness_of_TFT_with_trembling_hand
50	0	0	0
49	1	0.973877551020408	-35.7075
48	2	1.95291666666667	-34.36375
47	3	2.92829787234042	-32.7491666666667
46	4	3.90673913043478	-31.30625
45	5	4.88133333333333	-29.7485
44	6	5.84863636363636	-28.3629166666667
43	7	6.83674418604652	-26.7246428571429
42	8	7.79142857142858	-25.1465625
41	9	8.7890243902439	-23.6758333333333
40	10	9.7505	-22.23
39	11	10.7325641025641	-20.6579545454546
38	12	11.7189473684211	-19.2083333333333
37	13	12.6805405405405	-17.6203846153846
36	14	13.6472222222222	-16.0658928571429
35	15	14.6231428571429	-14.5706666666667
34	16	15.6202941176471	-13.0921875
33	17	16.5945454545455	-11.5655882352941
32	18	17.5534375	-10.095
31	19	18.5354838709677	-8.68078947368421
30	20	19.5386666666667	-7.153125
29	21	20.4893103448276	-5.48702380952381
28	22	21.4717857142857	-4.06272727272727
27	23	22.4403703703704	-2.41739130434783
26	24	23.4334615384615	-1.10052083333333
25	25	24.404	0.5042
24	26	25.3420833333333	2.10798076923077
23	27	26.3617391304348	3.54953703703704
22	28	27.345	5.05
21	29	28.2847619047619	6.63439655172414
20	30	29.2845	8.09508333333333
19	31	30.2452631578947	9.66145161290323
18	32	31.2177777777778	11.065703125
17	33	32.2194117647059	12.5413636363636
16	34	33.14875	14.1430147058824
15	35	34.1306666666667	15.577
14	36	35.1071428571429	17.1715277777778
13	37	36.0953846153846	18.6910810810811
12	38	37.025	20.2583552631579
11	39	38.0645454545455	21.713141025641
10	40	39.016	23.205625
9	41	39.9922222222222	24.8960365853659
8	42	40.97375	26.2363095238095
7	43	42.0042857142857	27.808488372093
6	44	42.8783333333333	29.3934090909091
5	45	43.784	30.8125555555556
4	46	44.9125	32.3225
3	47	45.9166666666667	33.9070212765958
2	48	46.865	35.39765625
1	49	47.74	36.8795408163265
0	50	0	38.42675
