num_of_shame_driven_denying	num_of_guilt_driven_amending	average_fitness_of_shame_driven_denying	average_fitness_of_guilt_driven_amending
50	0	31.7691	0
49	1	32.1598469387755	27.5075
48	2	32.50859375	27.4225
47	3	32.7575531914894	27.6283333333333
46	4	33.1617391304348	28.166875
45	5	33.3661666666667	28.293
44	6	33.7025568181818	28.6241666666667
43	7	33.9816279069767	28.83
42	8	34.3078571428571	29.2084375
41	9	34.4986585365854	29.4972222222222
40	10	34.86625	29.8725
39	11	35.1901923076923	30.1522727272727
38	12	35.3973026315789	30.4227083333333
37	13	35.7812837837838	30.8734615384615
36	14	36.1216666666667	31.3396428571429
35	15	36.4045714285714	31.6501666666667
34	16	36.6942647058824	31.7440625
33	17	37.0980303030303	32.1892647058823
32	18	37.3246875	32.4409722222222
31	19	37.6359677419355	32.6789473684211
30	20	37.98275	33.153625
29	21	38.1147413793103	33.3196428571429
28	22	38.5258035714286	33.7089772727273
27	23	38.8753703703704	34.089347826087
26	24	38.9995192307692	34.2440625
25	25	39.4848	34.7393
24	26	39.7567708333333	34.9695192307692
23	27	40.1015217391304	35.2771296296296
22	28	40.2415909090909	35.6259821428572
21	29	40.6860714285714	35.9155172413793
20	30	40.951125	36.1850833333333
19	31	41.2861842105263	36.606935483871
18	32	41.6663888888889	36.820390625
17	33	41.8708823529412	37.0778787878788
16	34	42.1915625	37.4316911764706
15	35	42.452	37.8521428571429
14	36	42.8466071428571	38.0831944444444
13	37	43.1357692307692	38.4569594594595
12	38	43.44625	38.7521052631579
11	39	43.6470454545454	39.0992307692308
10	40	44.14375	39.3244375
9	41	44.3333333333333	39.7006707317073
8	42	44.5565625	39.9792261904762
7	43	44.855	40.375
6	44	45.1204166666666	40.7142045454545
5	45	45.542	40.9319444444444
4	46	45.778125	41.2820652173913
3	47	46.3066666666667	41.5929787234043
2	48	46.63375	41.9235416666667
1	49	46.575	42.2673469387755
0	50	0	42.5337
