num_of_shame_driven_hiding	num_of_shame_driven_denying	average_fitness_of_shame_driven_hiding	average_fitness_of_shame_driven_denying
50	0	45	0
49	1	44.643112244898	35.955
48	2	44.3113020833333	35.7925
47	3	43.9768085106383	36.0758333333333
46	4	43.6577717391304	35.7175
45	5	43.3375555555556	35.5755
44	6	42.9770454545454	35.3370833333333
43	7	42.8225	35.2046428571429
42	8	42.4991666666667	35.4021875
41	9	42.2557926829269	35.0119444444444
40	10	42.00275	35.06925
39	11	41.7408333333333	35.0572727272727
38	12	41.569802631579	34.9116666666667
37	13	41.2393243243243	34.8555769230769
36	14	41.0650694444445	34.7142857142857
35	15	40.8868571428571	34.5795
34	16	40.6221323529412	34.41484375
33	17	40.4713636363636	34.5388235294118
32	18	40.22390625	34.3468055555556
31	19	40.1084677419355	34.0678947368421
30	20	39.8381666666667	34.229125
29	21	39.6674137931034	34.0691666666667
28	22	39.5580357142857	33.9902272727273
27	23	39.3448148148148	33.9808695652174
26	24	39.1718269230769	33.759375
25	25	39.006	33.6961
24	26	38.820625	33.5124038461538
23	27	38.6982608695652	33.6133333333334
22	28	38.5406818181818	33.4151785714286
21	29	38.380119047619	33.350775862069
20	30	38.21075	33.3071666666667
19	31	38.0140789473684	33.2332258064516
18	32	37.9972222222222	33.227265625
17	33	37.7694117647059	33.0662121212121
16	34	37.64171875	33.0183088235294
15	35	37.5168333333333	32.8704285714286
14	36	37.42	32.8168055555556
13	37	37.2948076923077	32.8484459459459
12	38	36.9522916666667	32.6778289473684
11	39	36.9279545454545	32.6800641025641
10	40	36.712	32.5511875
9	41	36.8472222222222	32.5071341463415
8	42	36.735625	32.3376190476191
7	43	36.4682142857143	32.2396511627907
6	44	36.3458333333333	32.2460227272727
5	45	36.2715	32.2362222222222
4	46	35.960625	32.1097282608696
3	47	35.8591666666667	32.0710638297872
2	48	35.8075	31.9729166666667
1	49	35.9475	31.8990306122449
0	50	0	31.83755
