num_of_TFT_with_trembling_hand	num_of_shame_driven_denying	average_fitness_of_TFT_with_trembling_hand	average_fitness_of_shame_driven_denying
50	0	38.414	0
49	1	38.2788265306122	39.8675
48	2	38.07703125	40.05125
47	3	37.9342553191489	39.6458333333333
46	4	37.6975543478261	39.6775
45	5	37.5762222222222	39.608
44	6	37.4183522727273	39.2883333333333
43	7	37.2043604651163	39.215
42	8	37.0313095238095	39.056875
41	9	36.8954268292683	38.725
40	10	36.712375	38.78825
39	11	36.5199358974359	38.5234090909091
38	12	36.4085526315789	38.3689583333333
37	13	36.2010810810811	38.0309615384615
36	14	36.0261805555556	37.9664285714286
35	15	35.9482142857143	37.7163333333334
34	16	35.6809558823529	37.63109375
33	17	35.5334090909091	37.4838235294118
32	18	35.35609375	37.2729166666667
31	19	35.1410483870968	37.1103947368421
30	20	35.0538333333333	37.028
29	21	34.8344827586207	36.7902380952381
28	22	34.6145535714286	36.5480681818182
27	23	34.4510185185185	36.5447826086957
26	24	34.3318269230769	36.2117708333333
25	25	34.3446	36.1422
24	26	33.9614583333333	35.9839423076923
23	27	33.8272826086957	35.787037037037
22	28	33.6611363636364	35.5421428571429
21	29	33.4895238095238	35.4326724137931
20	30	33.30525	35.17725
19	31	33.1330263157895	35.0716129032258
18	32	32.8791666666667	34.978203125
17	33	32.85	34.7493181818182
16	34	32.68890625	34.5616911764706
15	35	32.4965	34.3052142857143
14	36	32.3851785714286	34.2701388888889
13	37	32.0701923076923	34.0252027027027
12	38	32.1252083333333	34.0161184210526
11	39	31.8670454545455	33.6392307692308
10	40	31.7075	33.4911875
9	41	31.3938888888889	33.4718902439025
8	42	31.3584375	33.2020833333333
7	43	31.0007142857143	33.0190697674419
6	44	31.0066666666667	32.9102840909091
5	45	30.955	32.7933888888889
4	46	30.594375	32.5430434782609
3	47	30.2941666666667	32.2885638297872
2	48	30.51125	32.2576041666667
1	49	30.185	32.0419387755102
0	50	0	31.86415
