num_of_TFT_with_trembling_hand	num_of_shame_driven_hiding	average_fitness_of_TFT_with_trembling_hand	average_fitness_of_shame_driven_hiding
50	0	38.4322	0
49	1	38.3537244897959	45.945
48	2	38.3168229166667	46.1525
47	3	38.2360638297872	46.2441666666666
46	4	38.1358695652174	46.131875
45	5	38.0408888888889	46.058
44	6	38.0039204545454	45.90875
43	7	37.9476744186047	45.9446428571429
42	8	37.8702380952381	45.9484375
41	9	37.7915853658537	45.9191666666667
40	10	37.68175	45.76125
39	11	37.5765384615385	45.6534090909091
38	12	37.6141447368421	45.75625
37	13	37.5462162162162	45.7396153846154
36	14	37.4153472222222	45.6683928571428
35	15	37.4682857142857	45.6535
34	16	37.2469852941176	45.5
33	17	37.2573484848485	45.4555882352941
32	18	37.1025	45.50625
31	19	37.0466129032258	45.4546052631579
30	20	36.9755	45.48575
29	21	36.9572413793103	45.5139285714286
28	22	36.7798214285714	45.3119318181818
27	23	36.6871296296296	45.4032608695652
26	24	36.6936538461539	45.3501041666667
25	25	36.5206	45.2432
24	26	36.495625	45.2265384615385
23	27	36.3497826086956	45.2053703703704
22	28	36.29875	45.1226785714286
21	29	36.3589285714286	45.0897413793103
20	30	36.127125	45.0798333333334
19	31	36.1231578947368	45.0642741935484
18	32	36.1622222222222	45.040234375
17	33	35.9038235294118	45.0414393939394
16	34	35.9415625	44.9927205882353
15	35	35.8228333333333	44.9895714285714
14	36	35.8058928571428	44.9927083333333
13	37	35.6280769230769	44.9460810810811
12	38	35.5639583333333	44.9541447368421
11	39	35.5322727272727	44.9388461538461
10	40	35.42225	44.8801875
9	41	35.3480555555555	44.9373780487805
8	42	35.250625	44.9393452380952
7	43	35.2507142857143	44.8588372093023
6	44	35.20875	44.8916477272727
5	45	34.915	44.9341666666667
4	46	34.8975	44.9196195652174
3	47	34.99	44.944414893617
2	48	34.9825	44.9488020833333
1	49	34.36	44.9725510204082
0	50	0	45
