num_of_TFT_with_trembling_hand	num_of_guilt_driven_amending	average_fitness_of_TFT_with_trembling_hand	average_fitness_of_guilt_driven_amending
50	0	38.4152	0
49	1	38.5269387755102	36.085
48	2	38.6722395833333	36.115
47	3	38.7900531914894	36.2666666666667
46	4	38.9876630434782	36.30625
45	5	38.9893888888889	36.807
44	6	39.1822727272727	36.835
43	7	39.3246511627907	36.9075
42	8	39.4865476190476	36.9825
41	9	39.5358536585366	37.0830555555556
40	10	39.6886875	37.2035
39	11	39.7817948717949	37.4045454545454
38	12	39.9513815789474	37.563125
37	13	40.1552027027027	37.6878846153846
36	14	40.2079861111111	37.8226785714286
35	15	40.2385714285714	37.8741666666667
34	16	40.4966911764706	38.180625
33	17	40.5830303030303	38.0741176470588
32	18	40.740078125	38.34125
31	19	40.8160483870968	38.455
30	20	41.0359166666667	38.631875
29	21	41.075775862069	38.7644047619048
28	22	41.2654464285714	38.8976136363636
27	23	41.3389814814815	38.9025
26	24	41.4859615384616	39.06125
25	25	41.5988	39.2138
24	26	41.7514583333333	39.3735576923077
23	27	41.9175	39.4894444444444
22	28	42.0546590909091	39.6005357142857
21	29	42.182619047619	39.8066379310345
20	30	42.3865	39.915
19	31	42.4217105263158	40.1335483870968
18	32	42.4918055555556	40.098203125
17	33	42.6763235294118	40.3309090909091
16	34	42.77515625	40.4771323529412
15	35	42.8131666666667	40.5564285714286
14	36	43.0435714285714	40.7059722222222
13	37	43.11	40.9144594594595
12	38	43.4	40.9173684210526
11	39	43.5197727272727	41.1464743589744
10	40	43.51	41.254125
9	41	43.6591666666667	41.322743902439
8	42	43.85375	41.4502380952381
7	43	43.8803571428571	41.6691279069767
6	44	43.9829166666667	41.7754545454545
5	45	44.3265	41.9217222222222
4	46	44.4675	42.0585326086957
3	47	44.5766666666667	42.1554255319149
2	48	44.78125	42.2981770833333
1	49	44.6625	42.4233673469388
0	50	0	42.57625
