num_of_TFT_with_trembling_hand	num_of_Pavlov	average_fitness_of_TFT_with_trembling_hand	average_fitness_of_Pavlov
50	0	38.4286	0
49	1	38.3486224489796	40.9675
48	2	38.3444791666667	41.74375
47	3	38.2798404255319	41.4066666666667
46	4	38.2229891304348	41.6475
45	5	38.1796666666667	41.449
44	6	38.1246022727273	41.77875
43	7	38.0625	41.7003571428571
42	8	38.0279166666667	41.6659375
41	9	37.9812195121951	41.9902777777778
40	10	37.8254375	42.1445
39	11	37.8665384615385	42.0202272727273
38	12	37.7719736842105	42.2666666666667
37	13	37.7506756756757	42.1896153846154
36	14	37.6673611111111	42.0758928571429
35	15	37.5979285714286	42.296
34	16	37.6040441176471	42.33078125
33	17	37.5522727272727	42.6905882352941
32	18	37.459375	42.5483333333333
31	19	37.4233064516129	42.8815789473684
30	20	37.3604166666667	42.8615
29	21	37.2406896551724	42.7291666666667
28	22	37.1785714285714	42.8452272727273
27	23	37.1949074074074	42.8842391304348
26	24	37.1271153846154	42.9146875
25	25	37.0772	42.8492
24	26	37.0590625	43.0131730769231
23	27	36.9575	43.0262962962963
22	28	36.8407954545454	43.125
21	29	36.9047619047619	43.281724137931
20	30	36.801	43.3246666666667
19	31	36.8119736842105	43.2734677419355
18	32	36.7527777777778	43.184609375
17	33	36.7905882352941	43.3115909090909
16	34	36.62734375	43.4738970588235
15	35	36.568	43.5897142857143
14	36	36.5641071428571	43.7734027777778
13	37	36.44	43.6235810810811
12	38	36.4460416666667	43.7144078947368
11	39	36.2897727272727	43.8028846153846
10	40	36.37625	43.683875
9	41	36.2391666666667	43.6860365853659
8	42	36.1540625	43.9190476190476
7	43	36.1796428571429	43.7749418604651
6	44	36.1083333333333	44.1220454545455
5	45	35.867	44.1293333333333
4	46	36.05125	43.9732065217391
3	47	35.6441666666667	43.9612765957447
2	48	35.725	44.2278125
1	49	35.89	44.2524489795918
0	50	0	44.1303
