num_of_tit_for_tat	num_of_shame_driven_hiding	average_fitness_of_tit_for_tat	average_fitness_of_shame_driven_hiding
50	0	50	0
49	1	49.6606122448979	65
48	2	49.3114583333333	64.705
47	3	48.9687234042553	64.33
46	4	48.6306521739131	63.9475
45	5	48.2962222222222	63.622
44	6	47.9431818181818	63.3233333333333
43	7	47.5644186046511	62.8514285714286
42	8	47.227380952381	62.57875
41	9	46.8578048780488	62.1833333333333
40	10	46.4925	61.855
39	11	46.1879487179487	61.4972727272727
38	12	45.7963157894737	61.1658333333334
37	13	45.4313513513513	60.7792307692308
36	14	45.0513888888889	60.4142857142857
35	15	44.702	60.062
34	16	44.355	59.67
33	17	43.9945454545455	59.2064705882353
32	18	43.58875	58.9761111111111
31	19	43.1361290322581	58.4542105263158
30	20	42.856	58.181
29	21	42.421724137931	57.7471428571429
28	22	42.0207142857143	57.3909090909091
27	23	41.6411111111111	56.9556521739131
26	24	41.2723076923077	56.5608333333333
25	25	40.8544	56.1804
24	26	40.3979166666667	55.7907692307692
23	27	40.045652173913	55.3592592592592
22	28	39.6081818181818	54.9614285714286
21	29	39.2133333333333	54.4975862068965
20	30	38.8085	54.1216666666666
19	31	38.3173684210526	53.7674193548387
18	32	38.0311111111111	53.3096875
17	33	37.5282352941176	52.8684848484848
16	34	37.075	52.5329411764706
15	35	36.6066666666667	52.0474285714286
14	36	36.3257142857143	51.5541666666667
13	37	35.8084615384615	51.2186486486486
12	38	35.2275	50.7347368421053
11	39	34.9490909090909	50.2766666666666
10	40	34.431	49.80125
9	41	33.88	49.3858536585366
8	42	33.5375	48.9238095238095
7	43	33.0528571428571	48.4316279069767
6	44	32.5283333333333	47.9822727272727
5	45	32.016	47.5157777777778
4	46	31.55	46.9784782608696
3	47	31.0366666666667	46.528085106383
2	48	30.515	46.0175
1	49	30	45.4928571428571
0	50	0	45
