num_of_tit_for_tat	num_of_guilt_driven_amending	average_fitness_of_tit_for_tat	average_fitness_of_guilt_driven_amending
50	0	50	0
49	1	49.8368877551021	49.8775
48	2	49.6740625	49.66875
47	3	49.5080319148936	49.4866666666667
46	4	49.3529347826087	49.500625
45	5	49.196	49.232
44	6	49.0440340909091	48.90625
43	7	48.8561046511628	48.9725
42	8	48.7035714285714	48.786875
41	9	48.545243902439	48.5702777777778
40	10	48.38775	48.36675
39	11	48.1977564102564	48.2236363636364
38	12	48.03125	48.1091666666667
37	13	47.8488513513514	48.0538461538462
36	14	47.7360416666667	47.82375
35	15	47.5693571428572	47.6795
34	16	47.3858088235294	47.5759375
33	17	47.2419696969697	47.4180882352941
32	18	47.0728125	47.2456944444444
31	19	46.9427419354839	47.2019736842105
30	20	46.7205	46.940625
29	21	46.5883620689655	46.7725
28	22	46.4464285714286	46.7067045454545
27	23	46.2009259259259	46.5442391304348
26	24	46.0836538461539	46.4501041666667
25	25	45.945	46.1101
24	26	45.745625	46.1270192307692
23	27	45.6121739130435	45.9432407407407
22	28	45.4279545454546	45.7722321428571
21	29	45.2794047619048	45.6213793103448
20	30	45.113625	45.5141666666667
19	31	44.9939473684211	45.3825
18	32	44.7701388888889	45.200234375
17	33	44.5905882352941	44.9864393939394
16	34	44.4653125	44.9955147058823
15	35	44.296	44.7182857142857
14	36	44.0714285714286	44.6147916666667
13	37	43.9869230769231	44.4774324324324
12	38	43.7858333333334	44.3154605263158
11	39	43.6597727272727	44.1969871794872
10	40	43.53325	44.0675625
9	41	43.325	43.9157317073171
8	42	43.14125	43.7127976190476
7	43	43.0025	43.5612790697675
6	44	42.8133333333333	43.4422727272727
5	45	42.7595	43.2299444444445
4	46	42.494375	43.179347826087
3	47	42.2383333333333	43.0528723404255
2	48	42.2225	42.945
1	49	42.0325	42.7002551020408
0	50	0	42.5447
