num_of_tit_for_tat	num_of_shame_driven_denying	average_fitness_of_tit_for_tat	average_fitness_of_shame_driven_denying
50	0	50	0
49	1	49.4873979591837	53.28
48	2	48.9863541666667	53.165
47	3	48.4608510638298	52.4466666666667
46	4	47.9541304347826	51.945625
45	5	47.3850555555556	51.592
44	6	46.8740340909091	51.1025
43	7	46.3295348837209	50.9235714285714
42	8	45.8590476190476	50.4603125
41	9	45.3269512195122	49.9347222222222
40	10	44.7135	49.46675
39	11	44.3103205128205	49.2261363636364
38	12	43.7495394736842	48.4820833333333
37	13	43.3131756756757	48.3057692307692
36	14	42.7102083333333	47.79875
35	15	42.2482142857143	47.2476666666667
34	16	41.6021323529412	46.73171875
33	17	41.1878787878788	46.4417647058824
32	18	40.614140625	45.9458333333333
31	19	40.1597580645162	45.4510526315789
30	20	39.5509166666667	45.107125
29	21	39.0338793103448	44.6990476190476
28	22	38.5611607142857	44.22375
27	23	37.9912962962963	43.759347826087
26	24	37.4219230769231	43.2439583333333
25	25	36.9996	42.8344
24	26	36.473125	42.3930769230769
23	27	35.8154347826087	42.0161111111111
22	28	35.4527272727272	41.4465178571428
21	29	34.8611904761905	40.9895689655172
20	30	34.3435	40.5455
19	31	33.73	40.2587096774193
18	32	33.2081944444444	39.830234375
17	33	32.7942647058824	39.3732575757576
16	34	32.2575	38.9099264705882
15	35	31.8481666666667	38.5047142857143
14	36	31.1560714285714	38.0192361111111
13	37	30.7325	37.6066216216216
12	38	30.17625	37.1080263157895
11	39	29.5945454545454	36.6614743589744
10	40	29.075	36.257625
9	41	28.5802777777778	35.8456707317073
8	42	27.956875	35.4425595238095
7	43	27.7596428571429	34.9038372093023
6	44	27.1175	34.538125
5	45	26.618	34.1171666666667
4	46	26.120625	33.521902173913
3	47	25.4983333333333	33.1157446808511
2	48	24.935	32.6893229166667
1	49	24.6175	32.2862755102041
0	50	0	31.85655
