num_of_tit_for_tat	num_of_TFT_with_trembling_hand	average_fitness_of_tit_for_tat	average_fitness_of_TFT_with_trembling_hand
50	0	50	0
49	1	49.7067857142857	51.71
48	2	49.37703125	51.27
47	3	49.085	51.015
46	4	48.7782608695652	50.91875
45	5	48.4285	50.47
44	6	48.1398295454546	50.2820833333333
43	7	47.828488372093	50.0346428571429
42	8	47.5085119047619	49.6671875
41	9	47.2220121951219	49.5222222222222
40	10	46.9101875	49.1245
39	11	46.6064102564102	48.8168181818182
38	12	46.26875	48.579375
37	13	45.9963513513513	48.3861538461539
36	14	45.6196527777778	47.9548214285714
35	15	45.4026428571429	47.9206666666667
34	16	45.0725735294118	47.5753125
33	17	44.7501515151515	47.2413235294118
32	18	44.3825	47.0379166666667
31	19	44.0429032258065	46.8240789473684
30	20	43.7608333333333	46.489375
29	21	43.5137931034483	46.2554761904762
28	22	43.1998214285714	45.9460227272727
27	23	42.8576851851852	45.5418478260869
26	24	42.5578846153846	45.3840625
25	25	42.253	45.0934
24	26	41.9855208333333	44.8573076923077
23	27	41.6084782608696	44.5583333333333
22	28	41.3168181818182	44.3575
21	29	41.007619047619	43.9966379310345
20	30	40.682625	43.7826666666667
19	31	40.3259210526316	43.4812096774193
18	32	40.0443055555555	43.29578125
17	33	39.7719117647059	42.9000757575757
16	34	39.51203125	42.6676470588235
15	35	39.194	42.4595714285714
14	36	38.8569642857143	42.1450694444445
13	37	38.5634615384615	41.8863513513514
12	38	38.2004166666667	41.6122368421053
11	39	37.9738636363636	41.3839743589744
10	40	37.6115	41.161125
9	41	37.255	40.8365853658536
8	42	36.9828125	40.5917857142857
7	43	36.7796428571428	40.236511627907
6	44	36.505	40.0156818181818
5	45	36.0615	39.7542222222222
4	46	35.873125	39.5110326086957
3	47	35.5666666666667	39.2664361702128
2	48	35.06	38.9983333333333
1	49	34.7475	38.7370918367347
0	50	0	38.41495
