num_of_always_defect	num_of_tit_for_tat	average_fitness_of_always_defect	average_fitness_of_tit_for_tat
100	0	0	0
99	1	0.864040404040403	-64.845
98	2	1.73755102040816	-63.40875
97	3	2.59886597938144	-62.1733333333333
96	4	3.47822916666667	-61.03625
95	5	4.33178947368421	-59.8595
94	6	5.22489361702128	-58.6929166666667
93	7	6.09129032258065	-57.7057142857143
92	8	6.95663043478261	-56.425
91	9	7.80736263736264	-55.2966666666667
90	10	8.68077777777778	-54.14625
89	11	9.54955056179775	-52.9918181818182
88	12	10.4061363636364	-51.7279166666667
87	13	11.2879310344828	-50.6076923076923
86	14	12.1641860465116	-49.48375
85	15	13.0241176470588	-48.2441666666667
84	16	13.9253571428571	-47.101875
83	17	14.7653012048193	-45.9464705882353
82	18	15.6319512195122	-44.7669444444444
81	19	16.490987654321	-43.6936842105263
80	20	17.39125	-42.562125
79	21	18.2205063291139	-41.3928571428571
78	22	19.1144871794872	-40.3284090909091
77	23	19.9925974025974	-39.0644565217391
76	24	20.8425	-37.9028125
75	25	21.7181333333333	-36.7463
74	26	22.5621621621622	-35.5528846153846
73	27	23.4583561643836	-34.4928703703704
72	28	24.3388888888889	-33.2965178571429
71	29	25.216338028169	-32.1474137931035
70	30	26.0832857142857	-31.0114166666667
69	31	26.9504347826087	-29.7925
68	32	27.7733823529412	-28.689921875
67	33	28.6697014925373	-27.4675757575757
66	34	29.5184848484849	-26.3272794117647
65	35	30.4258461538462	-25.1879285714286
64	36	31.23921875	-23.9915972222222
63	37	32.1430158730159	-22.8917567567568
62	38	33.04	-21.7732894736842
61	39	33.8637704918033	-20.5894871794872
60	40	34.7351666666667	-19.397
59	41	35.6493220338983	-18.2157317073171
58	42	36.5131034482759	-17.1271428571429
57	43	37.3747368421053	-15.9446511627907
56	44	38.26625	-14.7222159090909
55	45	39.1270909090909	-13.5736666666667
54	46	40.0594444444444	-12.4930434782609
53	47	40.8462264150943	-11.2814893617021
52	48	41.6611538461539	-10.1371354166667
51	49	42.573137254902	-8.96464285714286
50	50	43.4038	-7.84865
49	51	44.3414285714286	-6.73235294117647
48	52	45.1772916666667	-5.43293269230769
47	53	46.053829787234	-4.35066037735849
46	54	46.9352173913044	-3.17962962962963
45	55	47.7997777777778	-2.04722727272727
44	56	48.6284090909091	-0.877589285714285
43	57	49.4520930232558	0.295263157894737
42	58	50.4078571428571	1.40887931034483
41	59	51.1990243902439	2.53669491525424
40	60	52.145	3.67783333333333
39	61	52.9958974358974	4.86270491803279
38	62	53.8402631578947	6.0703629032258
37	63	54.7178378378378	7.18984126984127
36	64	55.5963888888889	8.4043359375
35	65	56.4962857142857	9.54307692307692
34	66	57.2797058823529	10.6812121212121
33	67	58.1851515151515	11.7868656716418
32	68	59.1021875	12.9898897058824
31	69	60.0225806451613	14.1523913043478
30	70	60.7806666666667	15.3012142857143
29	71	61.6362068965517	16.4307394366197
28	72	62.4907142857143	17.6405208333333
27	73	63.3714814814815	18.7176369863014
26	74	64.3157692307692	19.8795945945946
25	75	65.2336	21.1295
24	76	66.0091666666667	22.2254934210526
23	77	66.9056521739131	23.411461038961
22	78	67.7204545454545	24.5599679487179
21	79	68.5790476190476	25.7309810126582
20	80	69.5855	26.90421875
19	81	70.4147368421053	28.0358333333333
18	82	71.2333333333333	29.1771646341463
17	83	72.1376470588235	30.3121084337349
16	84	72.9475	31.4806845238095
15	85	73.8993333333333	32.6298823529412
14	86	74.695	33.8239244186047
13	87	75.6753846153846	34.9722701149425
12	88	76.4425	36.1260227272727
11	89	77.2381818181818	37.2755898876404
10	90	78.197	38.4336111111111
9	91	78.9288888888889	39.5893956043956
8	92	79.88	40.7495108695652
7	93	80.7971428571429	41.8890053763441
6	94	81.765	43.0479787234042
5	95	82.574	44.2231052631579
4	96	83.275	45.395625
3	97	84.2333333333333	46.5283762886598
2	98	85.15	47.6747193877551
1	99	86.01	48.8349494949495
0	100	0	50
