num_of_always_defect	num_of_shame_driven_denying	average_fitness_of_always_defect	average_fitness_of_shame_driven_denying
100	0	0	0
99	1	0.866363636363636	-64.275
98	2	1.73673469387755	-63.04625
97	3	2.59072164948454	-62.0675
96	4	3.4490625	-60.814375
95	5	4.33663157894737	-59.7345
94	6	5.19510638297872	-58.4016666666666
93	7	6.06537634408602	-57.4271428571429
92	8	6.90141304347826	-56.276875
91	9	7.78813186813187	-55.1261111111111
90	10	8.66144444444444	-54.06425
89	11	9.53101123595506	-52.9522727272727
88	12	10.3976136363636	-51.803125
87	13	11.2691954022989	-50.6736538461538
86	14	12.1277906976744	-49.54125
85	15	12.9808235294118	-48.1805
84	16	13.8630952380952	-47.135625
83	17	14.7112048192771	-46.1080882352941
82	18	15.6079268292683	-44.9752777777778
81	19	16.4356790123457	-43.748947368421
80	20	17.29725	-42.684
79	21	18.1975949367089	-41.5557142857143
78	22	19.0530769230769	-40.4768181818182
77	23	19.9346753246753	-39.1922826086956
76	24	20.7823684210526	-38.1005208333333
75	25	21.6405333333333	-36.8003
74	26	22.5182432432432	-35.7292307692308
73	27	23.3961643835617	-34.697037037037
72	28	24.2559722222222	-33.5817857142857
71	29	25.0861971830986	-32.4245689655172
70	30	25.9911428571429	-31.2345
69	31	26.8379710144928	-30.0208064516129
68	32	27.7013235294118	-29.041875
67	33	28.5944776119403	-27.8037121212121
66	34	29.4309090909091	-26.7149264705882
65	35	30.3303076923077	-25.5506428571429
64	36	31.1884375	-24.4351388888889
63	37	32.0528571428571	-23.2598648648649
62	38	32.9201612903226	-22.0851973684211
61	39	33.7626229508197	-20.9726923076923
60	40	34.6655	-19.8454375
59	41	35.4962711864407	-18.6779268292683
58	42	36.3706896551724	-17.5918452380952
57	43	37.2078947368421	-16.3925581395349
56	44	38.1232142857143	-15.3351136363636
55	45	38.9230909090909	-14.2163333333333
54	46	39.8618518518519	-13.0670652173913
53	47	40.7033962264151	-11.9427127659575
52	48	41.5959615384615	-10.7890625
51	49	42.4270588235294	-9.55035714285714
50	50	43.2684	-8.4302
49	51	44.2195918367347	-7.2753431372549
48	52	45.0720833333333	-6.14120192307693
47	53	45.8902127659575	-5.01603773584906
46	54	46.7763043478261	-3.93569444444445
45	55	47.6291111111111	-2.7725
44	56	48.4602272727273	-1.66665178571429
43	57	49.3423255813953	-0.459210526315789
42	58	50.2504761904762	0.677155172413793
41	59	51.0524390243903	1.79063559322034
40	60	51.982	3.03095833333333
39	61	52.8107692307692	4.05069672131148
38	62	53.6078947368421	5.23096774193548
37	63	54.5486486486487	6.41865079365079
36	64	55.4261111111111	7.5196875
35	65	56.2831428571429	8.63688461538461
34	66	57.1238235294118	9.82511363636364
33	67	58.1133333333333	10.9366417910448
32	68	58.8353125	12.028125
31	69	59.731935483871	13.1973550724638
30	70	60.649	14.3323214285714
29	71	61.5220689655172	15.4337323943662
28	72	62.3757142857143	16.5862152777778
27	73	63.222962962963	17.7737328767123
26	74	64.0934615384615	18.8815878378378
25	75	65.002	20.0343
24	76	65.8991666666667	21.1685526315789
23	77	66.7086956521739	22.2896428571429
22	78	67.5945454545454	23.4334615384615
21	79	68.4052380952381	24.539335443038
20	80	69.1525	25.71709375
19	81	70.1721052631579	26.8756172839506
18	82	71.0338888888889	27.9849390243902
17	83	71.8170588235294	29.1540060240964
16	84	72.820625	30.2629166666667
15	85	73.6426666666666	31.3886470588235
14	86	74.5307142857143	32.574273255814
13	87	75.2753846153846	33.7070977011494
12	88	76.3316666666667	34.8250852272727
11	89	77.0490909090909	35.9454213483146
10	90	77.829	37.1219444444444
9	91	78.7788888888889	38.2437087912088
8	92	79.655	39.4036684782609
7	93	80.5942857142856	40.521747311828
6	94	81.3216666666666	41.6639893617021
5	95	82.368	42.8376052631579
4	96	82.9575	43.964765625
3	97	84.0133333333333	45.1021907216495
2	98	85.055	46.2418367346939
1	99	85.74	47.3835858585858
0	100	0	48.523175
