num_of_always_trembling	num_of_TFT_with_trembling_hand	average_fitness_of_always_trembling	average_fitness_of_TFT_with_trembling_hand
100	0	25.06455	0
99	1	25.3709595959596	-6.465
98	2	25.7590306122449	-6.655
97	3	26.2367268041237	-5.39416666666667
96	4	26.6436458333333	-4.81125
95	5	27.1638157894737	-4.268
94	6	27.5535106382979	-3.70333333333333
93	7	27.8317741935484	-3.05321428571429
92	8	28.44125	-2.74625
91	9	28.7175274725275	-2.29916666666667
90	10	29.3218888888889	-1.593
89	11	29.8262640449438	-0.804772727272727
88	12	29.9109090909091	-0.427708333333333
87	13	30.5089655172414	0.249423076923077
86	14	30.9568023255814	0.920892857142857
85	15	31.4275882352941	1.251
84	16	31.9161011904762	1.8975
83	17	32.1748192771084	2.57352941176471
82	18	32.7563414634146	3.08222222222222
81	19	32.9652160493827	3.48157894736842
80	20	33.4974375	4.09625
79	21	33.996835443038	4.70619047619048
78	22	34.4883653846154	5.24443181818182
77	23	34.6586688311688	5.90804347826087
76	24	35.282072368421	6.390625
75	25	35.5223333333333	6.7842
74	26	36.0070945945946	7.53019230769231
73	27	36.4357191780822	8.15962962962963
72	28	36.9600694444445	8.55732142857143
71	29	37.2337323943662	9.24241379310345
70	30	37.6479285714286	9.82933333333333
69	31	38.171847826087	10.2787903225806
68	32	38.5545955882353	10.875
67	33	38.9344776119403	11.4678787878788
66	34	39.3913257575757	11.9797058823529
65	35	39.7528846153846	12.6252857142857
64	36	40.2698828125	13.1222222222222
63	37	40.848253968254	13.7494594594595
62	38	41.0472983870968	14.3413157894737
61	39	41.4420491803278	14.8383974358974
60	40	41.9567083333333	15.2798125
59	41	42.4385593220339	16.0114024390244
58	42	42.8412931034483	16.4679166666667
57	43	43.3407456140351	17.0181395348837
56	44	43.5550446428571	17.6551136363636
55	45	44.0766363636364	18.2242777777778
54	46	44.43375	18.6872282608696
53	47	44.8526886792453	19.2679787234043
52	48	45.5088942307692	19.8802083333333
51	49	45.6651960784314	20.377806122449
50	50	46.2431	20.9319
49	51	46.5523469387755	21.4925490196078
48	52	47.0765625	22.0877403846154
47	53	47.4927659574468	22.6414150943396
46	54	48.0148369565217	23.2040740740741
45	55	48.3209444444444	23.795
44	56	48.7467045454545	24.2963839285714
43	57	49.4604069767442	24.9364912280702
42	58	49.6596428571429	25.3785775862069
41	59	50.1975609756098	26.0489830508475
40	60	50.369	26.5675
39	61	50.8720512820513	27.1190983606557
38	62	51.2384868421053	27.7395161290322
37	63	51.4575675675676	28.245
36	64	52.0640972222222	28.803359375
35	65	52.663	29.3513461538462
34	66	52.9939705882353	29.8794696969697
33	67	53.4611363636364	30.595671641791
32	68	53.93125	31.0667647058823
31	69	54.1924193548387	31.635615942029
30	70	54.6455833333333	32.0773571428572
29	71	55.3340517241379	32.7447887323944
28	72	55.5592857142857	33.3347569444444
27	73	56.1149074074074	33.8749657534247
26	74	56.3924038461539	34.405
25	75	56.8415	34.9269333333333
24	76	57.0911458333333	35.5327302631579
23	77	57.7740217391304	36.1139285714286
22	78	58.1463636363636	36.641891025641
21	79	58.6434523809524	37.2931962025316
20	80	58.954	37.79225
19	81	59.5315789473684	38.3668518518519
18	82	59.7408333333333	38.9209451219512
17	83	60.34	39.4873493975904
16	84	60.7	40.0378273809524
15	85	61.1221666666667	40.5278235294118
14	86	61.2898214285714	41.197034883721
13	87	62.0401923076923	41.7199425287356
12	88	62.4189583333334	42.2871875
11	89	62.6986363636364	42.888595505618
10	90	63.03525	43.3590277777778
9	91	63.9586111111111	43.9601373626373
8	92	63.938125	44.5467391304348
7	93	64.5325	45.0835215053764
6	94	64.86375	45.6695478723404
5	95	65.2735	46.2322368421053
4	96	65.955	46.7610416666667
3	97	65.9683333333333	47.3476804123711
2	98	66.28625	47.9275255102041
1	99	67.175	48.4320454545454
0	100	0	48.9948
