num_of_always_trembling	num_of_guilt_driven_amending	average_fitness_of_always_trembling	average_fitness_of_guilt_driven_amending
100	0	25.012025	0
99	1	25.3803787878788	-6.905
98	2	25.6242857142857	-6.29625
97	3	26.312706185567	-5.51333333333334
96	4	26.8478645833333	-5.033125
95	5	27.2107631578947	-4.138
94	6	27.6163829787234	-3.835
93	7	27.8274462365591	-3.28535714285714
92	8	28.2682336956522	-2.8665625
91	9	28.7790659340659	-2.03333333333333
90	10	29.2648055555556	-1.43425
89	11	29.7575	-1.00022727272727
88	12	30.1698863636364	-0.439375
87	13	30.6064655172414	0.275769230769231
86	14	30.8525	1.02178571428571
85	15	31.3734117647059	1.48
84	16	31.9074404761905	1.8503125
83	17	32.2028614457831	2.48367647058823
82	18	32.4684146341463	2.94972222222222
81	19	33.0719135802469	3.64657894736842
80	20	33.4984375	4.153125
79	21	33.9670886075949	4.61416666666666
78	22	34.5309294871795	5.17022727272727
77	23	34.8313311688312	5.82717391304348
76	24	35.3192763157895	6.32958333333333
75	25	35.5047666666667	6.9925
74	26	36.1041891891892	7.48548076923077
73	27	36.4216438356164	8.16444444444445
72	28	37.1478125	8.63803571428571
71	29	37.3775	9.1723275862069
70	30	37.6190714285714	9.7175
69	31	38.3078623188406	10.3113709677419
68	32	38.5551470588235	10.83890625
67	33	38.9836194029851	11.427803030303
66	34	39.5220454545454	11.9286764705882
65	35	40.0273461538462	12.5994285714286
64	36	40.3365625	13.1954166666667
63	37	40.7186111111111	13.6195945945946
62	38	41.2524596774194	14.2460526315789
61	39	41.585	14.7694230769231
60	40	42.1369583333333	15.4799375
59	41	42.3866949152542	15.9040853658537
58	42	42.8768534482759	16.5086904761905
57	43	43.3798245614035	17.0257558139535
56	44	43.7160267857143	17.6494886363636
55	45	44.3206818181818	18.2255
54	46	44.5984259259259	18.78
53	47	44.9771226415094	19.3254255319149
52	48	45.5248076923077	19.85640625
51	49	45.904362745098	20.5259693877551
50	50	46.3036	21.0776
49	51	46.7100510204082	21.6391176470588
48	52	47.0883854166667	22.0890865384615
47	53	47.5834042553191	22.687358490566
46	54	48.1455434782609	23.282037037037
45	55	48.5997777777778	23.8219545454545
44	56	48.7998295454545	24.4091517857143
43	57	49.4154651162791	25.0015789473684
42	58	49.5252380952381	25.5193534482759
41	59	50.1417682926829	26.1095762711864
40	60	50.6445	26.6933333333333
39	61	50.8264743589743	27.2106147540984
38	62	51.4358552631579	27.7497983870968
37	63	51.8225	28.4298015873016
36	64	52.2915277777778	28.9540625
35	65	52.5665714285714	29.4685
34	66	52.9059558823529	30.0434848484849
33	67	53.5637121212121	30.7030597014925
32	68	53.875390625	31.1583823529412
31	69	54.3979032258064	31.7295289855072
30	70	54.62025	32.3368928571428
29	71	55.1668103448276	32.8416549295775
28	72	55.6086607142857	33.4396180555555
27	73	55.9757407407407	33.9981849315068
26	74	56.3301923076923	34.5672635135135
25	75	56.907	35.1609333333333
24	76	57.1864583333333	35.7333552631579
23	77	57.7947826086956	36.26
22	78	58.2305681818182	36.8162820512821
21	79	58.6163095238095	37.339746835443
20	80	59.239	37.9713125
19	81	59.5415789473684	38.5193827160494
18	82	60.0447222222222	39.1287804878049
17	83	60.3217647058823	39.6377108433735
16	84	60.73984375	40.2155952380952
15	85	60.861	40.7440588235294
14	86	61.5658928571429	41.339273255814
13	87	61.9073076923077	41.8779597701149
12	88	62.3897916666667	42.4496306818182
11	89	62.8679545454545	43.0105056179775
10	90	63.43875	43.5893055555556
9	91	63.5280555555556	44.1341758241758
8	92	64.3134375	44.7296467391304
7	93	64.6907142857142	45.2252956989247
6	94	64.7770833333333	45.8225
5	95	65.6945	46.4239736842105
4	96	65.939375	46.9903645833333
3	97	66.8541666666666	47.5479639175258
2	98	66.82375	48.1094897959184
1	99	67.3725	48.6486868686869
0	100	0	49.218575
