num_of_always_cooperate	num_of_always_defect	average_fitness_of_always_cooperate	average_fitness_of_always_defect
100	0	50	0
99	1	47.9708080808081	200
98	2	45.970306122449	198.105
97	3	43.948969072165	195.963333333333
96	4	41.9189583333333	194.0025
95	5	39.8498947368421	191.96
94	6	37.8635106382979	189.973333333333
93	7	35.8844086021505	187.91
92	8	33.8042391304348	185.8525
91	9	31.7874725274725	183.91
90	10	29.8197777777778	181.681
89	11	27.8524719101124	179.794545454545
88	12	25.7560227272727	177.808333333333
87	13	23.7306896551724	175.788461538461
86	14	21.7343023255814	173.647857142857
85	15	19.7234117647059	171.549333333333
84	16	17.6046428571429	169.445625
83	17	15.7089156626506	167.446470588235
82	18	13.5731707317073	165.793333333333
81	19	11.6956790123457	163.353157894737
80	20	9.651625	161.743
79	21	7.57848101265823	159.549523809524
78	22	5.59423076923077	157.518636363636
77	23	3.61714285714286	155.492608695652
76	24	1.61802631578947	153.33625
75	25	-0.580133333333333	151.6352
74	26	-2.61202702702703	149.629230769231
73	27	-4.59958904109589	147.587407407407
72	28	-6.63347222222222	145.569642857143
71	29	-8.3856338028169	143.222068965517
70	30	-10.6708571428571	141.309
69	31	-12.6705797101449	139.301935483871
68	32	-14.6023529411765	137.454375
67	33	-16.6719402985075	135.36
66	34	-18.6706060606061	133.352058823529
65	35	-20.6298461538462	131.299428571429
64	36	-22.88515625	129.249722222222
63	37	-24.7414285714286	127.214324324324
62	38	-26.8970967741935	125.154473684211
61	39	-28.6708196721312	123.208205128205
60	40	-30.73	120.98175
59	41	-32.8703389830508	119.21512195122
58	42	-34.8913793103448	117.343571428571
57	43	-36.9584210526316	115.250930232558
56	44	-38.9833928571428	113.156818181818
55	45	-40.866	111.069111111111
54	46	-42.9559259259259	109.043695652174
53	47	-44.9103773584905	107.05
52	48	-46.9898076923077	105.184375
51	49	-49.0552941176471	103.007346938775
50	50	-50.9204	100.9044
49	51	-53.0765306122449	99.1717647058824
48	52	-54.9120833333333	97.0330769230769
47	53	-57.1506382978723	95.0605660377359
46	54	-59.2576086956522	92.762037037037
45	55	-61.1333333333333	91.0156363636363
44	56	-63.0002272727273	89.10125
43	57	-65.0039534883721	86.9777192982456
42	58	-67.092380952381	84.8555172413793
41	59	-68.9921951219512	82.9391525423729
40	60	-71.2955	80.7825
39	61	-73.0158974358974	78.9083606557377
38	62	-75.315	76.8258064516129
37	63	-77.3164864864865	74.8436507936508
36	64	-79.2005555555555	72.77484375
35	65	-81.4911428571428	70.6166153846154
34	66	-83.2994117647059	68.7059090909091
33	67	-85.3787878787879	66.6516417910448
32	68	-87.3546875	64.6089705882353
31	69	-89.3829032258065	62.5691304347826
30	70	-91.35	60.4671428571429
29	71	-93.288275862069	58.5353521126761
28	72	-95.3917857142857	56.4097222222222
27	73	-97.5933333333333	54.4904109589041
26	74	-99.5826923076923	52.4695945945946
25	75	-101.4192	50.6329333333333
24	76	-103.637083333333	48.563947368421
23	77	-105.396086956522	46.482987012987
22	78	-107.484090909091	44.5870512820513
21	79	-109.430476190476	42.3244303797469
20	80	-111.6425	40.487
19	81	-113.658421052632	38.3762962962963
18	82	-115.73	36.3218292682927
17	83	-117.664705882353	34.2518072289157
16	84	-119.963125	32.3222619047619
15	85	-121.584666666667	30.3054117647059
14	86	-123.726428571429	28.4189534883721
13	87	-125.881538461538	26.2713793103448
12	88	-127.65	24.26
11	89	-129.973636363636	22.2473033707865
10	90	-131.866	20.2042222222222
9	91	-133.911111111111	18.1461538461539
8	92	-135.89	16.1483695652174
7	93	-138.012857142857	14.1949462365591
6	94	-139.891666666667	12.0770212765957
5	95	-142.028	10.1033684210526
4	96	-143.885	8.04302083333333
3	97	-146.05	6.08164948453608
2	98	-148.005	4.01163265306122
1	99	-150	2.01858585858586
0	100	0	0
