num_of_always_cooperate	num_of_guilt_driven_amending	average_fitness_of_always_cooperate	average_fitness_of_guilt_driven_amending
100	0	50	0
99	1	49.9778787878788	51.4925
98	2	49.9595918367347	51.47375
97	3	49.9410309278351	51.4308333333333
96	4	49.9210416666666	51.426875
95	5	49.8972631578947	51.3795
94	6	49.8772340425532	51.3808333333333
93	7	49.8644086021506	51.3567857142857
92	8	49.8433695652174	51.3225
91	9	49.8172527472528	51.3047222222222
90	10	49.796	51.27375
89	11	49.7857303370786	51.2836363636364
88	12	49.7625	51.2695833333333
87	13	49.7424137931034	51.2011538461539
86	14	49.7181395348837	51.1891071428572
85	15	49.7038823529412	51.1878333333334
84	16	49.6802380952381	51.16640625
83	17	49.6621686746987	51.1332352941176
82	18	49.6514634146341	51.0923611111111
81	19	49.6162962962963	51.0769736842105
80	20	49.595375	51.051
79	21	49.5806329113923	51.0273809523809
78	22	49.5424358974359	50.99875
77	23	49.534025974026	51.0032608695652
76	24	49.5211842105263	50.9440625
75	25	49.488	50.9446
74	26	49.4822972972973	50.9106730769231
73	27	49.4579452054795	50.904537037037
72	28	49.4323611111111	50.8833035714286
71	29	49.4150704225352	50.8677586206897
70	30	49.4062857142857	50.8155
69	31	49.3737681159421	50.7942741935484
68	32	49.3438235294118	50.774921875
67	33	49.3371641791045	50.7665909090909
66	34	49.3262121212121	50.7325
65	35	49.2892307692308	50.71
64	36	49.28	50.6672222222222
63	37	49.2615873015873	50.6808783783784
62	38	49.228064516129	50.6590789473684
61	39	49.2340983606557	50.6384615384615
60	40	49.2	50.6168125
59	41	49.1642372881356	50.5832926829268
58	42	49.1436206896552	50.5661904761904
57	43	49.1398245614035	50.5145348837209
56	44	49.1089285714286	50.4980113636364
55	45	49.0776363636363	50.4781666666667
54	46	49.0722222222222	50.4657608695652
53	47	49.0649056603774	50.4534042553191
52	48	49.0244230769231	50.4198958333333
51	49	49.0119607843137	50.3787755102041
50	50	49.0058	50.37985
49	51	48.9585714285714	50.3528921568627
48	52	48.954375	50.3141826923077
47	53	48.9197872340426	50.3034433962264
46	54	48.9202173913043	50.2972222222222
45	55	48.8842222222222	50.2691818181818
44	56	48.8629545454546	50.24125
43	57	48.856976744186	50.2083333333333
42	58	48.8483333333333	50.18125
41	59	48.8026829268293	50.1672457627119
40	60	48.7775	50.1572916666667
39	61	48.7751282051282	50.1401229508197
38	62	48.7613157894737	50.10625
37	63	48.7235135135135	50.0639285714286
36	64	48.7116666666666	50.044296875
35	65	48.6934285714286	50.0238076923077
34	66	48.66	50.0169318181818
33	67	48.6427272727273	49.9785447761194
32	68	48.6290625	49.9521691176471
31	69	48.6061290322581	49.9410507246377
30	70	48.592	49.9294285714286
29	71	48.5896551724138	49.8841549295775
28	72	48.5478571428571	49.8774305555556
27	73	48.5437037037037	49.8513698630137
26	74	48.5107692307692	49.8205067567567
25	75	48.4792	49.8073
24	76	48.4666666666667	49.7650328947368
23	77	48.4621739130435	49.7514285714286
22	78	48.4272727272728	49.7344551282051
21	79	48.4085714285714	49.7194936708861
20	80	48.3985	49.684625
19	81	48.3857894736842	49.6586419753086
18	82	48.34	49.6334146341463
17	83	48.3235294117647	49.6006325301205
16	84	48.27875	49.6027083333333
15	85	48.2593333333333	49.5635882352941
14	86	48.2692857142857	49.5247093023256
13	87	48.2361538461538	49.5282471264368
12	88	48.2375	49.5006818181818
11	89	48.1845454545454	49.4708707865169
10	90	48.209	49.4502222222222
9	91	48.1633333333334	49.4264560439561
8	92	48.165	49.4206793478261
7	93	48.1342857142857	49.3771505376344
6	94	48.0983333333333	49.3530585106383
5	95	48.098	49.3325263157895
4	96	48.0575	49.3123697916667
3	97	48.06	49.2868556701031
2	98	48.02	49.2602551020408
1	99	48	49.247398989899
0	100	0	49.2236
