num_of_always_defect	num_of_TFT_with_trembling_hand	average_fitness_of_always_defect	average_fitness_of_TFT_with_trembling_hand
100	0	0	0
99	1	0.867575757575757	-64.185
98	2	1.7280612244898	-63.225
97	3	2.59422680412371	-62.1191666666667
96	4	3.46125	-60.823125
95	5	4.34157894736842	-59.705
94	6	5.19074468085107	-58.65875
93	7	6.06333333333334	-57.4671428571429
92	8	6.94	-56.2096875
91	9	7.79153846153846	-55.1547222222222
90	10	8.65633333333333	-53.81825
89	11	9.52539325842697	-52.7238636363636
88	12	10.4004545454545	-51.5679166666667
87	13	11.2637931034483	-50.4894230769231
86	14	12.1140697674419	-49.3960714285714
85	15	12.9903529411765	-48.3451666666666
84	16	13.8409523809524	-47.04140625
83	17	14.7244578313253	-46.1791176470588
82	18	15.5965853658537	-44.9195833333333
81	19	16.4576543209876	-43.6175
80	20	17.32775	-42.5875
79	21	18.1772151898734	-41.3588095238095
78	22	19.0582051282051	-40.2726136363636
77	23	19.9236363636364	-39.1490217391304
76	24	20.7751315789474	-38.0533333333333
75	25	21.6993333333333	-36.7817
74	26	22.5154054054054	-35.7166346153846
73	27	23.3795890410959	-34.5202777777778
72	28	24.2334722222222	-33.3713392857143
71	29	25.1119718309859	-32.3313793103448
70	30	25.9792857142857	-31.2393333333333
69	31	26.8295652173913	-29.9391129032258
68	32	27.6817647058823	-28.85625
67	33	28.5785074626866	-27.6661363636364
66	34	29.4354545454545	-26.4958823529412
65	35	30.2889230769231	-25.4039285714286
64	36	31.16609375	-24.2197222222222
63	37	32.0752380952381	-23.0085810810811
62	38	32.8711290322581	-22.029802631579
61	39	33.7396721311476	-20.6964743589744
60	40	34.6111666666667	-19.6735625
59	41	35.5006779661017	-18.4701219512195
58	42	36.3491379310345	-17.3724404761905
57	43	37.2224561403509	-16.2335465116279
56	44	38.1071428571429	-15.0156818181818
55	45	38.9925454545455	-13.9666111111111
54	46	39.8190740740741	-12.8202717391304
53	47	40.6977358490566	-11.6592021276596
52	48	41.6030769230769	-10.4741145833333
51	49	42.4901960784314	-9.39076530612245
50	50	43.3178	-8.24585
49	51	44.1642857142857	-7.08764705882353
48	52	44.975625	-5.88692307692308
47	53	45.8848936170213	-4.78919811320755
46	54	46.734347826087	-3.63171296296296
45	55	47.6017777777778	-2.51113636363636
44	56	48.4472727272727	-1.28459821428571
43	57	49.3927906976744	-0.208728070175438
42	58	50.1954761904762	0.961594827586207
41	59	51.0941463414634	2.11228813559322
40	60	51.91325	3.22925
39	61	52.8369230769231	4.37438524590164
38	62	53.6513157894736	5.56407258064516
37	63	54.4743243243243	6.68813492063492
36	64	55.3336111111111	7.8286328125
35	65	56.2662857142857	8.98953846153846
34	66	57.0776470588235	10.1239772727273
33	67	58.0787878787879	11.2325
32	68	58.8778125	12.3819852941176
31	69	59.8632258064516	13.4914492753623
30	70	60.6756666666667	14.6449285714286
29	71	61.5179310344828	15.8896126760563
28	72	62.4182142857143	16.9851736111111
27	73	63.1800000000001	18.0644178082192
26	74	64.0461538461538	19.2366216216216
25	75	64.8932	20.4299333333333
24	76	65.7920833333333	21.5473355263158
23	77	66.7047826086956	22.7025
22	78	67.5695454545455	23.8297756410256
21	79	68.5442857142857	24.9447151898734
20	80	69.3225	26.12303125
19	81	70.0757894736842	27.2456481481482
18	82	71.0627777777778	28.3515243902439
17	83	71.924705882353	29.578765060241
16	84	72.75875	30.6965178571429
15	85	73.5393333333334	31.8643529411765
14	86	74.4478571428571	32.9786046511628
13	87	75.1776923076923	34.1612068965517
12	88	76.2091666666666	35.2470454545455
11	89	77.0790909090909	36.3966292134831
10	90	77.94	37.5928333333333
9	91	78.7722222222222	38.7187912087912
8	92	79.60625	39.8720652173913
7	93	80.4857142857143	41.0098655913978
6	94	81.4466666666667	42.1385904255319
5	95	82.474	43.2587894736842
4	96	83.1375	44.4400260416666
3	97	84.2066666666667	45.5840206185567
2	98	84.795	46.7200255102041
1	99	85.49	47.8892171717172
0	100	0	49.00595
