num_of_always_defect	num_of_always_trembling	average_fitness_of_always_defect	average_fitness_of_always_trembling
100	0	0	0
99	1	1.02838383838384	-74.9775
98	2	1.99081632653061	-74.58
97	3	3.05288659793815	-72.9958333333333
96	4	4.0321875	-72
95	5	5.04147368421053	-71.0495
94	6	5.97904255319149	-70.0004166666667
93	7	7.07903225806452	-68.7467857142857
92	8	8.08065217391304	-68.13125
91	9	9.0667032967033	-67.1011111111111
90	10	10.1532222222222	-65.9625
89	11	11.0832584269663	-64.9709090909091
88	12	12.1085227272727	-63.655625
87	13	13.1745977011494	-62.7869230769231
86	14	14.1622093023256	-61.9446428571429
85	15	15.2095294117647	-60.7563333333333
84	16	16.1935714285714	-60.00921875
83	17	17.110843373494	-58.8551470588235
82	18	18.0591463414634	-57.9554166666667
81	19	19.1454320987654	-57.0202631578947
80	20	20.18725	-55.800875
79	21	21.1930379746835	-54.9295238095238
78	22	22.3225641025641	-53.8901136363636
77	23	23.2776623376623	-52.8429347826087
76	24	24.296052631579	-51.8739583333333
75	25	25.3110666666667	-50.7404
74	26	26.3464864864865	-49.9757692307692
73	27	27.2998630136986	-48.607962962963
72	28	28.3530555555556	-47.6930357142857
71	29	29.283661971831	-46.7873275862069
70	30	30.3172857142857	-45.6583333333333
69	31	31.2740579710145	-44.7290322580645
68	32	32.2869117647059	-43.8315625
67	33	33.3508955223881	-42.5603787878788
66	34	34.4131818181818	-41.7452205882353
65	35	35.3416923076923	-40.7032142857143
64	36	36.29984375	-39.6147916666667
63	37	37.3644444444445	-38.4717567567568
62	38	38.3333870967742	-37.6036842105263
61	39	39.3211475409836	-36.6492948717949
60	40	40.3596666666667	-35.8689375
59	41	41.3823728813559	-34.3565243902439
58	42	42.385	-33.3695238095238
57	43	43.4450877192982	-32.7035465116279
56	44	44.4091071428571	-31.3713068181818
55	45	45.4036363636364	-30.4944444444444
54	46	46.2666666666667	-29.6229347826087
53	47	47.4552830188679	-28.6321808510638
52	48	48.5680769230769	-27.46640625
51	49	49.3964705882353	-26.4785714285714
50	50	50.5682	-25.57015
49	51	51.6179591836734	-24.4850490196078
48	52	52.6322916666667	-23.4318269230769
47	53	53.5291489361702	-22.6754716981132
46	54	54.3773913043478	-21.3702314814815
45	55	55.6146666666667	-20.5760454545455
44	56	56.6877272727273	-19.2842410714286
43	57	57.2920930232558	-18.4758771929825
42	58	58.6	-17.3206034482759
41	59	59.5495121951219	-16.4831355932203
40	60	60.531	-15.5295
39	61	61.6784615384616	-14.5072131147541
38	62	62.6731578947369	-13.5804435483871
37	63	63.4248648648649	-12.3120238095238
36	64	64.8619444444444	-11.3812109375
35	65	65.7937142857143	-10.3593846153846
34	66	66.3547058823529	-9.31356060606061
33	67	67.6472727272727	-8.25578358208955
32	68	68.491875	-7.32474264705882
31	69	69.4045161290323	-6.30347826086957
30	70	70.7656666666667	-5.34314285714285
29	71	71.8393103448275	-4.15426056338028
28	72	72.7703571428572	-3.28625
27	73	73.6822222222222	-2.3586301369863
26	74	74.7365384615385	-1.29949324324324
25	75	75.9856	-0.235066666666667
24	76	76.7825	0.736940789473684
23	77	77.7747826086957	1.85655844155844
22	78	78.6790909090909	2.68592948717949
21	79	79.7104761904762	3.94791139240506
20	80	80.6375	4.5794375
19	81	81.7505263157895	5.73447530864197
18	82	82.6694444444445	6.88131097560976
17	83	83.5541176470588	7.81647590361446
16	84	85.085625	8.89154761904762
15	85	85.92	9.79808823529412
14	86	87.0235714285714	10.796511627907
13	87	87.9323076923077	11.902183908046
12	88	88.925	13.0175
11	89	89.6409090909091	13.9695224719101
10	90	91.408	14.9792222222222
9	91	91.8688888888889	15.8385989010989
8	92	92.72875	16.9552445652174
7	93	93.7157142857143	17.9694623655914
6	94	94.5733333333333	18.9735638297872
5	95	96.174	19.9385
4	96	97.1775	21.0210677083333
3	97	98.24	22.0177835051546
2	98	99.165	22.9170663265306
1	99	100.51	23.9570454545455
0	100	0	25.102275
