num_of_always_cooperate	num_of_TFT_with_trembling_hand	average_fitness_of_always_cooperate	average_fitness_of_TFT_with_trembling_hand
100	0	50	0
99	1	49.9804040404041	51.5
98	2	49.9591836734693	51.46625
97	3	49.9401030927835	51.4591666666667
96	4	49.9186458333333	51.420625
95	5	49.898947368421	51.418
94	6	49.8806382978723	51.34875
93	7	49.8567741935485	51.3482142857143
92	8	49.8402173913043	51.3340625
91	9	49.8169230769231	51.3033333333333
90	10	49.798	51.27575
89	11	49.7735955056179	51.2470454545454
88	12	49.75375	51.2191666666667
87	13	49.74	51.1976923076923
86	14	49.7161627906977	51.1933928571428
85	15	49.6929411764706	51.1525
84	16	49.6807142857143	51.09375
83	17	49.6577108433735	51.1135294117647
82	18	49.6375609756097	51.0959722222222
81	19	49.6079012345679	51.0501315789474
80	20	49.600375	51.039875
79	21	49.559746835443	50.9967857142857
78	22	49.565	50.9645454545455
77	23	49.5193506493507	50.9416304347826
76	24	49.5102631578947	50.9157291666667
75	25	49.4888	50.9144
74	26	49.4671621621622	50.8716346153846
73	27	49.4619178082192	50.8428703703704
72	28	49.4218055555556	50.8196428571428
71	29	49.4125352112676	50.8118103448276
70	30	49.3817142857143	50.775
69	31	49.3576811594203	50.7373387096774
68	32	49.3397058823529	50.71546875
67	33	49.33	50.7169696969697
66	34	49.3190909090909	50.6916176470588
65	35	49.3086153846154	50.6427857142857
64	36	49.27625	50.6251388888889
63	37	49.2584126984127	50.5961486486486
62	38	49.2385483870968	50.5814473684211
61	39	49.2047540983607	50.5648717948718
60	40	49.1786666666667	50.5560625
59	41	49.1720338983051	50.4989634146341
58	42	49.1593103448276	50.4536904761905
57	43	49.1354385964912	50.4445930232558
56	44	49.0978571428572	50.4096022727273
55	45	49.0794545454545	50.4021111111111
54	46	49.0655555555556	50.3778804347826
53	47	49.0422641509434	50.3386702127659
52	48	49.033076923077	50.3191145833333
51	49	49.0125490196078	50.2798979591837
50	50	49.0022	50.2686
49	51	48.9487755102041	50.219705882353
48	52	48.948125	50.2223076923077
47	53	48.938085106383	50.1721226415094
46	54	48.9069565217391	50.1398148148148
45	55	48.8773333333333	50.1380454545455
44	56	48.8502272727273	50.1165178571429
43	57	48.8495348837209	50.1083771929825
42	58	48.8395238095238	50.0569396551724
41	59	48.8019512195122	50.0355084745763
40	60	48.79025	50.0120833333333
39	61	48.7771794871795	49.9825409836065
38	62	48.7397368421053	49.9684677419355
37	63	48.7324324324324	49.9338492063492
36	64	48.6891666666667	49.9218359375
35	65	48.6788571428572	49.8885
34	66	48.6688235294118	49.8638257575757
33	67	48.6339393939394	49.8445895522388
32	68	48.6084375	49.8090808823529
31	69	48.5925806451613	49.7977173913043
30	70	48.5763333333333	49.7651071428571
29	71	48.57	49.7373943661972
28	72	48.5385714285714	49.7009722222222
27	73	48.5081481481482	49.6666438356164
26	74	48.5088461538462	49.6800675675676
25	75	48.4904	49.6245
24	76	48.4629166666667	49.6216118421053
23	77	48.424347826087	49.595
22	78	48.4104545454545	49.5641987179487
21	79	48.4290476190476	49.5475
20	80	48.3935	49.51409375
19	81	48.3647368421053	49.4935802469136
18	82	48.3572222222222	49.4389024390244
17	83	48.3323529411765	49.427078313253
16	84	48.296875	49.415744047619
15	85	48.2773333333333	49.3896470588236
14	86	48.2457142857143	49.366511627907
13	87	48.2392307692307	49.3341666666666
12	88	48.2075	49.3155965909091
11	89	48.2009090909091	49.3057865168539
10	90	48.171	49.2738333333333
9	91	48.1644444444445	49.2312362637362
8	92	48.165	49.2154076086956
7	93	48.1142857142857	49.1858064516129
6	94	48.0633333333334	49.1492553191489
5	95	48.084	49.1483421052632
4	96	48.0475	49.1157552083333
3	97	48.0533333333333	49.0932731958763
2	98	48.03	49.0589795918368
1	99	48	49.0346212121212
0	100	0	49.00655
