num_of_always_trembling	num_of_tit_for_tat	average_fitness_of_always_trembling	average_fitness_of_tit_for_tat
100	0	24.90585	0
99	1	25.5183333333333	-7.6625
98	2	25.952806122449	-6.36625
97	3	26.3309793814433	-6.0175
96	4	26.84671875	-5.280625
95	5	27.2316578947369	-4.8865
94	6	27.4360638297872	-4.22208333333333
93	7	27.9399193548387	-3.50071428571429
92	8	28.554972826087	-3.22625
91	9	28.8685714285714	-2.31861111111111
90	10	29.2617777777778	-1.95275
89	11	29.6150842696629	-1.15909090909091
88	12	30.2091193181818	-0.849791666666667
87	13	30.5237931034483	-0.107307692307692
86	14	31.1064244186046	0.25875
85	15	31.5492941176471	0.911333333333333
84	16	31.9895535714286	1.435625
83	17	32.39	2.06058823529412
82	18	32.8792073170732	2.67166666666667
81	19	33.3457716049383	3.22434210526316
80	20	33.663625	3.851875
79	21	33.9554430379747	4.32714285714286
78	22	34.6824038461538	5.04340909090909
77	23	35.0742532467533	5.50510869565218
76	24	35.2879934210526	6.17520833333333
75	25	35.8388	6.53
74	26	36.2248986486487	7.16288461538462
73	27	36.8847260273973	7.875
72	28	37.2128472222222	8.34071428571429
71	29	37.5583098591549	8.85543103448276
70	30	37.9549642857143	9.53116666666667
69	31	38.405	9.955
68	32	38.8531985294118	10.685703125
67	33	39.2183208955224	11.2677272727273
66	34	39.8063636363636	11.8094852941177
65	35	40.1373846153846	12.5169285714286
64	36	40.6378125	13.0048611111111
63	37	41.1027777777778	13.6073648648649
62	38	41.7254838709677	14.1184868421053
61	39	41.9761065573771	14.6948717948718
60	40	42.3722083333333	15.3565625
59	41	42.9399576271186	15.8971951219512
58	42	43.2405172413793	16.3767261904762
57	43	43.5910964912281	16.9738953488372
56	44	44.0973660714286	17.7010227272727
55	45	44.6402272727273	18.2561111111111
54	46	45.1263888888889	18.7217934782609
53	47	45.5450943396226	19.3754255319149
52	48	45.8796634615385	19.9786458333333
51	49	46.2253921568627	20.5201530612245
50	50	46.77675	21.08845
49	51	47.1930102040816	21.7741666666667
48	52	47.5382291666667	22.1212980769231
47	53	48.0315957446808	22.7940094339623
46	54	48.3299456521739	23.4264814814815
45	55	48.7501111111111	24.1008181818182
44	56	49.4989204545454	24.5305357142857
43	57	49.9113953488372	25.1530701754386
42	58	50.0299404761905	25.7814655172414
41	59	50.6114024390244	26.2465254237288
40	60	51.09	26.9177916666667
39	61	51.438141025641	27.4360655737705
38	62	52.0751315789474	28.0422580645161
37	63	52.2824324324324	28.6121825396825
36	64	52.8859027777778	29.1458984375
35	65	53.2168571428572	29.8665384615385
34	66	53.7227205882353	30.3112121212121
33	67	54.0852272727273	30.9189179104478
32	68	54.305390625	31.5295220588235
31	69	54.8858064516129	32.076231884058
30	70	55.3169166666667	32.6869285714286
29	71	55.9009482758621	33.2244366197183
28	72	56.29625	33.7485763888889
27	73	56.7466666666667	34.3934931506849
26	74	57.3028846153846	34.953277027027
25	75	57.6627	35.524
24	76	57.916875	36.1014473684211
23	77	58.4516304347826	36.6804220779221
22	78	58.7844318181818	37.3075641025641
21	79	59.3875	37.8223417721519
20	80	59.700625	38.44634375
19	81	60.295	39.0638888888889
18	82	60.5447222222222	39.6318902439024
17	83	61.2892647058823	40.1828012048193
16	84	61.4971875	40.7514285714286
15	85	61.8596666666667	41.3275
14	86	62.4017857142857	41.8650581395349
13	87	62.8215384615384	42.4927011494253
12	88	63.430625	43.0785227272727
11	89	63.7856818181818	43.6403370786517
10	90	63.948	44.2063611111111
9	91	64.4902777777777	44.7577197802198
8	92	65.1146875	45.3767934782609
7	93	65.0185714285715	45.9421774193549
6	94	65.7179166666667	46.5258244680851
5	95	66.226	47.1014210526316
4	96	66.615625	47.682265625
3	97	67.3591666666667	48.2696134020618
2	98	67.815	48.8482908163265
1	99	67.5	49.4283838383838
0	100	0	50
