num_of_always_trembling	num_of_shame_driven_hiding	average_fitness_of_always_trembling	average_fitness_of_shame_driven_hiding
100	0	25.0966	0
99	1	25.322601010101	-5.9575
98	2	25.7483418367347	-5.58125
97	3	26.359175257732	-4.73583333333333
96	4	26.7031770833333	-4.631875
95	5	27.2505789473684	-4.0755
94	6	27.6510638297872	-3.46041666666667
93	7	27.9179301075269	-3.10178571428571
92	8	28.2548913043478	-2.45875
91	9	28.7937362637363	-1.87888888888889
90	10	29.2835277777778	-1.2365
89	11	29.4475	-0.862045454545454
88	12	29.9924431818182	-0.123541666666667
87	13	30.4044252873563	0.461538461538462
86	14	30.9028197674419	0.7375
85	15	31.314794117647	1.56983333333333
84	16	31.8096428571429	2.14453125
83	17	32.0654518072289	2.43529411764706
82	18	32.5101219512195	3.04555555555556
81	19	33.0291975308642	3.62434210526316
80	20	33.35803125	4.146
79	21	33.7896835443038	4.79511904761905
78	22	34.4163461538461	5.4675
77	23	34.6098051948052	5.8879347826087
76	24	35.1155263157895	6.380625
75	25	35.638	7.0455
74	26	36.0388175675676	7.60048076923077
73	27	36.3890410958904	8.15925925925926
72	28	36.8486111111111	8.72419642857143
71	29	37.2992253521127	9.33594827586207
70	30	37.6475	9.80891666666666
69	31	38.0878623188406	10.4998387096774
68	32	38.5420955882353	11.0525
67	33	38.9365671641791	11.6098484848485
66	34	39.5374621212121	11.9822058823529
65	35	39.7101538461538	12.6002142857143
64	36	40.2333984375	13.2424305555556
63	37	40.6251587301587	13.7872297297297
62	38	40.9239112903226	14.3501315789474
61	39	41.3881967213115	14.9002564102564
60	40	41.8095833333333	15.4764375
59	41	42.4179661016949	16.0953658536585
58	42	42.8218965517242	16.7052976190476
57	43	43.0154824561404	17.1168604651163
56	44	43.6401339285714	17.7839772727273
55	45	43.8709090909091	18.3081666666667
54	46	44.5132870370371	18.9166304347826
53	47	44.6960377358491	19.4027127659574
52	48	45.1594230769231	20.0329166666667
51	49	45.6114215686275	20.6009693877551
50	50	46.20285	21.0515
49	51	46.6136734693878	21.7022058823529
48	52	46.9790104166667	22.3462019230769
47	53	47.4263297872341	22.9190566037736
46	54	47.8077173913043	23.3838888888889
45	55	48.2778333333333	23.9695
44	56	48.7211931818182	24.6182142857143
43	57	49.001511627907	25.1405701754386
42	58	49.5428571428571	25.6923275862069
41	59	50.0115853658536	26.2145762711864
40	60	50.43375	26.7594166666667
39	61	50.7501923076923	27.3690983606557
38	62	51.3522368421053	27.9609274193548
37	63	51.5639189189189	28.5149603174603
36	64	52.0797916666667	29.0459375
35	65	52.4466428571428	29.6553846153846
34	66	52.8734558823529	30.2206818181818
33	67	53.3861363636364	30.7261940298508
32	68	53.727890625	31.3152573529412
31	69	54.1791129032258	31.8398550724638
30	70	54.5868333333333	32.4633571428571
29	71	55.1133620689655	33.0534154929577
28	72	55.6826785714286	33.58875
27	73	55.7185185185185	34.1761643835616
26	74	56.3066346153846	34.6726013513514
25	75	56.5058	35.2941333333333
24	76	57.1647916666667	35.8970394736842
23	77	57.408152173913	36.3517207792208
22	78	57.8342045454545	36.9776282051282
21	79	58.4952380952381	37.5561392405063
20	80	58.915	38.13790625
19	81	59.1768421052632	38.7157716049383
18	82	59.5654166666667	39.2508841463415
17	83	60.0926470588235	39.8333132530121
16	84	60.47140625	40.4140773809524
15	85	61.0476666666667	40.9398823529412
14	86	61.3119642857143	41.4768313953489
13	87	61.8401923076923	42.0990229885057
12	88	62.2347916666667	42.6671022727273
11	89	62.7159090909091	43.2527808988764
10	90	63.2085	43.8290277777778
9	91	63.66	44.3823901098901
8	92	63.8071875	44.9410597826087
7	93	64.3932142857143	45.542876344086
6	94	64.8583333333333	46.1047074468085
5	95	65.38	46.6481842105263
4	96	65.49375	47.220546875
3	97	65.7258333333333	47.8144072164949
2	98	66.35	48.3586989795918
1	99	66.5075	48.9380808080808
0	100	0	49.5
