num_of_always_defect	num_of_Pavlov	average_fitness_of_always_defect	average_fitness_of_Pavlov
100	0	0	0
99	1	1.24484848484849	-75.075
98	2	2.50142857142857	-73.77
97	3	3.75329896907216	-72.2266666666667
96	4	4.9909375	-70.936875
95	5	6.26936842105263	-69.4535
94	6	7.52372340425532	-68.0445833333333
93	7	8.81397849462366	-66.6164285714286
92	8	10.0442391304348	-65.144375
91	9	11.291978021978	-63.6655555555555
90	10	12.4861111111111	-62.257
89	11	13.7740449438202	-60.8659090909091
88	12	15.0965909090909	-59.3360416666667
87	13	16.2608045977011	-57.8057692307692
86	14	17.5612790697674	-56.5364285714286
85	15	18.8505882352941	-55.1005
84	16	19.9702380952381	-53.64859375
83	17	21.3768674698795	-52.3363235294118
82	18	22.5920731707317	-50.7409722222222
81	19	23.7498765432099	-49.2202631578948
80	20	25.08775	-47.885625
79	21	26.2816455696203	-46.4953571428571
78	22	27.5710256410256	-44.9778409090909
77	23	28.831038961039	-43.4907608695652
76	24	30.1105263157895	-42.2745833333333
75	25	31.3836	-40.6287
74	26	32.5981081081081	-39.4547115384615
73	27	33.8364383561644	-37.8536111111111
72	28	35.1305555555555	-36.2783928571429
71	29	36.3594366197183	-34.9453448275862
70	30	37.5418571428571	-33.52525
69	31	38.7653623188406	-32.2077419354839
68	32	40.0479411764706	-30.894609375
67	33	41.3817910447761	-29.2424242424243
66	34	42.6393939393939	-27.6946323529412
65	35	43.8946153846154	-26.3215
64	36	45.2003125	-24.9665277777778
63	37	46.3261904761905	-23.3576351351351
62	38	47.635	-21.9048026315789
61	39	48.9139344262295	-20.6178846153846
60	40	50.197	-19.154875
59	41	51.4277966101695	-17.8386585365854
58	42	52.735	-16.2033928571429
57	43	53.9175438596491	-14.8244767441861
56	44	55.0476785714285	-13.4242613636364
55	45	56.4474545454546	-11.8937222222222
54	46	57.6027777777778	-10.4857608695652
53	47	58.8909433962264	-9.01255319148936
52	48	60.1705769230769	-7.7234375
51	49	61.4366666666667	-6.14561224489796
50	50	62.6936	-4.6841
49	51	64.0128571428571	-3.39661764705882
48	52	65.2379166666667	-2.03221153846154
47	53	66.4902127659575	-0.36688679245283
46	54	67.6504347826087	1.02648148148148
45	55	68.9944444444444	2.46413636363636
44	56	70.32	3.93424107142857
43	57	71.4588372093023	5.27969298245614
42	58	72.6964285714286	6.60189655172414
41	59	73.9819512195122	8.09169491525424
40	60	75.2745	9.537625
39	61	76.3558974358974	11.1509016393443
38	62	77.728947368421	12.5346774193548
37	63	78.9856756756757	14.0713095238095
36	64	80.285	15.490625
35	65	81.4205714285715	16.8498461538462
34	66	82.6567647058824	18.2793560606061
33	67	84.0951515151515	19.7770895522388
32	68	85.1825	21.080625
31	69	86.5474193548387	22.4877173913043
30	70	87.803	24.0546428571429
29	71	88.941724137931	25.3363028169014
28	72	90.2732142857143	26.9335763888889
27	73	91.4481481481482	28.3631506849315
26	74	92.6184615384615	29.8901351351351
25	75	93.9504	31.2031666666667
24	76	95.1325	32.6816118421053
23	77	96.47	34.1909415584416
22	78	97.6977272727272	35.4552564102564
21	79	98.9395238095238	36.9788924050633
20	80	100.0385	38.3468125
19	81	101.419473684211	39.8232716049383
18	82	102.792777777778	41.2531707317073
17	83	104.037058823529	42.772921686747
16	84	105.43	44.1352083333333
15	85	106.497333333333	45.5392352941177
14	86	107.814285714286	47.0545058139535
13	87	109.042307692308	48.3595689655172
12	88	110.275833333333	49.8555965909091
11	89	111.44	51.4397471910112
10	90	112.888	52.7745555555556
9	91	114.255555555556	54.3071978021978
8	92	115.5475	55.6807880434782
7	93	116.37	57.120188172043
6	94	117.833333333333	58.5957978723404
5	95	119.09	60.1424210526316
4	96	120.3525	61.5583072916667
3	97	121.623333333333	62.9572680412371
2	98	122.875	64.5063010204081
1	99	124.06	65.8903535353535
0	100	0	67.191675
