num_of_always_trembling	num_of_shame_driven_denying	average_fitness_of_always_trembling	average_fitness_of_shame_driven_denying
100	0	25.1146	0
99	1	25.3621717171717	-5.76
98	2	25.7209183673469	-5.6125
97	3	26.3525	-4.70083333333333
96	4	26.7672916666667	-4.3425
95	5	27.0693157894737	-3.846
94	6	27.6498404255319	-3.13291666666667
93	7	27.9827419354839	-2.86142857142857
92	8	28.3519565217391	-2.0546875
91	9	28.6957142857143	-1.83
90	10	29.1948055555556	-1.41375
89	11	29.8642696629213	-0.507045454545455
88	12	30.0712784090909	-0.226458333333333
87	13	30.5058045977011	0.426538461538462
86	14	30.7243313953488	1.02178571428571
85	15	31.2123529411765	1.65233333333333
84	16	31.5121130952381	2.235625
83	17	32.2111144578313	2.74470588235294
82	18	32.5956707317073	3.34888888888889
81	19	32.9172222222222	3.7796052631579
80	20	33.1866875	4.27675
79	21	33.7563291139241	4.95369047619048
78	22	34.4258974358974	5.4975
77	23	34.5937987012987	6.22434782608696
76	24	35.0450986842105	6.68958333333333
75	25	35.6104333333333	7.1941
74	26	35.9381081081081	7.82846153846154
73	27	36.298801369863	8.27879629629629
72	28	36.6425347222222	8.79383928571429
71	29	37.1547535211268	9.36948275862069
70	30	37.5182857142857	9.9365
69	31	37.8345289855072	10.5825
68	32	38.5020955882353	11.054140625
67	33	38.6901492537313	11.7309090909091
66	34	39.2351893939394	12.2452941176471
65	35	39.6576923076923	12.6377857142857
64	36	39.885234375	13.2438194444444
63	37	40.5621428571429	13.8520945945946
62	38	40.9186693548387	14.2006578947368
61	39	41.4654098360656	14.9188461538462
60	40	41.7489583333333	15.4074375
59	41	42.0228813559322	15.9883536585366
58	42	42.5201293103448	16.5982142857143
57	43	43.0052631578947	17.0852906976744
56	44	43.4050446428571	17.7390909090909
55	45	43.8795909090909	18.2547222222222
54	46	44.2299537037037	18.7632608695652
53	47	44.7842924528302	19.279414893617
52	48	45.1040384615385	19.8902083333333
51	49	45.5860294117647	20.3613265306122
50	50	46.008	21.01055
49	51	46.390306122449	21.6546078431373
48	52	46.73359375	22.1954807692308
47	53	47.0971808510638	22.7314622641509
46	54	47.5095652173913	23.137037037037
45	55	47.9728888888889	23.6119545454545
44	56	48.3819318181818	24.2205803571429
43	57	48.8923837209302	24.8618421052632
42	58	49.4252380952381	25.3234913793104
41	59	49.694756097561	25.8740677966102
40	60	50.0046875	26.5537083333333
39	61	50.4804487179487	26.9033606557377
38	62	50.8810526315789	27.4912903225806
37	63	51.3685810810811	28.1076984126984
36	64	51.8984027777777	28.6609375
35	65	52.2530714285714	29.2113846153846
34	66	52.6173529411765	29.8126136363636
33	67	52.9445454545454	30.4010447761194
32	68	53.268125	30.8389705882353
31	69	53.8418548387097	31.4532246376812
30	70	54.1365833333333	31.964
29	71	54.6241379310345	32.5521126760563
28	72	55.1025	33.1505555555555
27	73	55.4238888888889	33.6278082191781
26	74	55.8240384615385	34.1886148648649
25	75	56.2645	34.7370333333333
24	76	57.0295833333333	35.2911513157895
23	77	57.1789130434783	35.820487012987
22	78	57.4394318181818	36.4003525641026
21	79	58.149880952381	36.958670886076
20	80	58.354	37.49040625
19	81	58.8078947368421	38.073950617284
18	82	59.2806944444445	38.6426219512195
17	83	59.8132352941176	39.1697289156626
16	84	59.88296875	39.7097321428571
15	85	60.5403333333333	40.2468235294118
14	86	60.7973214285714	40.8343604651163
13	87	61.4884615384616	41.3475862068965
12	88	61.5822916666667	41.9180965909091
11	89	62.5038636363636	42.443202247191
10	90	62.532	43.0163888888889
9	91	63.1777777777778	43.5606043956044
8	92	63.49875	44.1073369565217
7	93	63.9228571428571	44.6679032258065
6	94	64.74125	45.1900265957447
5	95	64.604	45.7714210526316
4	96	65.45375	46.3383333333334
3	97	65.4741666666667	46.8672422680412
2	98	65.775	47.4241836734694
1	99	66.61	47.9562626262626
0	100	0	48.51585
