num_of_always_cooperate	num_of_Pavlov	average_fitness_of_always_cooperate	average_fitness_of_Pavlov
100	0	50	0
99	1	49.96	106.295
98	2	49.918469387755	102.98125
97	3	49.8852577319588	102.74
96	4	49.8376041666667	101.611875
95	5	49.8055789473684	103.6535
94	6	49.7526595744681	99.51
93	7	49.7177419354839	100.055714285714
92	8	49.6620652173913	99.935625
91	9	49.6308791208791	99.1547222222222
90	10	49.5994444444444	98.39
89	11	49.5626966292135	99.8965909090909
88	12	49.5264772727273	98.489375
87	13	49.5103448275862	97.0225
86	14	49.4577906976744	97.52875
85	15	49.384	96.9943333333333
84	16	49.3644047619048	96.6378125
83	17	49.3138554216868	95.5244117647059
82	18	49.2689024390244	95.5248611111111
81	19	49.2375308641975	94.641447368421
80	20	49.178625	94.201
79	21	49.1659493670886	94.9230952380952
78	22	49.1194871794872	94.9460227272728
77	23	49.0755844155844	94.0709782608696
76	24	49.0069736842105	93.635625
75	25	48.9617333333333	93.428
74	26	48.9524324324324	93.8955769230769
73	27	48.9078082191781	93.2417592592593
72	28	48.9020833333333	92.8364285714286
71	29	48.8701408450704	92.3537068965518
70	30	48.8201428571429	92.8679166666667
69	31	48.755652173913	92.0597580645162
68	32	48.7298529411764	91.57609375
67	33	48.6765671641791	91.4606060606061
66	34	48.6280303030303	91.1178676470589
65	35	48.5896923076923	90.615
64	36	48.5425	90.7689583333333
63	37	48.4760317460317	90.2482432432432
62	38	48.471935483871	89.694802631579
61	39	48.425737704918	89.5867307692308
60	40	48.4261666666667	89.1449375
59	41	48.3513559322034	88.583231707317
58	42	48.333275862069	88.2267857142857
57	43	48.2668421052632	88.4728488372093
56	44	48.2578571428572	87.8006818181818
55	45	48.23	87.6991666666666
54	46	48.1920370370371	87.2653804347826
53	47	48.1111320754717	87.0790957446808
52	48	48.0701923076923	86.4630729166667
51	49	48.0729411764706	86.4391836734694
50	50	47.9936	85.8709
49	51	47.9726530612245	85.5085784313725
48	52	47.9195833333333	85.195
47	53	47.8868085106383	84.9546226415094
46	54	47.8117391304348	84.8748148148147
45	55	47.7664444444444	84.1155454545454
44	56	47.7495454545455	83.9755803571429
43	57	47.6632558139535	83.6260964912281
42	58	47.7066666666667	83.2390517241379
41	59	47.5965853658537	82.7658050847458
40	60	47.58425	82.6257083333333
39	61	47.5733333333334	82.1584836065574
38	62	47.5557894736842	81.7447580645161
37	63	47.505945945946	81.3321825396825
36	64	47.3975	81.1555078125
35	65	47.3882857142857	80.8215769230769
34	66	47.3544117647059	80.5262121212121
33	67	47.2739393939394	80.0696268656716
32	68	47.2528125	79.6836397058823
31	69	47.2274193548387	79.2611231884058
30	70	47.228	78.8723928571429
29	71	47.1268965517241	78.8203521126761
28	72	47.1339285714286	78.1282638888889
27	73	47.0655555555555	77.6092123287671
26	74	47.0030769230769	77.4429391891892
25	75	46.9648	77.3001666666667
24	76	46.9779166666667	76.8528618421053
23	77	46.934347826087	76.5446428571428
22	78	46.8972727272727	75.9145833333333
21	79	46.7780952380953	75.5493987341772
20	80	46.7755	75.14578125
19	81	46.7263157894737	74.8785185185185
18	82	46.7644444444445	74.3334756097561
17	83	46.61	74.1549397590361
16	84	46.65	73.7428273809524
15	85	46.6353333333333	73.3132058823529
14	86	46.4421428571429	72.8541569767442
13	87	46.52	72.5747413793104
12	88	46.455	72.0997727272727
11	89	46.4781818181818	71.7362921348315
10	90	46.497	71.2158611111111
9	91	46.3544444444444	70.7909065934066
8	92	46.20375	70.6127717391304
7	93	46.2271428571429	70.0769892473118
6	94	46.1516666666666	69.7348936170213
5	95	46.106	69.3218421052631
4	96	46.0425	68.9947395833334
3	97	46.0766666666667	68.4523711340206
2	98	46.135	68.048137755102
1	99	46.35	67.5912121212121
0	100	0	67.18715
