num_of_always_trembling	num_of_Pavlov	average_fitness_of_always_trembling	average_fitness_of_Pavlov
100	0	25.1676	0
99	1	25.3858080808081	24.5175
98	2	25.8605867346939	25.17375
97	3	26.2518298969072	25.2208333333333
96	4	26.5884114583333	25.509375
95	5	27.1696315789474	26.2285
94	6	27.4381914893617	26.8666666666667
93	7	28.0226612903226	27.3657142857143
92	8	28.4060326086957	26.914375
91	9	28.9232692307692	27.8641666666667
90	10	29.30025	28.3585
89	11	29.7569382022472	29.1715909090909
88	12	29.9832102272727	29.4627083333333
87	13	30.5668965517241	29.9611538461539
86	14	31.0391279069767	30.0108928571428
85	15	31.3561176470588	30.5198333333333
84	16	31.9036011904762	31.41296875
83	17	32.1737951807229	31.3494117647059
82	18	32.7025	31.6088888888889
81	19	33.0638580246914	32.6006578947368
80	20	33.52075	32.77025
79	21	34.1774683544304	33.0909523809524
78	22	34.4174358974359	33.3421590909091
77	23	34.8487012987013	33.9472826086957
76	24	35.0200328947369	34.4221875
75	25	35.7647333333333	35.1319
74	26	36.0810135135135	35.3867307692308
73	27	36.4561643835617	35.7487037037037
72	28	37.0207291666667	36.1223214285714
71	29	37.3155985915493	36.3831034482759
70	30	37.5444285714286	37.0734166666667
69	31	38.1878260869565	37.541935483871
68	32	38.7934926470588	37.79859375
67	33	39.2325	38.2775757575758
66	34	39.5185984848485	38.4361764705882
65	35	39.9080384615384	39.0888571428571
64	36	40.2997265625	39.3159722222222
63	37	40.8003571428571	39.6343243243243
62	38	41.2427822580645	40.2019078947368
61	39	41.7304918032787	40.6463461538461
60	40	42.07675	41.0811875
59	41	42.2898305084746	41.6249390243902
58	42	42.8824137931034	42.1424404761905
57	43	43.3675	42.566511627907
56	44	43.7555357142857	42.6474431818182
55	45	44.0903636363636	43.3605
54	46	44.4966666666667	43.8589673913044
53	47	44.9752358490566	44.243670212766
52	48	45.4388461538461	44.6376041666667
51	49	45.7474509803922	45.0141836734694
50	50	46.26025	45.3322
49	51	46.6788265306122	46.018137254902
48	52	47.2315625	46.4537980769231
47	53	47.3392553191489	46.7045283018868
46	54	47.8815760869565	47.3804166666667
45	55	48.4468333333333	47.6352272727273
44	56	48.7868181818182	47.9932589285714
43	57	49.2704069767442	48.5033771929825
42	58	49.8198214285714	48.7799137931034
41	59	50.1406707317073	49.31
40	60	50.6631875	49.5865416666667
39	61	51.056282051282	50.1748360655738
38	62	51.3261184210526	50.6116532258065
37	63	51.7428378378379	50.9280158730159
36	64	52.4109027777778	51.47671875
35	65	52.8487857142857	51.7418076923077
34	66	53.1002205882353	52.2665530303031
33	67	53.4235606060606	52.6678731343283
32	68	53.742265625	53.1026102941176
31	69	53.9565322580645	53.7157971014493
30	70	54.9961666666667	54.0231428571429
29	71	55.3475862068966	54.4049647887324
28	72	55.629375	54.8521527777778
27	73	56.192037037037	55.306404109589
26	74	56.5219230769231	55.6864189189189
25	75	56.8911	56.1607333333333
24	76	57.1536458333333	56.4680592105263
23	77	57.4822826086956	56.9842207792208
22	78	58.2792045454546	57.421891025641
21	79	58.5135714285714	57.9664873417722
20	80	59.268375	58.27753125
19	81	59.1940789473684	58.7603086419753
18	82	59.5776388888889	59.1888719512195
17	83	60.3801470588235	59.596656626506
16	84	60.8275	60.0158035714285
15	85	61.0158333333333	60.5316764705882
14	86	61.6921428571429	60.9300290697675
13	87	61.9828846153846	61.2885057471265
12	88	62.7420833333333	61.766875
11	89	63.0163636363636	62.2599719101124
10	90	63.17325	62.6899722222222
9	91	63.5052777777778	63.2012912087912
8	92	64.22	63.6170923913043
7	93	64.4435714285714	64.0803494623656
6	94	65.0829166666667	64.4995744680851
5	95	65.459	65.0604210526316
4	96	66.054375	65.4044791666667
3	97	65.8966666666667	65.8220360824742
2	98	66.195	66.3180102040816
1	99	68.2175	66.734393939394
0	100	0	67.20975
