num_of_always_cooperate	num_of_shame_driven_denying	average_fitness_of_always_cooperate	average_fitness_of_shame_driven_denying
100	0	50	0
99	1	49.9585858585859	52.97
98	2	49.9235714285714	52.84125
97	3	49.8840206185567	52.9408333333333
96	4	49.8386458333333	52.84375
95	5	49.8009473684211	52.757
94	6	49.7577659574468	52.8216666666667
93	7	49.7141935483871	52.7842857142857
92	8	49.6814130434783	52.7078125
91	9	49.6379120879121	52.6252777777778
90	10	49.5942222222222	52.58875
89	11	49.5483146067416	52.6075
88	12	49.5402272727273	52.535
87	13	49.4851724137931	52.4576923076923
86	14	49.4320930232558	52.4153571428571
85	15	49.3936470588235	52.3475
84	16	49.3634523809524	52.3365625
83	17	49.3157831325302	52.2926470588235
82	18	49.2703658536585	52.1769444444445
81	19	49.2530864197531	52.1890789473684
80	20	49.183625	52.062125
79	21	49.1383544303797	52.0490476190476
78	22	49.0996153846154	52.0260227272727
77	23	49.0731168831169	51.9980434782609
76	24	49.0134210526316	51.9309375
75	25	49.0093333333333	51.906
74	26	48.9797297297297	51.9110576923077
73	27	48.9138356164384	51.8481481481482
72	28	48.8743055555555	51.7648214285714
71	29	48.8240845070422	51.7291379310345
70	30	48.7908571428571	51.72075
69	31	48.7244927536232	51.6217741935484
68	32	48.7051470588235	51.612265625
67	33	48.6707462686567	51.5199242424242
66	34	48.6236363636364	51.575955882353
65	35	48.5816923076923	51.4195714285714
64	36	48.49828125	51.4486805555555
63	37	48.5220634920635	51.4187837837838
62	38	48.4493548387097	51.3417763157895
61	39	48.4173770491803	51.2589743589744
60	40	48.4026666666667	51.1835
59	41	48.3398305084746	51.202012195122
58	42	48.2843103448276	51.1432738095238
57	43	48.2747368421053	51.1029069767442
56	44	48.2428571428571	51.054375
55	45	48.176	50.9920555555556
54	46	48.1325925925926	50.9842934782608
53	47	48.1130188679245	50.9357446808511
52	48	48.0348076923077	50.9080729166667
51	49	48.0198039215686	50.7932142857143
50	50	47.9552	50.80325
49	51	47.914693877551	50.7620098039216
48	52	47.8902083333333	50.7125
47	53	47.9089361702128	50.621320754717
46	54	47.8113043478261	50.6192592592593
45	55	47.762	50.5691363636364
44	56	47.7343181818182	50.5146875
43	57	47.68	50.4659210526316
42	58	47.625	50.4234913793103
41	59	47.6192682926829	50.3911016949153
40	60	47.59525	50.3329166666667
39	61	47.5517948717949	50.2666393442623
38	62	47.5336842105263	50.2585887096774
37	63	47.4124324324325	50.1967857142857
36	64	47.3630555555556	50.155234375
35	65	47.3757142857143	50.1003461538461
34	66	47.3329411764706	50.0454924242424
33	67	47.2893939393939	50.0321268656717
32	68	47.26875	49.9480514705882
31	69	47.2638709677419	49.8977173913043
30	70	47.1523333333333	49.8672142857143
29	71	47.1375862068966	49.8127816901408
28	72	47.0989285714286	49.7801736111111
27	73	47.0785185185185	49.7204452054795
26	74	46.99	49.7044594594594
25	75	46.9296	49.6459333333333
24	76	46.96	49.6028618421053
23	77	46.9165217391304	49.6002922077922
22	78	46.905	49.5032371794872
21	79	46.7714285714286	49.4630696202532
20	80	46.704	49.39834375
19	81	46.7315789473684	49.3739814814815
18	82	46.7116666666667	49.3392073170732
17	83	46.6652941176471	49.2978915662651
16	84	46.65125	49.2391071428571
15	85	46.5613333333333	49.2041176470588
14	86	46.5657142857143	49.1411046511628
13	87	46.5253846153846	49.0929885057471
12	88	46.4733333333333	49.0776420454546
11	89	46.3527272727273	49.0154494382023
10	90	46.434	48.9689444444445
9	91	46.3	48.9209340659341
8	92	46.21625	48.8928804347826
7	93	46.24	48.8327150537634
6	94	46.1966666666667	48.8104787234043
5	95	46.158	48.7512368421053
4	96	46.1825	48.7076041666667
3	97	46.1	48.6551288659794
2	98	46.12	48.6179846938776
1	99	45.71	48.574696969697
0	100	0	48.5255
