num_of_guilt_driven_amending	num_of_Pavlov	average_fitness_of_guilt_driven_amending	average_fitness_of_Pavlov
100	0	49.220675	0
99	1	49.2234595959596	67.54
98	2	49.1911479591837	67.70125
97	3	49.1778865979381	67.7358333333334
96	4	49.1532552083333	67.701875
95	5	49.1444473684211	67.287
94	6	49.1347340425532	67.3883333333334
93	7	49.1171774193548	67.8653571428572
92	8	49.105597826087	67.6653125
91	9	49.0968131868132	67.6080555555556
90	10	49.0750833333333	67.64625
89	11	49.0649438202247	67.5713636363636
88	12	49.0550568181818	67.5770833333333
87	13	49.0275862068965	67.6961538461539
86	14	49.0304651162791	67.5657142857143
85	15	48.9863823529412	67.7085
84	16	48.9689583333333	67.4246875
83	17	48.9771686746988	67.5377941176471
82	18	48.9521951219512	67.4226388888889
81	19	48.9561419753086	67.5061842105263
80	20	48.9339375	67.452375
79	21	48.9304746835443	67.4529761904762
78	22	48.8897435897436	67.6389772727273
77	23	48.8723051948052	67.4616304347826
76	24	48.8845723684211	67.663125
75	25	48.8526333333333	67.5548
74	26	48.8426351351351	67.4865384615385
73	27	48.8367808219178	67.6522222222222
72	28	48.8012847222222	67.5996428571429
71	29	48.8149295774648	67.5054310344827
70	30	48.762	67.571
69	31	48.7748550724638	67.6412903225806
68	32	48.7420955882353	67.65328125
67	33	48.7385447761194	67.6173484848485
66	34	48.72375	67.717794117647
65	35	48.6936538461539	67.638
64	36	48.69390625	67.4647916666666
63	37	48.6669841269841	67.4747972972973
62	38	48.6566532258064	67.4767763157895
61	39	48.6669262295082	67.4778205128205
60	40	48.625625	67.4430625
59	41	48.6306779661017	67.5112804878049
58	42	48.6186637931034	67.5124404761905
57	43	48.5746491228071	67.5017441860465
56	44	48.5667410714286	67.5094318181819
55	45	48.5545454545454	67.5292222222222
54	46	48.5401851851852	67.4448369565217
53	47	48.5253773584906	67.4823404255319
52	48	48.5158173076923	67.4936979166666
51	49	48.5004411764706	67.4334183673469
50	50	48.49685	67.47145
49	51	48.4512244897959	67.5302450980392
48	52	48.4527604166667	67.4936538461539
47	53	48.4631382978723	67.4783018867925
46	54	48.4454891304348	67.4201851851852
45	55	48.3877777777778	67.4581363636364
44	56	48.4180113636364	67.4027678571428
43	57	48.3918023255814	67.3591228070175
42	58	48.3851785714286	67.4504310344828
41	59	48.3582317073171	67.4183898305084
40	60	48.336375	67.438625
39	61	48.2986538461538	67.4794262295082
38	62	48.3282236842105	67.3856048387097
37	63	48.2743918918919	67.3736507936508
36	64	48.2880555555556	67.341953125
35	65	48.2382857142857	67.388
34	66	48.2325735294118	67.364053030303
33	67	48.2435606060606	67.3959701492538
32	68	48.2275	67.455625
31	69	48.225	67.3101449275362
30	70	48.1755	67.3932857142857
29	71	48.1581896551724	67.4259507042254
28	72	48.1597321428571	67.3982986111111
27	73	48.2012037037037	67.3097945205479
26	74	48.1735576923077	67.3019932432432
25	75	48.0995	67.3881666666667
24	76	48.0885416666667	67.3022039473684
23	77	48.1101086956521	67.286525974026
22	78	48.05625	67.3750641025641
21	79	48.0663095238095	67.3727531645569
20	80	48.047625	67.37734375
19	81	48.046052631579	67.4425
18	82	48.0023611111111	67.3996646341463
17	83	47.9679411764706	67.3488253012048
16	84	48.02921875	67.4139285714286
15	85	47.9488333333333	67.3245588235294
14	86	47.9417857142857	67.3126453488372
13	87	47.9423076923077	67.2530172413793
12	88	47.91875	67.2565909090909
11	89	47.9002272727273	67.3314887640449
10	90	47.91125	67.2177777777778
9	91	47.8627777777778	67.2362637362637
8	92	47.9178125	67.21625
7	93	47.8814285714286	67.3087903225806
6	94	47.7629166666667	67.152420212766
5	95	47.906	67.2439736842105
4	96	47.768125	67.1925260416667
3	97	47.825	67.2003350515464
2	98	47.65	67.2022704081633
1	99	47.8075	67.2089898989899
0	100	0	67.236875
