num_of_shame_driven_denying	num_of_Pavlov	average_fitness_of_shame_driven_denying	average_fitness_of_Pavlov
100	0	48.5325	0
99	1	48.5342424242424	65.7975
98	2	48.5311989795919	67.06
97	3	48.5585567010309	66.425
96	4	48.571328125	66.46375
95	5	48.5747368421053	66.037
94	6	48.5701329787234	66.3154166666667
93	7	48.5841397849463	66.5714285714286
92	8	48.5955434782609	66.5628125
91	9	48.6263186813187	66.5630555555556
90	10	48.63225	66.317
89	11	48.6370786516854	66.6643181818182
88	12	48.6541761363636	66.61875
87	13	48.6498275862069	66.5801923076923
86	14	48.664011627907	66.4525
85	15	48.673	66.564
84	16	48.6832142857143	66.746875
83	17	48.6846987951807	66.4911764705883
82	18	48.70625	66.6506944444444
81	19	48.7200617283951	66.7436842105263
80	20	48.7368125	66.635
79	21	48.743164556962	66.7616666666667
78	22	48.7483012820513	66.7372727272727
77	23	48.7660064935065	66.6397826086956
76	24	48.7772368421052	66.5719791666667
75	25	48.7739	66.6889
74	26	48.7966216216216	66.7836538461539
73	27	48.818698630137	66.8710185185185
72	28	48.8081944444444	66.646875
71	29	48.8294366197183	66.8268965517241
70	30	48.8166428571429	66.8470833333333
69	31	48.8444565217392	66.7725806451613
68	32	48.8538602941177	66.805625
67	33	48.8644402985075	67.0046212121212
66	34	48.8601515151515	66.78375
65	35	48.8778461538462	66.8866428571428
64	36	48.883203125	66.7652083333334
63	37	48.8868650793651	66.8977027027027
62	38	48.9258064516129	66.863947368421
61	39	48.9289344262295	66.9666666666667
60	40	48.915875	66.8881875
59	41	48.9529237288135	66.7850609756098
58	42	48.9617672413793	66.8310119047619
57	43	48.9621929824561	66.8131976744186
56	44	48.960625	66.9091477272727
55	45	48.9751363636364	66.8572222222222
54	46	48.9866203703704	66.9720108695652
53	47	49.0026886792453	66.9344680851064
52	48	49.0175961538461	66.935625
51	49	49.0247549019608	66.8187244897959
50	50	49.03585	66.9188
49	51	49.0639795918367	66.8604411764706
48	52	49.0571875	66.9697115384616
47	53	49.0760638297872	66.8885377358491
46	54	49.0701630434783	66.9805092592593
45	55	49.0726111111111	66.9581363636363
44	56	49.1123863636364	67.0355357142857
43	57	49.1180813953488	67.0263157894737
42	58	49.1230357142857	66.9646982758621
41	59	49.1315243902439	66.9352966101695
40	60	49.129	67.0417083333333
39	61	49.1325641025641	67.0614344262295
38	62	49.1616447368421	67.094314516129
37	63	49.1490540540541	67.0397619047619
36	64	49.1827083333334	67.0528515625
35	65	49.1875714285715	67.0591538461538
34	66	49.2083088235294	67.1406439393939
33	67	49.1988636363637	66.9343656716418
32	68	49.21203125	67.0286764705882
31	69	49.2166935483871	67.0260869565218
30	70	49.233	67.0963214285714
29	71	49.2415517241379	67.1118309859155
28	72	49.265	67.0153819444444
27	73	49.27	66.9930479452055
26	74	49.2748076923077	67.0395945945946
25	75	49.2969	67.1300333333333
24	76	49.3058333333333	67.1748026315789
23	77	49.2942391304348	67.1249675324675
22	78	49.33	67.0516987179487
21	79	49.3315476190477	67.1219303797468
20	80	49.332375	66.9964375
19	81	49.37	67.1844135802469
18	82	49.3577777777778	67.1605487804878
17	83	49.3544117647059	67.2214156626506
16	84	49.3709375	67.0933630952381
15	85	49.4176666666667	67.1413823529412
14	86	49.38875	67.1432558139535
13	87	49.4490384615385	67.1512356321839
12	88	49.4039583333333	67.1778409090909
11	89	49.4286363636364	67.1067415730337
10	90	49.45425	67.2593611111111
9	91	49.5088888888889	67.2031043956044
8	92	49.44	67.2263858695652
7	93	49.5067857142857	67.1581182795699
6	94	49.51	67.1996010638298
5	95	49.5175	67.1747631578947
4	96	49.51875	67.22796875
3	97	49.4475	67.1879896907216
2	98	49.48	67.1847448979592
1	99	49.465	67.2607828282828
0	100	0	67.274025
