num_of_shame_driven_hiding	num_of_shame_driven_denying	average_fitness_of_shame_driven_hiding	average_fitness_of_shame_driven_denying
100	0	49.5	0
99	1	49.4940656565656	48.9775
98	2	49.4916071428571	49.0075
97	3	49.4846649484536	49.0191666666667
96	4	49.479921875	49.03125
95	5	49.4762368421053	48.9825
94	6	49.4689095744681	48.9879166666667
93	7	49.4627419354838	48.9710714285714
92	8	49.4548913043478	49.011875
91	9	49.4572802197802	48.9613888888889
90	10	49.4451388888889	48.9385
89	11	49.4408707865168	48.9575
88	12	49.441875	48.9402083333333
87	13	49.4344540229885	48.9317307692308
86	14	49.4321511627907	48.9655357142857
85	15	49.4245	48.9381666666667
84	16	49.4152976190476	48.9265625
83	17	49.4126506024096	48.9389705882353
82	18	49.4035975609756	48.9291666666667
81	19	49.4033024691358	48.9277631578947
80	20	49.402	48.92275
79	21	49.3938924050633	48.9041666666667
78	22	49.3886217948718	48.9042045454545
77	23	49.3791233766234	48.9051086956522
76	24	49.3744407894737	48.874375
75	25	49.3716	48.8991
74	26	49.3668918918919	48.8809615384615
73	27	49.3536301369863	48.8811111111111
72	28	49.3532638888889	48.8738392857143
71	29	49.3464788732394	48.860775862069
70	30	49.3514285714286	48.8558333333333
69	31	49.3413405797101	48.8679032258065
68	32	49.3385294117647	48.854296875
67	33	49.3269402985075	48.8426515151515
66	34	49.3291287878788	48.8433088235294
65	35	49.3196923076923	48.8449285714285
64	36	49.3112109375	48.8245138888889
63	37	49.3074206349206	48.8365540540541
62	38	49.3055241935484	48.8215131578947
61	39	49.3004918032787	48.8092948717949
60	40	49.2889583333333	48.8109375
59	41	49.2944491525424	48.8075
58	42	49.2832327586207	48.8033928571429
57	43	49.2756140350877	48.7995930232558
56	44	49.2739285714286	48.8013068181818
55	45	49.2655	48.8043333333333
54	46	49.2673148148148	48.78875
53	47	49.2565094339622	48.7931914893617
52	48	49.2522596153846	48.7827083333333
51	49	49.2425	48.7738775510204
50	50	49.2393	48.7714
49	51	49.2407653061224	48.7671568627451
48	52	49.2275520833333	48.7562019230769
47	53	49.2270212765957	48.7624528301887
46	54	49.2174456521739	48.7380092592593
45	55	49.2244444444444	48.7439090909091
44	56	49.2127840909091	48.7334375
43	57	49.2131395348837	48.7197368421053
42	58	49.2032738095238	48.7393103448276
41	59	49.1923780487805	48.7211016949153
40	60	49.187625	48.72175
39	61	49.1789102564103	48.7024180327869
38	62	49.1780263157895	48.7121774193548
37	63	49.1872972972973	48.6900793650794
36	64	49.1847222222222	48.6999609375
35	65	49.1738571428571	48.6993076923077
34	66	49.16625	48.6775378787879
33	67	49.1537121212121	48.6928731343284
32	68	49.146484375	48.6769852941177
31	69	49.1514516129032	48.6627898550725
30	70	49.1359166666667	48.6645
29	71	49.1335344827586	48.6630985915493
28	72	49.1440178571429	48.6645833333333
27	73	49.1175	48.6607534246575
26	74	49.1136538461539	48.6562162162162
25	75	49.1129	48.6325666666667
24	76	49.1055208333333	48.6440460526316
23	77	49.1029347826087	48.6412012987013
22	78	49.1010227272727	48.6154166666667
21	79	49.0860714285714	48.6178481012658
20	80	49.10975	48.6190625
19	81	49.0748684210526	48.6136111111111
18	82	49.08	48.6114024390244
17	83	49.0776470588235	48.6203313253012
16	84	49.08109375	48.5989285714286
15	85	49.069	48.5834411764706
14	86	49.0703571428572	48.5972093023256
13	87	49.0728846153846	48.5818103448276
12	88	49.0277083333333	48.5722727272727
11	89	49.0681818181818	48.5749157303371
10	90	49.04025	48.5694166666667
9	91	49.0225	48.5641483516484
8	92	49.0284375	48.5582336956522
7	93	49.0392857142857	48.5658064516129
6	94	49.0320833333333	48.5546542553191
5	95	49.0075	48.549947368421
4	96	49.004375	48.5498697916667
3	97	49.0575	48.5364432989691
2	98	48.9725	48.5270918367347
1	99	49.0075	48.5369949494949
0	100	0	48.523825
