num_of_shame_driven_denying	num_of_guilt_driven_amending	average_fitness_of_shame_driven_denying	average_fitness_of_guilt_driven_amending
100	0	48.52595	0
99	1	48.5350252525253	47.9825
98	2	48.545306122449	47.9
97	3	48.5538144329897	47.8675
96	4	48.5846614583334	47.953125
95	5	48.5919210526316	47.915
94	6	48.6107712765957	47.9983333333333
93	7	48.6171505376344	47.9271428571429
92	8	48.6332336956522	48.000625
91	9	48.6416208791209	48.015
90	10	48.6619166666667	47.95125
89	11	48.6587640449438	48.0597727272727
88	12	48.6836931818181	48.0533333333333
87	13	48.701724137931	48.0367307692308
86	14	48.711511627907	48.0682142857143
85	15	48.7275882352941	48.0538333333333
84	16	48.7356845238095	48.0703125
83	17	48.7625301204819	48.1073529411765
82	18	48.7578658536585	48.1102777777778
81	19	48.7813271604938	48.116447368421
80	20	48.79446875	48.14625
79	21	48.7908544303798	48.1764285714286
78	22	48.8320192307692	48.1731818181818
77	23	48.8346428571429	48.1841304347826
76	24	48.8425328947369	48.2091666666667
75	25	48.8520333333333	48.1995
74	26	48.8706081081081	48.2333653846154
73	27	48.8890410958904	48.2523148148148
72	28	48.8929513888889	48.2861607142857
71	29	48.9278521126761	48.2840517241379
70	30	48.9257857142857	48.2936666666667
69	31	48.948768115942	48.2808870967742
68	32	48.94625	48.300390625
67	33	48.9593656716418	48.3125
66	34	48.9822348484848	48.3551470588235
65	35	48.9848846153846	48.3930714285714
64	36	49.016484375	48.3517361111111
63	37	49.0013888888889	48.3308783783784
62	38	49.0275403225806	48.3798684210526
61	39	49.0576639344262	48.416858974359
60	40	49.045875	48.4179375
59	41	49.0834745762712	48.4134146341464
58	42	49.0830172413793	48.4565476190476
57	43	49.1091228070175	48.4549418604651
56	44	49.1128125	48.4667613636364
55	45	49.1106363636364	48.4957777777778
54	46	49.1506018518518	48.4959239130435
53	47	49.1435849056604	48.5175
52	48	49.1744230769231	48.5063020833333
51	49	49.1728921568627	48.5082142857143
50	50	49.20855	48.54715
49	51	49.2166836734694	48.564068627451
48	52	49.2199479166667	48.5929326923077
47	53	49.2534042553192	48.595
46	54	49.2540217391305	48.585787037037
45	55	49.2703333333333	48.6257727272728
44	56	49.2735795454546	48.6314285714286
43	57	49.2822674418605	48.6555701754386
42	58	49.2944642857143	48.66
41	59	49.312743902439	48.6564406779661
40	60	49.3305	48.708375
39	61	49.3457692307692	48.6988524590164
38	62	49.3453947368421	48.7024193548387
37	63	49.3881756756757	48.7273809523809
36	64	49.3997222222222	48.7493359375
35	65	49.3810714285715	48.7565
34	66	49.4375	48.7650378787879
33	67	49.4374242424242	48.7898134328358
32	68	49.449296875	48.8024632352941
31	69	49.4470161290323	48.8000362318841
30	70	49.44575	48.7987142857143
29	71	49.4639655172414	48.8482746478873
28	72	49.448125	48.8464583333333
27	73	49.4838888888889	48.8667808219178
26	74	49.5334615384615	48.8373986486486
25	75	49.5508	48.9041
24	76	49.5392708333333	48.9045394736842
23	77	49.5573913043478	48.9456818181818
22	78	49.6028409090909	48.9415384615385
21	79	49.6153571428571	48.9485126582278
20	80	49.61525	48.9549375
19	81	49.6057894736842	48.957962962963
18	82	49.6151388888889	48.9846951219512
17	83	49.6639705882353	48.988734939759
16	84	49.630625	49.0053869047619
15	85	49.6858333333333	49.0334705882353
14	86	49.6503571428571	49.0324127906977
13	87	49.7023076923077	49.0563505747126
12	88	49.6941666666667	49.0450284090909
11	89	49.7279545454546	49.0751966292135
10	90	49.73525	49.0880277777778
9	91	49.7305555555555	49.1006318681319
8	92	49.7509375	49.1107608695652
7	93	49.7864285714286	49.1223924731183
6	94	49.7695833333333	49.1313829787234
5	95	49.825	49.1563947368421
4	96	49.82	49.169296875
3	97	49.755	49.209793814433
2	98	49.88	49.192193877551
1	99	49.8175	49.207398989899
0	100	0	49.23125
