num_of_shame_driven_hiding	num_of_Pavlov	average_fitness_of_shame_driven_hiding	average_fitness_of_Pavlov
100	0	49.5	0
99	1	49.4983585858586	67
98	2	49.4978316326531	67.485
97	3	49.4964948453608	67.2333333333334
96	4	49.4953645833333	67.213125
95	5	49.4957368421053	67.1415
94	6	49.4948936170213	67.22
93	7	49.49	67.0625
92	8	49.4900543478261	67.0840625
91	9	49.49	67.4788888888889
90	10	49.4909722222222	67.49
89	11	49.490393258427	67.3754545454546
88	12	49.4884375	67.1941666666667
87	13	49.4870114942529	67.1728846153846
86	14	49.4862790697674	67.2907142857143
85	15	49.484794117647	67.2678333333333
84	16	49.4796428571429	67.2525
83	17	49.4817469879518	67.0702941176471
82	18	49.4835365853658	66.9294444444445
81	19	49.482438271605	67.2778947368421
80	20	49.478875	67.4145
79	21	49.4725949367089	67.1696428571429
78	22	49.4739102564103	67.3464772727273
77	23	49.4763961038961	67.1229347826087
76	24	49.4746710526316	67.1148958333333
75	25	49.4718333333333	67.1801
74	26	49.4744256756757	67.2635576923077
73	27	49.4736643835616	67.2818518518518
72	28	49.4722222222222	67.3825892857143
71	29	49.4694014084507	67.283275862069
70	30	49.4729285714286	67.3941666666667
69	31	49.4645289855072	67.3740322580645
68	32	49.4644852941176	67.35328125
67	33	49.4650373134328	67.4434848484848
66	34	49.4644696969697	67.4208823529411
65	35	49.4615	67.1415
64	36	49.468828125	67.2704861111112
63	37	49.4561904761905	67.3858108108108
62	38	49.4577419354839	67.3823026315789
61	39	49.4582786885246	67.2194230769231
60	40	49.4570416666667	67.1380625
59	41	49.4564406779661	67.3876219512195
58	42	49.4595689655173	67.2564880952381
57	43	49.457149122807	67.1823255813953
56	44	49.4516071428571	67.2077840909091
55	45	49.457	67.2889444444445
54	46	49.4543518518519	67.2981521739131
53	47	49.4520754716981	67.353829787234
52	48	49.4527403846154	67.2665104166667
51	49	49.4492647058823	67.199693877551
50	50	49.4465	67.25775
49	51	49.4465816326531	67.3689705882353
48	52	49.4516666666667	67.2114903846154
47	53	49.4346276595745	67.3203301886792
46	54	49.4449456521739	67.2426388888889
45	55	49.4441111111111	67.2043181818182
44	56	49.4326704545454	67.2744196428571
43	57	49.4358139534884	67.327149122807
42	58	49.4329166666667	67.1975862068965
41	59	49.4401829268292	67.3512288135593
40	60	49.44375	67.213875
39	61	49.4362820512821	67.2940983606557
38	62	49.4384868421053	67.3993548387097
37	63	49.4240540540541	67.4146825396826
36	64	49.4332638888889	67.3894921875
35	65	49.4237857142857	67.3451923076923
34	66	49.4172794117647	67.1139772727273
33	67	49.4214393939394	67.2062686567164
32	68	49.41953125	67.2241911764706
31	69	49.4241935483871	67.2829347826087
30	70	49.4269166666667	67.3547142857143
29	71	49.4273275862069	67.3121126760563
28	72	49.4351785714286	67.2709722222222
27	73	49.4190740740741	67.2361301369863
26	74	49.4301923076923	67.204527027027
25	75	49.4232	67.2596
24	76	49.4119791666667	67.3226315789474
23	77	49.420652173913	67.2913636363636
22	78	49.4180681818182	67.228108974359
21	79	49.4340476190476	67.1987341772152
20	80	49.425375	67.3253125
19	81	49.4190789473684	67.2278703703703
18	82	49.3938888888889	67.294237804878
17	83	49.4242647058823	67.2496686746988
16	84	49.4178125	67.2138988095238
15	85	49.4108333333334	67.3102941176471
14	86	49.4335714285714	67.1843604651163
13	87	49.42	67.2612356321839
12	88	49.4145833333333	67.2350852272727
11	89	49.4106818181818	67.1422471910112
10	90	49.414	67.3028055555555
9	91	49.4205555555556	67.2141483516483
8	92	49.4078125	67.2228260869565
7	93	49.3825	67.2075806451613
6	94	49.3845833333333	67.2837234042553
5	95	49.386	67.247052631579
4	96	49.393125	67.3408072916667
3	97	49.3983333333333	67.2272164948453
2	98	49.39	67.1184693877551
1	99	49.4075	67.2257828282828
0	100	0	67.217
