num_of_shame_driven_hiding	num_of_guilt_driven_amending	average_fitness_of_shame_driven_hiding	average_fitness_of_guilt_driven_amending
100	0	49.5	0
99	1	49.5087121212122	48.49
98	2	49.5163520408163	48.37
97	3	49.5259536082475	48.405
96	4	49.5344791666667	48.37
95	5	49.5406315789474	48.3945
94	6	49.5502127659575	48.4
93	7	49.556935483871	48.4182142857143
92	8	49.568125	48.4875
91	9	49.5780769230769	48.4702777777778
90	10	49.5858611111111	48.452
89	11	49.5963202247191	48.465
88	12	49.6074431818182	48.4216666666667
87	13	49.6087931034482	48.4546153846154
86	14	49.618226744186	48.5096428571429
85	15	49.6328823529412	48.5055
84	16	49.6407142857143	48.50453125
83	17	49.6393674698795	48.5142647058823
82	18	49.653506097561	48.5158333333333
81	19	49.6609259259259	48.5244736842105
80	20	49.6723125	48.55775
79	21	49.674082278481	48.5559523809524
78	22	49.6897756410257	48.5345454545455
77	23	49.6886038961039	48.5636956521739
76	24	49.7037828947368	48.5509375
75	25	49.7135	48.5886
74	26	49.7193581081081	48.5763461538462
73	27	49.7298287671233	48.5877777777778
72	28	49.7425	48.606875
71	29	49.744823943662	48.6042241379311
70	30	49.7623214285714	48.6116666666667
69	31	49.7667028985507	48.6215322580645
68	32	49.7753308823529	48.649296875
67	33	49.7820895522388	48.6287878787879
66	34	49.7971212121212	48.6593382352941
65	35	49.7970769230769	48.6793571428571
64	36	49.8026171875	48.6794444444445
63	37	49.8184523809524	48.7014864864865
62	38	49.8266935483871	48.6809210526316
61	39	49.8401229508197	48.6951923076923
60	40	49.8428333333333	48.694375
59	41	49.856906779661	48.7215243902439
58	42	49.859224137931	48.7348809523809
57	43	49.8755701754386	48.7345930232558
56	44	49.8723214285714	48.7585795454545
55	45	49.8873181818182	48.7535
54	46	49.9059722222222	48.7574456521739
53	47	49.9090566037736	48.7602659574468
52	48	49.9108653846154	48.779375
51	49	49.9221568627451	48.8142857142857
50	50	49.93425	48.80095
49	51	49.9433163265306	48.8297058823529
48	52	49.9431770833333	48.8272115384615
47	53	49.9629787234043	48.8238679245283
46	54	49.9540217391304	48.8126851851852
45	55	49.9631666666667	48.8497727272727
44	56	49.9894318181818	48.8384375
43	57	49.9856976744186	48.8755701754386
42	58	50.0002380952381	48.8652155172414
41	59	50.0080487804878	48.871906779661
40	60	50.0113125	48.8865
39	61	50.0289102564103	48.8945081967213
38	62	50.0316447368421	48.9096370967742
37	63	50.0133783783784	48.9078571428571
36	64	50.0492361111111	48.9113671875
35	65	50.0461428571428	48.9325769230769
34	66	50.0576470588235	48.9375378787879
33	67	50.075	48.9333955223881
32	68	50.076953125	48.948125
31	69	50.0897580645161	48.9565942028985
30	70	50.0984166666667	48.9793571428571
29	71	50.1121551724138	48.9742957746479
28	72	50.1183928571428	48.9863194444444
27	73	50.1494444444445	49.0045890410959
26	74	50.1284615384615	49.0043243243244
25	75	50.1492	49.0044333333333
24	76	50.1530208333333	49.0021052631579
23	77	50.1583695652174	49.0195779220779
22	78	50.1653409090909	49.0410256410256
21	79	50.1652380952381	49.0521835443038
20	80	50.2005	49.04315625
19	81	50.1952631578947	49.0632098765432
18	82	50.2213888888889	49.0889329268293
17	83	50.2376470588235	49.0827409638554
16	84	50.2084375	49.1029166666667
15	85	50.2196666666667	49.1104117647059
14	86	50.2491071428572	49.1119186046512
13	87	50.2338461538462	49.100316091954
12	88	50.235625	49.1177840909091
11	89	50.2706818181818	49.1463764044944
10	90	50.27375	49.1392777777778
9	91	50.2672222222222	49.1396428571429
8	92	50.274375	49.1534782608696
7	93	50.3267857142857	49.1733064516129
6	94	50.3325	49.1671276595744
5	95	50.3225	49.1791052631579
4	96	50.3175	49.198984375
3	97	50.31	49.193530927835
2	98	50.29375	49.2047448979592
1	99	50.365	49.219898989899
0	100	0	49.224775
