num_of_TFT_with_trembling_hand	num_of_shame_driven_denying	average_fitness_of_TFT_with_trembling_hand	average_fitness_of_shame_driven_denying
100	0	49.00785	0
99	1	48.9814141414141	49.52
98	2	48.9912244897959	49.49625
97	3	48.9778608247422	49.365
96	4	48.976953125	49.33625
95	5	48.9600789473684	49.416
94	6	48.9528457446808	49.4133333333333
93	7	48.940188172043	49.3671428571429
92	8	48.946847826087	49.36
91	9	48.9200824175824	49.38
90	10	48.9119722222222	49.33125
89	11	48.9113202247191	49.2925
88	12	48.9121590909091	49.31875
87	13	48.9017241379311	49.3092307692308
86	14	48.8763953488372	49.2835714285714
85	15	48.8726764705882	49.2928333333333
84	16	48.8641666666667	49.2771875
83	17	48.8660542168675	49.2630882352941
82	18	48.8526219512195	49.2802777777778
81	19	48.8533333333333	49.2667105263158
80	20	48.839375	49.25875
79	21	48.8360759493671	49.2208333333333
78	22	48.8163782051282	49.1970454545454
77	23	48.8042857142857	49.2029347826087
76	24	48.8008881578947	49.2269791666666
75	25	48.7823333333333	49.2115
74	26	48.7837162162162	49.2016346153846
73	27	48.7491438356165	49.1867592592593
72	28	48.7661805555556	49.1660714285714
71	29	48.7557746478873	49.1601724137931
70	30	48.7437142857143	49.1534166666667
69	31	48.7373913043478	49.1578225806452
68	32	48.7013602941176	49.150078125
67	33	48.7325373134328	49.1201515151515
66	34	48.69375	49.1189705882353
65	35	48.6838846153846	49.089
64	36	48.6873828125	49.0944444444444
63	37	48.6716666666667	49.0691216216217
62	38	48.6699596774194	49.0854605263158
61	39	48.6533606557377	49.0810897435897
60	40	48.6534166666667	49.0706875
59	41	48.6551271186441	49.0507926829268
58	42	48.6315948275862	49.0727976190476
57	43	48.6437280701754	49.0502906976744
56	44	48.6127232142857	49.0419318181818
55	45	48.6053181818182	49.0263333333334
54	46	48.5946759259259	48.9991304347826
53	47	48.6075943396226	48.9796808510638
52	48	48.5792788461539	48.9783854166667
51	49	48.5532352941177	48.9774489795918
50	50	48.5617	48.98465
49	51	48.5574489795918	48.9642156862745
48	52	48.5215625	48.9606730769231
47	53	48.5209574468085	48.9269811320755
46	54	48.5330434782609	48.9414814814815
45	55	48.5005	48.9349545454545
44	56	48.5106818181818	48.9170982142857
43	57	48.5054069767442	48.9126315789474
42	58	48.4728571428571	48.9018965517241
41	59	48.4667073170732	48.8993220338983
40	60	48.475125	48.8860416666666
39	61	48.458141025641	48.8731147540984
38	62	48.4536842105263	48.8602419354839
37	63	48.4597972972973	48.854126984127
36	64	48.4347222222223	48.8732421875
35	65	48.4255714285714	48.8342307692308
34	66	48.4218382352941	48.8418939393939
33	67	48.4162121212121	48.8071641791045
32	68	48.409140625	48.8111764705883
31	69	48.4004838709677	48.7890217391304
30	70	48.38775	48.7891071428571
29	71	48.3399137931034	48.7843661971831
28	72	48.3569642857143	48.7790972222222
27	73	48.3548148148148	48.7611643835616
26	74	48.3218269230769	48.7646959459459
25	75	48.3202	48.7456333333334
24	76	48.3159375	48.7388486842105
23	77	48.3279347826087	48.720974025974
22	78	48.3064772727273	48.7126923076923
21	79	48.3177380952381	48.7191772151899
20	80	48.325625	48.7000625
19	81	48.271447368421	48.7075
18	82	48.2701388888889	48.6898780487805
17	83	48.2542647058823	48.679578313253
16	84	48.205	48.6660416666667
15	85	48.2771666666667	48.6625588235294
14	86	48.2230357142857	48.6389534883721
13	87	48.2026923076923	48.6505747126437
12	88	48.2247916666667	48.6186363636364
11	89	48.2145454545454	48.6127528089888
10	90	48.18525	48.6216111111111
9	91	48.1927777777778	48.6047802197802
8	92	48.19	48.6036413043478
7	93	48.1567857142857	48.5920698924731
6	94	48.16875	48.5697074468085
5	95	48.08	48.5734210526316
4	96	48.125	48.5577083333334
3	97	48.1233333333333	48.5448969072165
2	98	48.235	48.5506887755102
1	99	47.9325	48.5256060606061
0	100	0	48.522025
