num_of_TFT_with_trembling_hand	num_of_shame_driven_hiding	average_fitness_of_TFT_with_trembling_hand	average_fitness_of_shame_driven_hiding
100	0	49.003825	0
99	1	49.0139646464646	49.8525
98	2	49.0128826530612	49.90625
97	3	49.0060567010309	49.8783333333333
96	4	48.98640625	49.899375
95	5	48.9996578947368	49.861
94	6	48.9663563829787	49.8545833333333
93	7	48.9633333333333	49.8917857142857
92	8	48.9740489130435	49.8440625
91	9	48.9528021978022	49.8927777777778
90	10	48.9733611111111	49.86475
89	11	48.9676123595506	49.8279545454545
88	12	48.9602840909091	49.8745833333334
87	13	48.9650862068966	49.8603846153846
86	14	48.9593313953488	49.8321428571429
85	15	48.9540588235294	49.8501666666666
84	16	48.9477380952381	49.84421875
83	17	48.9357831325301	49.8092647058823
82	18	48.9489634146342	49.8220833333333
81	19	48.9415432098765	49.8372368421052
80	20	48.9224375	49.81525
79	21	48.9337974683544	49.8022619047619
78	22	48.919358974359	49.7897727272727
77	23	48.9216558441559	49.8205434782609
76	24	48.9364473684211	49.7836458333334
75	25	48.9093666666667	49.7947
74	26	48.9089527027027	49.7991346153846
73	27	48.9095205479452	49.7897222222222
72	28	48.88125	49.7879464285714
71	29	48.8927464788732	49.7935344827586
70	30	48.8901071428571	49.779
69	31	48.8848913043478	49.773064516129
68	32	48.8787132352941	49.774140625
67	33	48.8835820895522	49.7702272727273
66	34	48.8572727272727	49.7604411764706
65	35	48.8719615384616	49.7657857142857
64	36	48.8595703125	49.7429861111111
63	37	48.8713888888889	49.7693918918919
62	38	48.85625	49.7548684210526
61	39	48.8297950819672	49.7434615384615
60	40	48.8436666666666	49.750375
59	41	48.8425	49.752256097561
58	42	48.8408189655173	49.7280357142857
57	43	48.8226754385965	49.7348255813954
56	44	48.8370535714286	49.7215909090909
55	45	48.8326818181818	49.7146666666666
54	46	48.7962037037037	49.7222282608695
53	47	48.8085377358491	49.7169680851064
52	48	48.824375	49.7078645833333
51	49	48.8154901960784	49.6964795918367
50	50	48.7965	49.7101
49	51	48.7941326530612	49.7017156862745
48	52	48.82078125	49.6933173076923
47	53	48.7933510638298	49.6864622641509
46	54	48.7708152173913	49.6765740740741
45	55	48.7952777777778	49.6894545454545
44	56	48.7776704545455	49.6680803571429
43	57	48.769476744186	49.6681140350877
42	58	48.7776190476191	49.6699137931035
41	59	48.7743292682927	49.6606355932203
40	60	48.7818125	49.6718333333333
39	61	48.7625641025641	49.6545491803279
38	62	48.7611184210526	49.6492338709677
37	63	48.7700675675676	49.6466666666666
36	64	48.75375	49.6441015625
35	65	48.7465	49.6415769230769
34	66	48.7090441176471	49.6407575757576
33	67	48.7286363636364	49.6323507462687
32	68	48.73640625	49.6361764705882
31	69	48.7278225806452	49.6269202898551
30	70	48.7309166666667	49.6154285714286
29	71	48.7093965517241	49.6191197183098
28	72	48.725	49.6053472222222
27	73	48.7241666666667	49.6104794520548
26	74	48.7022115384616	49.603445945946
25	75	48.7031	49.6046333333333
24	76	48.6947916666667	49.6020065789474
23	77	48.6884782608696	49.5874025974026
22	78	48.6842045454546	49.5887820512821
21	79	48.6780952380952	49.585
20	80	48.70325	49.5839375
19	81	48.6378947368421	49.5804938271605
18	82	48.6580555555555	49.573506097561
17	83	48.6760294117647	49.5631626506024
16	84	48.68109375	49.5646428571429
15	85	48.6663333333333	49.5621764705883
14	86	48.6766071428571	49.5542732558139
13	87	48.6413461538462	49.5525574712644
12	88	48.635	49.5477556818182
11	89	48.5870454545454	49.5421629213483
10	90	48.6515	49.5381388888889
9	91	48.665	49.5349450549451
8	92	48.6025	49.5341032608695
7	93	48.6589285714286	49.5313172043011
6	94	48.5845833333333	49.5238829787234
5	95	48.6555	49.521
4	96	48.57125	49.51640625
3	97	48.6741666666667	49.5088659793815
2	98	48.61125	49.5069642857143
1	99	48.5275	49.5040404040404
0	100	0	49.5
