num_of_tit_for_tat	num_of_guilt_driven_amending	average_fitness_of_tit_for_tat	average_fitness_of_guilt_driven_amending
100	0	50	0
99	1	49.9878282828283	50.37
98	2	49.9727806122449	50.38125
97	3	49.9667525773196	50.3358333333333
96	4	49.953828125	50.306875
95	5	49.9414736842105	50.263
94	6	49.9354521276596	50.2770833333334
93	7	49.9146774193548	50.2689285714286
92	8	49.9056793478261	50.328125
91	9	49.8979395604396	50.2447222222222
90	10	49.8912777777778	50.255
89	11	49.8742696629213	50.2013636363636
88	12	49.8661931818182	50.2483333333334
87	13	49.8461781609195	50.2203846153846
86	14	49.8450581395349	50.2369642857143
85	15	49.8274117647059	50.2073333333333
84	16	49.8113988095238	50.1778125
83	17	49.8105421686747	50.1923529411765
82	18	49.7980182926829	50.1761111111111
81	19	49.7894135802469	50.1434210526316
80	20	49.76490625	50.126125
79	21	49.758829113924	50.1157142857143
78	22	49.7515064102564	50.12875
77	23	49.7302272727273	50.103152173913
76	24	49.7251644736842	50.0785416666667
75	25	49.7143	50.0983
74	26	49.7044932432433	50.0765384615385
73	27	49.6918493150685	50.0348148148148
72	28	49.6915277777778	50.0439285714286
71	29	49.6668661971831	50.0551724137931
70	30	49.65875	49.9991666666666
69	31	49.6426086956522	50.0066935483871
68	32	49.6426470588235	50.00734375
67	33	49.6172014925373	50.0082575757576
66	34	49.6105681818182	49.9952205882353
65	35	49.5992307692308	49.9752857142857
64	36	49.5873828125	49.9770833333333
63	37	49.5734126984127	49.9660135135135
62	38	49.5666935483871	49.9423684210526
61	39	49.5513114754098	49.9221794871795
60	40	49.53875	49.91625
59	41	49.5391949152542	49.8988414634146
58	42	49.5138362068965	49.8967261904762
57	43	49.5127192982456	49.8833720930233
56	44	49.4873214285714	49.871875
55	45	49.4831818181818	49.8498888888889
54	46	49.4696759259259	49.8473369565218
53	47	49.466462264151	49.8345212765957
52	48	49.4489903846154	49.8244270833334
51	49	49.4334803921568	49.8109693877551
50	50	49.4181	49.80945
49	51	49.4130102040816	49.8072549019608
48	52	49.42734375	49.771875
47	53	49.3886702127659	49.7571226415094
46	54	49.3664673913043	49.7447222222222
45	55	49.3655	49.7133636363636
44	56	49.3540909090909	49.725625
43	57	49.3484302325582	49.6939912280702
42	58	49.3386904761905	49.7013362068965
41	59	49.3162195121951	49.6903813559322
40	60	49.299125	49.678625
39	61	49.2933974358974	49.672868852459
38	62	49.2892105263158	49.6678629032258
37	63	49.2610810810811	49.6510317460318
36	64	49.2583333333333	49.633125
35	65	49.2516428571428	49.6238461538461
34	66	49.2340441176471	49.6256439393939
33	67	49.2394696969697	49.5976492537313
32	68	49.2146875	49.5852573529412
31	69	49.2062903225806	49.5798188405797
30	70	49.18625	49.5648928571429
29	71	49.1964655172414	49.5416197183099
28	72	49.1850892857143	49.5319444444445
27	73	49.16	49.5244863013699
26	74	49.1357692307692	49.5210810810811
25	75	49.1404	49.5151333333333
24	76	49.1254166666667	49.5338157894737
23	77	49.1310869565217	49.4784090909091
22	78	49.0960227272727	49.4692948717949
21	79	49.0932142857143	49.4721518987342
20	80	49.08025	49.45503125
19	81	49.046447368421	49.4491666666667
18	82	49.0411111111111	49.4491463414634
17	83	49.0285294117647	49.4128313253012
16	84	49.03171875	49.3973214285714
15	85	49.0383333333333	49.3807941176471
14	86	49.0046428571429	49.3789244186047
13	87	49.0098076923077	49.3546551724138
12	88	48.9683333333333	49.3698579545455
11	89	48.9488636363636	49.3427247191011
10	90	48.93675	49.3356944444444
9	91	48.9733333333334	49.3181043956044
8	92	48.9359375	49.3171739130435
7	93	48.9217857142857	49.299811827957
6	94	48.935	49.2997606382979
5	95	48.937	49.2755
4	96	48.915625	49.2628125
3	97	48.9608333333333	49.2643041237113
2	98	48.82625	49.2344642857143
1	99	48.8125	49.2263383838384
0	100	0	49.2397
