num_of_tit_for_tat	num_of_shame_driven_denying	average_fitness_of_tit_for_tat	average_fitness_of_shame_driven_denying
100	0	50	0
99	1	49.9737373737374	50.9275
98	2	49.9501275510204	50.965
97	3	49.9199742268041	50.9225
96	4	49.8959114583333	50.961875
95	5	49.8790526315789	50.9065
94	6	49.8503989361702	50.88
93	7	49.8198924731183	50.84
92	8	49.7969293478261	50.81875
91	9	49.7829945054945	50.7963888888889
90	10	49.7394166666666	50.7735
89	11	49.7219662921348	50.7540909090909
88	12	49.7061363636363	50.7429166666667
87	13	49.6748275862069	50.6723076923077
86	14	49.639011627907	50.6623214285714
85	15	49.6158529411765	50.6451666666667
84	16	49.5923511904762	50.62171875
83	17	49.5849397590362	50.6164705882353
82	18	49.5411585365854	50.5888888888889
81	19	49.5245679012346	50.5623684210527
80	20	49.4975	50.5325
79	21	49.4754113924051	50.4925
78	22	49.4393269230769	50.4627272727273
77	23	49.4216558441559	50.4148913043478
76	24	49.3952302631579	50.4310416666667
75	25	49.3647333333333	50.403
74	26	49.3322972972973	50.3615384615385
73	27	49.3255479452055	50.3613888888889
72	28	49.3103125	50.2999107142857
71	29	49.2673943661972	50.3052586206897
70	30	49.2472142857143	50.2635833333333
69	31	49.2254347826087	50.244435483871
68	32	49.1915441176471	50.186328125
67	33	49.1739179104478	50.199696969697
66	34	49.1406060606061	50.1807352941176
65	35	49.1368076923077	50.1509285714286
64	36	49.0828125	50.1101388888889
63	37	49.0665873015873	50.1056081081081
62	38	49.0501209677419	50.0492105263158
61	39	49.0327049180328	50.0380128205128
60	40	48.986125	50.02575
59	41	48.9751271186441	49.9965243902439
58	42	48.929525862069	49.9751785714286
57	43	48.9202192982456	49.9261046511628
56	44	48.8923660714286	49.9261363636364
55	45	48.8755	49.8928888888889
54	46	48.8550925925926	49.86125
53	47	48.823820754717	49.8214361702128
52	48	48.7657692307692	49.7876041666667
51	49	48.7450490196079	49.7631632653062
50	50	48.73335	49.75245
49	51	48.7141836734694	49.7547058823529
48	52	48.7046875	49.7159134615385
47	53	48.6814893617021	49.6739622641509
46	54	48.6429891304348	49.6428240740741
45	55	48.6297222222222	49.6380454545455
44	56	48.5882386363636	49.6297767857143
43	57	48.5345348837209	49.5777192982456
42	58	48.5357142857143	49.5763793103448
41	59	48.5345731707317	49.5283050847458
40	60	48.505	49.5117083333333
39	61	48.4655769230769	49.4895491803279
38	62	48.4242763157894	49.4532258064516
37	63	48.4227702702703	49.4583333333334
36	64	48.3715972222222	49.4255859375
35	65	48.346	49.3814230769231
34	66	48.3474264705883	49.377803030303
33	67	48.3162878787879	49.3325746268657
32	68	48.26703125	49.3349632352941
31	69	48.2579032258065	49.3010144927536
30	70	48.2655833333333	49.2664285714286
29	71	48.2193103448276	49.2391901408451
28	72	48.200625	49.2012847222222
27	73	48.1535185185185	49.2003424657534
26	74	48.1506730769231	49.1720608108108
25	75	48.0802	49.1522
24	76	48.0477083333334	49.1142105263158
23	77	48.0233695652174	49.0787337662337
22	78	48.04875	49.0850961538462
21	79	48.0352380952381	49.0300632911392
20	80	47.997625	49.02453125
19	81	47.9509210526316	48.9911728395062
18	82	47.9356944444445	48.9631707317073
17	83	47.9126470588235	48.947078313253
16	84	47.849375	48.9109523809524
15	85	47.874	48.8935882352941
14	86	47.8233928571428	48.8595058139535
13	87	47.8205769230769	48.8538218390805
12	88	47.7995833333333	48.8222159090909
11	89	47.7820454545454	48.7934831460674
10	90	47.734	48.7691388888889
9	91	47.6652777777778	48.7595604395604
8	92	47.694375	48.7216304347826
7	93	47.6342857142857	48.6964247311828
6	94	47.6445833333334	48.6589095744681
5	95	47.6055	48.6481578947368
4	96	47.576875	48.630703125
3	97	47.5391666666667	48.5993041237113
2	98	47.54	48.5749234693877
1	99	47.42	48.5410353535354
0	100	0	48.5175
