num_of_tit_for_tat	num_of_shame_driven_hiding	average_fitness_of_tit_for_tat	average_fitness_of_shame_driven_hiding
100	0	50	0
99	1	49.9784848484849	51.5
98	2	49.9612244897959	51.475
97	3	49.9416494845361	51.45
96	4	49.9226041666667	51.435
95	5	49.8966315789474	51.412
94	6	49.8839361702128	51.4033333333333
93	7	49.8564516129033	51.38
92	8	49.8469565217391	51.3875
91	9	49.8186813186813	51.3211111111111
90	10	49.8021111111111	51.321
89	11	49.7770786516854	51.2972727272728
88	12	49.7601136363636	51.2858333333333
87	13	49.7334482758621	51.283076923077
86	14	49.7217441860465	51.2485714285714
85	15	49.7025882352941	51.2133333333334
84	16	49.6727380952381	51.21
83	17	49.6657831325301	51.1952941176471
82	18	49.635731707317	51.1466666666667
81	19	49.6140740740741	51.1389473684211
80	20	49.604125	51.111
79	21	49.5737974683544	51.1004761904762
78	22	49.5448717948718	51.0736363636364
77	23	49.5335064935065	51.0621739130435
76	24	49.5106578947368	51.03625
75	25	49.4886666666667	51.0124
74	26	49.4664864864865	51.0053846153846
73	27	49.4664383561644	50.9840740740741
72	28	49.4316666666667	50.9414285714286
71	29	49.4153521126761	50.9427586206896
70	30	49.402	50.907
69	31	49.3665217391304	50.9074193548387
68	32	49.3577941176471	50.87875
67	33	49.3270149253731	50.8706060606061
66	34	49.3128787878788	50.8473529411765
65	35	49.2836923076923	50.8288571428571
64	36	49.273125	50.7872222222222
63	37	49.2587301587302	50.7705405405405
62	38	49.2396774193548	50.7652631578947
61	39	49.215737704918	50.7276923076923
60	40	49.1803333333333	50.7135
59	41	49.1861016949152	50.7034146341463
58	42	49.1606896551724	50.6747619047619
57	43	49.1459649122807	50.6648837209303
56	44	49.1069642857143	50.6436363636364
55	45	49.0941818181818	50.6217777777778
54	46	49.0698148148148	50.575652173913
53	47	49.0598113207547	50.5755319148936
52	48	49.0207692307692	50.5816666666667
51	49	49.0266666666667	50.54
50	50	49.004	50.515
49	51	48.9657142857143	50.4872549019608
48	52	48.9608333333333	50.4625
47	53	48.9255319148937	50.457358490566
46	54	48.9115217391304	50.4225925925926
45	55	48.8893333333334	50.3923636363637
44	56	48.8656818181818	50.39
43	57	48.8509302325581	50.3789473684211
42	58	48.8271428571428	50.3458620689655
41	59	48.8121951219512	50.3372881355932
40	60	48.802	50.3135
39	61	48.77	50.3065573770492
38	62	48.7518421052632	50.2708064516129
37	63	48.7275675675676	50.2522222222222
36	64	48.6952777777778	50.22578125
35	65	48.6622857142857	50.2203076923077
34	66	48.6714705882353	50.1910606060606
33	67	48.6566666666667	50.1694029850746
32	68	48.6525	50.1554411764706
31	69	48.6087096774194	50.1301449275363
30	70	48.5753333333333	50.0928571428572
29	71	48.5624137931035	50.0864788732395
28	72	48.5367857142857	50.0519444444444
27	73	48.5403703703704	50.0367123287671
26	74	48.5111538461539	50.0264864864865
25	75	48.4896	50.0092
24	76	48.47	49.9927631578947
23	77	48.4443478260869	49.9653246753247
22	78	48.3877272727273	49.9414102564103
21	79	48.3880952380953	49.9272151898735
20	80	48.4035	49.903125
19	81	48.3463157894737	49.8830864197531
18	82	48.3572222222222	49.8515853658537
17	83	48.3294117647059	49.8420481927711
16	84	48.296875	49.8296428571429
15	85	48.2913333333333	49.8105882352941
14	86	48.2807142857143	49.7851162790698
13	87	48.2446153846154	49.7695402298851
12	88	48.2366666666667	49.7501136363636
11	89	48.1772727272727	49.7221348314607
10	90	48.183	49.6965555555556
9	91	48.1788888888889	49.6851648351649
8	92	48.14625	49.6605434782608
7	93	48.1342857142857	49.646129032258
6	94	48.1066666666667	49.6224468085107
5	95	48.098	49.6035789473684
4	96	48.0725	49.5841666666667
3	97	48.04	49.5589690721649
2	98	48.03	49.5386734693878
1	99	48	49.5214141414141
0	100	0	49.5
