num_of_tit_for_tat	num_of_TFT_with_trembling_hand	average_fitness_of_tit_for_tat	average_fitness_of_TFT_with_trembling_hand
100	0	50	0
99	1	49.9832828282828	50.5
98	2	49.9729591836735	50.4275
97	3	49.9546907216495	50.5466666666667
96	4	49.9334114583333	50.568125
95	5	49.9146052631579	50.543
94	6	49.8979787234042	50.4666666666667
93	7	49.8916666666667	50.5128571428571
92	8	49.8770652173913	50.493125
91	9	49.8612362637362	50.4538888888889
90	10	49.8359166666667	50.48975
89	11	49.8290730337079	50.4272727272727
88	12	49.8122159090909	50.3820833333333
87	13	49.7958333333333	50.3578846153847
86	14	49.7775	50.4078571428572
85	15	49.7609411764706	50.3655
84	16	49.741130952381	50.35359375
83	17	49.739186746988	50.340294117647
82	18	49.7103048780488	50.2819444444445
81	19	49.6983950617284	50.2943421052632
80	20	49.68325	50.262
79	21	49.6633860759494	50.2525
78	22	49.6590064102564	50.2259090909091
77	23	49.6291558441559	50.2515217391304
76	24	49.6232565789474	50.2377083333334
75	25	49.6075	50.217
74	26	49.5899662162162	50.1952884615385
73	27	49.572294520548	50.197037037037
72	28	49.5637847222222	50.1723214285714
71	29	49.5241901408451	50.1203448275862
70	30	49.5210714285714	50.1090833333333
69	31	49.5129347826087	50.1078225806452
68	32	49.4980147058823	50.11453125
67	33	49.4863432835821	50.0592424242424
66	34	49.4501893939394	50.0588235294118
65	35	49.4436153846154	50.0787142857143
64	36	49.4275390625	50.0313888888889
63	37	49.4122222222222	49.9975
62	38	49.3789516129033	49.9938157894737
61	39	49.3693032786885	49.9816025641026
60	40	49.3695416666667	49.9319375
59	41	49.326906779661	49.9429268292683
58	42	49.3278879310345	49.9334523809524
57	43	49.3056140350877	49.9229651162791
56	44	49.2856696428571	49.8889204545455
55	45	49.2750909090909	49.8851666666667
54	46	49.2713425925926	49.8759782608696
53	47	49.2417452830189	49.8596808510638
52	48	49.2452884615384	49.8558854166667
51	49	49.199068627451	49.8298469387755
50	50	49.1965	49.8051
49	51	49.1985714285714	49.7795588235294
48	52	49.1709375	49.7599519230769
47	53	49.171914893617	49.7519339622642
46	54	49.1374456521739	49.7296296296296
45	55	49.13	49.7295
44	56	49.1045454545455	49.7292857142857
43	57	49.0687790697674	49.6913596491228
42	58	49.0613690476191	49.6987068965517
41	59	49.0667682926829	49.6715254237288
40	60	49.047625	49.6370833333334
39	61	49.0382692307692	49.6268442622951
38	62	48.9988157894737	49.6249596774193
37	63	48.9847297297297	49.5930158730159
36	64	48.9730555555556	49.592265625
35	65	48.9573571428571	49.5687307692308
34	66	48.9379411764706	49.5357196969697
33	67	48.9259090909091	49.5245895522388
32	68	48.914453125	49.5350367647059
31	69	48.9166935483871	49.4890579710145
30	70	48.8830833333333	49.4741071428572
29	71	48.8628448275862	49.4643661971831
28	72	48.8375892857143	49.4413194444445
27	73	48.8668518518518	49.4596232876712
26	74	48.8415384615384	49.4281081081081
25	75	48.7564	49.4071
24	76	48.7861458333333	49.394572368421
23	77	48.7519565217391	49.3886038961039
22	78	48.7455681818182	49.3627564102564
21	79	48.7419047619048	49.3641772151899
20	80	48.702375	49.3304375
19	81	48.7098684210526	49.3177469135802
18	82	48.6656944444444	49.3045121951219
17	83	48.6669117647059	49.288765060241
16	84	48.6428125	49.2841964285714
15	85	48.6898333333333	49.2390588235294
14	86	48.6314285714286	49.2378779069767
13	87	48.5648076923077	49.2247413793103
12	88	48.6154166666667	49.1994602272727
11	89	48.5679545454545	49.19
10	90	48.56825	49.1666944444444
9	91	48.5555555555556	49.1570604395604
8	92	48.5409375	49.1422554347826
7	93	48.5039285714286	49.1220698924731
6	94	48.4929166666667	49.104414893617
5	95	48.4995	49.1094473684211
4	96	48.413125	49.077421875
3	97	48.4533333333333	49.0578865979382
2	98	48.41	49.055943877551
1	99	48.355	49.0332070707071
0	100	0	49.005275
