num_of_tit_for_tat	num_of_Pavlov	average_fitness_of_tit_for_tat	average_fitness_of_Pavlov
100	0	50	0
99	1	49.977196969697	68.405
98	2	49.9585459183673	68.105
97	3	49.9422680412371	68.5916666666667
96	4	49.9150520833333	68.0475
95	5	49.8916842105263	68.448
94	6	49.8746010638298	67.9933333333333
93	7	49.8494623655914	67.9939285714286
92	8	49.8277989130435	68.133125
91	9	49.8076373626374	67.7444444444444
90	10	49.7961111111111	68.27875
89	11	49.7708988764045	67.9618181818182
88	12	49.7522443181818	68.2102083333333
87	13	49.7302586206897	68.2784615384615
86	14	49.7021220930232	67.8430357142857
85	15	49.6783235294118	68.019
84	16	49.6629166666666	68.1071875
83	17	49.6344578313253	67.8610294117647
82	18	49.6185975609756	67.9265277777778
81	19	49.5958024691358	67.8077631578948
80	20	49.5803125	67.849375
79	21	49.548164556962	68.0257142857143
78	22	49.5305448717949	67.7369318181818
77	23	49.5225974025974	67.8092391304348
76	24	49.4950328947368	67.7115625
75	25	49.4755	68.008
74	26	49.4456081081081	67.8005769230769
73	27	49.4287671232877	67.9289814814815
72	28	49.4102083333333	68.0750892857143
71	29	49.3790492957747	67.8175
70	30	49.3771071428571	67.6616666666666
69	31	49.3382608695652	67.9083870967742
68	32	49.3211764705882	67.63359375
67	33	49.3047388059702	67.8653787878788
66	34	49.285946969697	67.8298529411765
65	35	49.2611538461538	67.9255714285714
64	36	49.2512890625	67.8765277777778
63	37	49.2088492063492	68.0143243243243
62	38	49.1914919354839	67.8198684210526
61	39	49.1750819672131	67.8346153846154
60	40	49.1594583333333	67.784
59	41	49.1414406779661	67.7692682926829
58	42	49.1178448275862	67.7199404761905
57	43	49.0784210526316	67.7631976744186
56	44	49.0609375	67.6238636363636
55	45	49.0472272727273	67.8291666666667
54	46	49.0387037037037	67.8145652173913
53	47	49.0053301886792	67.7959574468085
52	48	48.9733653846154	67.7851041666667
51	49	48.9818137254902	67.6195918367347
50	50	48.92385	67.8145
49	51	48.9225510204081	67.845294117647
48	52	48.8958854166666	67.6270192307692
47	53	48.891329787234	67.8484433962264
46	54	48.8476086956521	67.7510648148148
45	55	48.845	67.7510909090909
44	56	48.8276136363636	67.5866964285715
43	57	48.8068604651163	67.615701754386
42	58	48.7823214285714	67.5980172413793
41	59	48.7564024390244	67.4847457627119
40	60	48.74	67.6899583333333
39	61	48.7023717948718	67.7474590163934
38	62	48.7065131578948	67.543064516129
37	63	48.6761486486486	67.7275
36	64	48.661875	67.701015625
35	65	48.6160714285714	67.5623461538461
34	66	48.6066176470588	67.6273863636364
33	67	48.604696969697	67.5030970149253
32	68	48.558125	67.6083455882353
31	69	48.5579838709677	67.5600724637681
30	70	48.539	67.4881428571429
29	71	48.4991379310345	67.5658802816901
28	72	48.4723214285714	67.5007291666666
27	73	48.4419444444444	67.5009589041096
26	74	48.4321153846154	67.4524324324324
25	75	48.4117	67.5726666666667
24	76	48.3954166666667	67.4622368421052
23	77	48.3683695652174	67.5273051948052
22	78	48.3697727272727	67.500641025641
21	79	48.3460714285714	67.4274683544304
20	80	48.29475	67.4183125
19	81	48.2773684210526	67.4558024691358
18	82	48.2275	67.4203658536585
17	83	48.264705882353	67.4680722891566
16	84	48.2565625	67.4151488095238
15	85	48.208	67.3618823529412
14	86	48.1885714285715	67.3443023255814
13	87	48.1784615384615	67.4226436781609
12	88	48.1016666666667	67.3675852272727
11	89	48.1145454545455	67.3888764044944
10	90	48.10075	67.2414444444445
9	91	48.1116666666667	67.3082967032967
8	92	48.0721875	67.2472282608695
7	93	48.0307142857143	67.2283064516129
6	94	48.01	67.3469414893617
5	95	47.979	67.3049210526316
4	96	47.948125	67.1907552083333
3	97	47.9575	67.2828350515464
2	98	47.92375	67.2024234693877
1	99	47.8825	67.1942929292929
0	100	0	67.130375
