num_of_always_cooperate	num_of_guilt_driven_amending	average_fitness_of_always_cooperate	average_fitness_of_guilt_driven_amending
20	0	100	0
19	1	98.1963157894737	117.02
18	2	96.4277777777777	114.855
17	3	94.6517647058824	112.278333333333
16	4	92.83625	110.09625
15	5	91.1666666666666	107.487
14	6	89.3807142857143	105.515833333333
13	7	87.5892307692307	103.126428571429
12	8	85.7541666666666	100.971875
11	9	83.9627272727273	98.47
10	10	82.195	96.072
9	11	80.42	93.8622727272728
8	12	78.495	91.7154166666667
7	13	76.56	89.3357692307693
6	14	74.91	87.0635714285714
5	15	73.364	84.7416666666667
4	16	71.5775	82.313125
3	17	69.58	80.1314705882353
2	18	67.955	77.8308333333333
1	19	66.33	75.5481578947368
0	20	0	73.23225
