num_of_always_trembling	num_of_Pavlov	average_fitness_of_always_trembling	average_fitness_of_Pavlov
20	0	50.056	0
19	1	50.2271052631579	50.205
18	2	50.7175	49.1525
17	3	51.0935294117647	50.305
16	4	51.655	51.115
15	5	51.319	50.899
14	6	51.7903571428572	51.5258333333333
13	7	52.1242307692308	51.4571428571429
12	8	52.4479166666667	52.1625
11	9	52.4368181818182	51.9172222222222
10	10	52.23	52.431
9	11	53.6038888888889	52.895
8	12	53.63	53.8070833333333
7	13	54.0407142857143	53.4176923076923
6	14	53.9991666666667	54.1532142857143
5	15	54.337	54.551
4	16	54.79	54.5275
3	17	54.1833333333333	54.9205882352941
2	18	55.9375	55.3291666666667
1	19	55.79	55.761052631579
0	20	0	55.9645
