num_of_always_defect	num_of_TFT_with_trembling_hand	average_fitness_of_always_defect	average_fitness_of_TFT_with_trembling_hand
20	0	0	0
19	1	0.998947368421053	-9.5
18	2	1.99944444444444	-6.22
17	3	2.99941176470588	-3.13666666666667
16	4	3.99875	0.26875
15	5	5	3.443
14	6	5.99857142857143	6.48833333333333
13	7	6.99769230769231	9.92928571428571
12	8	7.99916666666667	13.026875
11	9	8.99818181818182	16.1688888888889
10	10	9.997	19.295
9	11	10.9977777777778	22.7068181818182
8	12	11.9975	25.6591666666667
7	13	12.9957142857143	28.9538461538462
6	14	13.9966666666667	32.1721428571429
5	15	14.996	35.398
4	16	15.9975	38.525
3	17	16.9933333333333	41.8591176470588
2	18	17.995	45.135
1	19	18.99	48.2871052631579
0	20	0	51.5505
