num_of_always_cooperate	num_of_Pavlov	average_fitness_of_always_cooperate	average_fitness_of_Pavlov
20	0	100	0
19	1	95.4115789473685	147.85
18	2	90.8827777777778	144.805
17	3	86.3729411764706	139.896666666667
16	4	81.85625	134.41
15	5	77.084	129.933
14	6	72.9507142857142	124.945833333333
13	7	68.2169230769231	120.055
12	8	63.345	115.333125
11	9	59.0227272727273	110.464444444444
10	10	53.896	105.0685
9	11	49.4744444444445	100.729090909091
8	12	45.4275	95.37
7	13	40.7342857142857	90.4030769230769
6	14	36.1516666666667	85.7992857142857
5	15	32.918	80.711
4	16	27.2225	75.6990625
3	17	23.4933333333333	70.6755882352941
2	18	17.565	65.9075
1	19	12.58	61.1234210526316
0	20	0	56.0795
