num_of_always_trembling	num_of_shame_driven_hiding	average_fitness_of_always_trembling	average_fitness_of_shame_driven_hiding
20	0	49.7975	0
19	1	49.8921052631579	54.21
18	2	49.7908333333333	55.0525
17	3	49.3655882352941	55.045
16	4	49.325625	55.50375
15	5	48.7506666666667	56.527
14	6	48.2057142857143	57.135
13	7	48.2184615384615	57.9785714285714
12	8	47.9091666666667	58.758125
11	9	47.6722727272727	59.3572222222222
10	10	47.0125	59.9515
9	11	46.8472222222222	60.3868181818182
8	12	46.630625	60.4329166666667
7	13	45.7671428571429	60.0588461538462
6	14	45.4066666666667	59.0125
5	15	44.886	56.4143333333333
4	16	44.38125	53.0090625
3	17	43.55	48.2538235294118
2	18	42.84	41.8952777777778
1	19	41.74	33.8176315789474
0	20	0	23.492
