num_of_always_trembling	num_of_TFT_with_trembling_hand	average_fitness_of_always_trembling	average_fitness_of_TFT_with_trembling_hand
20	0	49.8865	0
19	1	49.8678947368421	51.74
18	2	49.6980555555556	51.785
17	3	49.2773529411765	51.565
16	4	49.6765625	51.595
15	5	49.107	51.621
14	6	48.6132142857143	51.555
13	7	48.4680769230769	51.9071428571429
12	8	48.5945833333333	51.528125
11	9	48.5572727272727	51.42
10	10	48.2225	51.7495
9	11	47.9	51.635
8	12	47.590625	51.7458333333333
7	13	47.4792857142857	51.7003846153846
6	14	47.1708333333333	51.3767857142857
5	15	47.018	51.685
4	16	46.79375	51.4940625
3	17	46.9433333333333	51.53
2	18	46.865	51.5363888888889
1	19	45.855	51.4434210526316
0	20	0	51.404
