num_of_guilt_driven_amending	num_of_Pavlov	average_fitness_of_guilt_driven_amending	average_fitness_of_Pavlov
20	0	73.201	0
19	1	72.0921052631579	51.84
18	2	71.0872222222222	52.41
17	3	69.9655882352941	52.0566666666667
16	4	68.8296875	52.86375
15	5	67.7876666666667	52.99
14	6	66.775	53.5991666666667
13	7	65.6026923076923	53.3621428571429
12	8	64.79125	53.821875
11	9	63.765	53.9688888888889
10	10	62.6825	54.4335
9	11	61.5638888888889	54.6681818181818
8	12	60.7725	54.775
7	13	59.2028571428571	54.8280769230769
6	14	58.0316666666666	55.0275
5	15	56.913	54.885
4	16	55.965	55.3796875
3	17	55.1583333333333	55.6079411764706
2	18	54.2825	55.8197222222222
1	19	52.055	56.1613157894737
0	20	0	56.09525
