num_of_shame_driven_hiding	num_of_guilt_driven_amending	average_fitness_of_shame_driven_hiding	average_fitness_of_guilt_driven_amending
20	0	23.712	0
19	1	25.9889473684211	36.86
18	2	28.0938888888889	61.2825
17	3	29.9670588235294	61.8983333333333
16	4	32.1309375	62.94875
15	5	34.867	63.763
14	6	37.0232142857143	64.6275
13	7	39.2707692307692	65.3471428571429
12	8	41.1041666666667	66.093125
11	9	43.4222727272727	66.8727777777778
10	10	45.558	67.5775
9	11	48.1383333333333	68.2495454545454
8	12	49.79375	68.85875
7	13	52.4285714285714	69.4696153846154
6	14	54.5258333333333	70.015
5	15	56.603	70.5976666666667
4	16	58.91875	71.1225
3	17	60.9533333333333	71.7264705882353
2	18	63.11	72.2347222222223
1	19	66.585	72.7568421052631
0	20	0	73.12975
