num_of_shame_driven_denying	num_of_Pavlov	average_fitness_of_shame_driven_denying	average_fitness_of_Pavlov
20	0	23.0165	0
19	1	25.8176315789474	18.025
18	2	28.8641666666667	20.9775
17	3	31.5823529411765	22.67
16	4	34.5546875	24.925
15	5	37.801	27.477
14	6	40.7264285714286	28.3941666666667
13	7	43.6476923076923	30.7764285714286
12	8	46.6133333333334	32.7975
11	9	49.5881818181818	34.3038888888889
10	10	52.602	36.0505
9	11	55.6338888888889	38.3022727272727
8	12	58.639375	40.6704166666667
7	13	61.7414285714285	42.1742307692308
6	14	64.8016666666667	44.4017857142857
5	15	67.696	46.2996666666666
4	16	69.95875	48.160625
3	17	73.4016666666667	50.3605882352941
2	18	76.2025	52.4855555555556
1	19	80.27	54.0752631578947
0	20	0	56.1575
