num_of_shame_driven_hiding	num_of_shame_driven_denying	average_fitness_of_shame_driven_hiding	average_fitness_of_shame_driven_denying
20	0	23.5085	0
19	1	23.6623684210526	23.565
18	2	23.4630555555556	23.4925
17	3	23.5635294117647	24.11
16	4	23.53375	23.29875
15	5	23.5223333333333	23.202
14	6	23.5553571428571	23.3633333333333
13	7	23.6973076923077	23.3564285714286
12	8	23.6691666666667	23.23
11	9	23.5477272727273	23.3794444444445
10	10	23.578	23.2265
9	11	23.6344444444444	23.0613636363636
8	12	23.504375	23.3783333333333
7	13	23.6928571428572	22.9511538461539
6	14	23.3383333333333	22.9725
5	15	23.688	23.1176666666667
4	16	23.565	23.0215625
3	17	23.42	22.9235294117647
2	18	23.375	22.9838888888889
1	19	23.505	22.8528947368421
0	20	0	22.637
