num_of_TFT_with_trembling_hand	num_of_guilt_driven_amending	average_fitness_of_TFT_with_trembling_hand	average_fitness_of_guilt_driven_amending
20	0	51.3995	0
19	1	52.0610526315789	53.25
18	2	52.7908333333333	54.885
17	3	53.5091176470588	55.9666666666667
16	4	54.1346875	56.67875
15	5	54.7363333333333	57.766
14	6	55.5739285714286	58.825
13	7	55.9930769230769	59.6285714285714
12	8	56.6825	60.976875
11	9	57.4277272727273	62.0355555555555
10	10	57.845	62.882
9	11	58.7783333333333	63.9322727272727
8	12	59.428125	65.0604166666667
7	13	59.9792857142857	66.1796153846154
6	14	60.4608333333333	67.0321428571429
5	15	61.175	68.0656666666667
4	16	62.1525	69.166875
3	17	62.9416666666667	70.125
2	18	63.0225	71.1772222222222
1	19	63.99	72.2473684210526
0	20	0	73.246
