num_of_TFT_with_trembling_hand	num_of_shame_driven_denying	average_fitness_of_TFT_with_trembling_hand	average_fitness_of_shame_driven_denying
20	0	51.4765	0
19	1	50.5355263157895	40.27
18	2	49.6333333333333	39.615
17	3	48.6005882352941	38.3583333333333
16	4	47.6528125	37.89375
15	5	46.8916666666667	36.626
14	6	45.9839285714286	35.8125
13	7	44.6957692307692	35.105
12	8	44.115	33.945625
11	9	43.0077272727273	33.0877777777778
10	10	42.247	32.086
9	11	41.0111111111111	31.1277272727273
8	12	40.4675	30.2291666666667
7	13	39.4857142857143	29.3330769230769
6	14	38.7233333333333	28.5732142857143
5	15	37.878	27.3956666666667
4	16	36.6075	26.503125
3	17	35.58	25.4485294117647
2	18	35.6575	24.6288888888889
1	19	33.31	23.8397368421053
0	20	0	22.741
