num_of_tit_for_tat	num_of_Pavlov	average_fitness_of_tit_for_tat	average_fitness_of_Pavlov
20	0	100	0
19	1	97.6381578947369	60.49
18	2	95.1505555555556	60.1975
17	3	92.8414705882353	59.6783333333333
16	4	90.2990625	59.8175
15	5	88.0613333333334	59.223
14	6	85.7485714285715	59.3608333333333
13	7	83.1742307692308	59.005
12	8	80.9029166666667	58.8675
11	9	78.485	58.4777777777778
10	10	76.027	58.412
9	11	73.58	58.4627272727273
8	12	71.20875	57.84
7	13	69.2057142857143	57.6653846153846
6	14	66.7166666666666	57.445
5	15	64.18	57.152
4	16	61.7425	57.3084375
3	17	59.1	57.05
2	18	57.09	56.5791666666667
1	19	54.125	56.3523684210526
0	20	0	56.1275
