num_of_tit_for_tat	num_of_guilt_driven_amending	average_fitness_of_tit_for_tat	average_fitness_of_guilt_driven_amending
20	0	100	0
19	1	99.06	85.935
18	2	98.0277777777778	85.44
17	3	97.1017647058824	84.8166666666667
16	4	96.1090625	83.9975
15	5	95.1013333333333	83.443
14	6	94.1142857142857	82.8733333333334
13	7	93.1415384615385	81.9878571428571
12	8	92.1620833333333	81.3175
11	9	91.2845454545455	80.72
10	10	90.269	79.983
9	11	89.2594444444444	79.4054545454545
8	12	88.39625	78.7079166666667
7	13	87.1707142857143	77.9380769230769
6	14	86.295	77.2528571428571
5	15	85.381	76.733
4	16	84.48375	75.9
3	17	83.44	75.2647058823529
2	18	82.5225	74.5591666666667
1	19	81.575	73.838947368421
0	20	0	73.27725
