num_of_tit_for_tat	num_of_shame_driven_hiding	average_fitness_of_tit_for_tat	average_fitness_of_shame_driven_hiding
20	0	100	0
19	1	99.1173684210527	55.635
18	2	98.2244444444445	54.2375
17	3	97.3011764705881	52.8966666666667
16	4	96.339375	50.78875
15	5	95.396	49.017
14	6	94.41	47.0866666666667
13	7	93.4453846153846	46.0378571428571
12	8	92.4325	43.5875
11	9	91.4118181818181	42.6805555555556
10	10	90.372	40.939
9	11	89.2955555555556	38.7513636363636
8	12	88.2225	37.42875
7	13	87.1728571428572	35.2773076923077
6	14	86.1333333333333	33.795
5	15	85.044	32.3473333333333
4	16	84.01	30.5090625
3	17	83	29.0120588235294
2	18	82	26.9916666666667
1	19	27.26	25.2423684210526
0	20	0	23.48975
