num_of_tit_for_tat	num_of_TFT_with_trembling_hand	average_fitness_of_tit_for_tat	average_fitness_of_TFT_with_trembling_hand
20	0	100	0
19	1	97.6381578947368	70.01
18	2	95.4477777777778	68.925
17	3	93.0797058823529	68.4133333333334
16	4	90.638125	67.0975
15	5	88.392	66.132
14	6	86.0410714285715	65.1391666666667
13	7	83.8196153846154	64.29
12	8	81.4304166666667	63.203125
11	9	79.1404545454545	62.245
10	10	76.784	61.2045
9	11	74.5066666666667	60.1436363636363
8	12	72.13625	59.27875
7	13	69.715	58.411923076923
6	14	67.7175	57.3478571428571
5	15	65.177	56.376
4	16	62.83125	55.3471875
3	17	60.855	54.3070588235294
2	18	58.365	53.3538888888889
1	19	56.025	52.3997368421053
0	20	0	51.49925
