num_of_tit_for_tat	num_of_shame_driven_denying	average_fitness_of_tit_for_tat	average_fitness_of_shame_driven_denying
20	0	100	0
19	1	96.09	50.59
18	2	91.9530555555556	48.5225
17	3	88.0535294117647	46.5683333333333
16	4	84.0921875	44.98
15	5	80.1316666666667	44.174
14	6	76.1585714285714	42.6866666666667
13	7	72.265	40.7378571428571
12	8	68.2575000000001	39.6725
11	9	64.3963636363636	38.5522222222222
10	10	59.962	36.9885
9	11	56.4261111111111	35.4795454545455
8	12	52.82875	34.3325
7	13	48.5857142857143	32.9480769230769
6	14	44.8258333333333	31.2832142857143
5	15	40.383	30.046
4	16	36.795	28.3990625
3	17	32.715	27.1088235294118
2	18	28.915	25.5386111111111
1	19	25.125	24.2171052631579
0	20	0	22.7445
