num_of_always_cooperate	num_of_shame_driven_denying	average_fitness_of_always_cooperate	average_fitness_of_shame_driven_denying
50	0	150	0
49	1	149.433469387755	157.1975
48	2	148.834375	155.96625
47	3	148.340425531915	155.4925
46	4	147.679565217391	155.09125
45	5	147.089777777778	154.128
44	6	146.619772727273	153.077916666667
43	7	145.917441860465	152.504285714286
42	8	145.37	151.5609375
41	9	144.762682926829	150.6675
40	10	144.20675	149.90675
39	11	143.647948717949	149.097954545455
38	12	143.073684210526	148.386666666667
37	13	142.640540540541	147.430192307692
36	14	142.044444444444	146.833035714286
35	15	141.376	145.988666666667
34	16	140.880294117647	145.12125
33	17	140.293333333333	144.308676470588
32	18	139.67375	143.286944444444
31	19	138.982258064516	142.852236842105
30	20	138.454	141.8105
29	21	138.051379310345	141.133095238095
28	22	137.165714285714	140.3125
27	23	136.661111111111	139.609673913043
26	24	135.951923076923	138.785625
25	25	135.5604	137.901
24	26	135.0575	137.049038461538
23	27	134.254347826087	136.361296296296
22	28	133.97	135.588392857143
21	29	132.894761904762	134.862155172414
20	30	132.802	133.918583333333
19	31	132.105263157895	133.230161290323
18	32	131.512222222222	132.4840625
17	33	131.032352941176	131.566590909091
16	34	130.15875	130.924485294118
15	35	129.852	130.103
14	36	129.149285714286	129.121111111111
13	37	128.524615384615	128.306689189189
12	38	128.163333333333	127.562368421053
11	39	127.661818181818	126.737307692308
10	40	127.457	125.966375
9	41	126.384444444445	125.429817073171
8	42	125.70625	124.321726190476
7	43	125.148571428571	123.595813953488
6	44	124.936666666667	122.743181818182
5	45	123.942	122.034888888889
4	46	122.85	121.369184782609
3	47	122.303333333333	120.462606382979
2	48	121.86	119.674166666667
1	49	121.17	118.737397959184
0	50	0	118.1302
