num_of_always_trembling	num_of_shame_driven_denying	average_fitness_of_always_trembling	average_fitness_of_shame_driven_denying
50	0	75.09945	0
49	1	75.2201530612245	70.5
48	2	75.6907291666667	72.545
47	3	76.0650531914894	72.5858333333333
46	4	76.2673369565217	74.2025
45	5	76.7612777777778	74.553
44	6	76.9846022727272	75.7391666666666
43	7	77.0508720930232	76.7728571428571
42	8	77.878869047619	77.769375
41	9	77.9032317073171	78.9530555555556
40	10	78.331875	79.69625
39	11	78.5589743589744	80.5402272727273
38	12	78.5863815789474	81.4802083333333
37	13	79.2306081081081	82.4007692307692
36	14	79.5438194444445	83.5378571428571
35	15	79.6621428571429	84.6383333333334
34	16	80.2211029411765	85.44
33	17	80.5270454545454	86.6241176470589
32	18	80.82	87.3295833333333
31	19	80.8531451612903	88.2807894736842
30	20	81.49275	89.259375
29	21	82.0287068965517	90.1401190476191
28	22	82.3150892857143	91.1530681818182
27	23	82.4799074074074	91.9325
26	24	82.7416346153846	93.0933333333334
25	25	83.1978	94.2291
24	26	83.3370833333333	95.2473076923077
23	27	83.5105434782609	96.092037037037
22	28	84.1301136363636	97.060625
21	29	84.3303571428571	97.9440517241379
20	30	84.589125	99.0072500000001
19	31	84.6469736842106	100.000483870968
18	32	85.4125	100.915390625
17	33	85.4719117647059	101.70053030303
16	34	85.84296875	102.645294117647
15	35	86.34	103.500428571428
14	36	86.6530357142857	104.498819444444
13	37	86.5884615384615	105.535945945946
12	38	87.0452083333334	106.503223684211
11	39	87.1884090909091	107.414807692308
10	40	88.14375	108.38225
9	41	88.3691666666666	109.503658536585
8	42	88.7959375	110.279404761905
7	43	89.2332142857143	111.414418604651
6	44	89.1275	112.209375
5	45	89.702	113.256388888889
4	46	89.36125	114.224673913043
3	47	90.0325	115.238031914894
2	48	90.16	115.982864583333
1	49	90.215	117.110204081633
0	50	0	118.112
