num_of_always_defect	num_of_TFT_with_trembling_hand	average_fitness_of_always_defect	average_fitness_of_TFT_with_trembling_hand
50	0	0	0
49	1	0.983265306122449	-12.0275
48	2	1.95604166666667	-9.0775
47	3	2.94489361702127	-6.09083333333333
46	4	3.92608695652174	-3.426875
45	5	4.904	-0.5655
44	6	5.87954545454546	2.31541666666667
43	7	6.85767441860466	5.34357142857143
42	8	7.84428571428572	8.435625
41	9	8.80951219512195	11.2394444444444
40	10	9.79675	14.02425
39	11	10.7689743589744	17.0038636363636
38	12	11.755	19.7766666666667
37	13	12.7267567567568	22.8863461538462
36	14	13.7108333333333	25.4082142857143
35	15	14.706	28.7946666666667
34	16	15.6932352941176	31.319375
33	17	16.6506060606061	34.6408823529412
32	18	17.635	37.3061111111111
31	19	18.6312903225806	40.2817105263158
30	20	19.6066666666667	43.16975
29	21	20.5765517241379	45.9409523809524
28	22	21.5739285714286	48.8852272727273
27	23	22.5433333333333	51.9057608695652
26	24	23.5057692307692	54.8536458333333
25	25	24.5076	57.5917
24	26	25.4870833333334	60.6766346153846
23	27	26.4769565217391	63.5346296296296
22	28	27.4431818181818	66.374375
21	29	28.4257142857143	69.3644827586207
20	30	29.4235	72.2075
19	31	30.3715789473684	75.1782258064516
18	32	31.3572222222222	78.121328125
17	33	32.3294117647059	80.9625757575758
16	34	33.330625	83.8289705882353
15	35	34.326	86.7935
14	36	35.2828571428571	89.5140277777778
13	37	36.2607692307692	92.5269594594595
12	38	37.2291666666667	95.4132894736842
11	39	38.1836363636364	98.3064102564102
10	40	39.226	101.3359375
9	41	40.1688888888889	104.212682926829
8	42	41.135	107.062976190476
7	43	42.1757142857143	109.935523255814
6	44	43.0766666666667	112.900340909091
5	45	44.178	115.720055555556
4	46	45.0225	118.68625
3	47	45.9266666666667	121.643882978723
2	48	47.13	124.540677083333
1	49	47.97	127.423316326531
0	50	0	130.288
