num_of_always_cooperate	num_of_guilt_driven_amending	average_fitness_of_always_cooperate	average_fitness_of_guilt_driven_amending
50	0	150	0
49	1	149.810816326531	152.4275
48	2	149.614583333333	152.06
47	3	149.395957446809	151.845
46	4	149.221304347826	151.496875
45	5	149.007777777778	151.2225
44	6	148.812954545455	150.919583333333
43	7	148.632093023256	150.708571428571
42	8	148.424761904762	150.3334375
41	9	148.249756097561	149.957777777778
40	10	148.02825	149.7345
39	11	147.826923076923	149.414772727273
38	12	147.671052631579	149.194583333333
37	13	147.420810810811	148.896923076923
36	14	147.243055555555	148.583392857143
35	15	147.000857142857	148.252
34	16	146.886764705882	147.9659375
33	17	146.631515151515	147.606176470588
32	18	146.39375	147.422083333333
31	19	146.295806451613	147.134078947368
30	20	146.063333333333	146.88475
29	21	145.850689655172	146.517023809524
28	22	145.652857142857	146.155909090909
27	23	145.40962962963	145.846195652174
26	24	145.245384615385	145.544375
25	25	145.0636	145.3046
24	26	144.864166666667	144.9925
23	27	144.741304347826	144.688703703704
22	28	144.497272727273	144.407232142857
21	29	144.270952380952	144.184827586207
20	30	144.106	143.846583333333
19	31	143.864210526316	143.549838709677
18	32	143.686666666667	143.23875
17	33	143.427647058824	142.911212121212
16	34	143.284375	142.569705882353
15	35	143.062666666667	142.274071428571
14	36	142.89	142.059097222222
13	37	142.725384615385	141.690135135135
12	38	142.526666666667	141.441052631579
11	39	142.339090909091	141.14608974359
10	40	142.046	140.7991875
9	41	141.927777777778	140.550304878049
8	42	141.6625	140.271547619048
7	43	141.584285714286	140.026918604651
6	44	141.336666666667	139.683806818182
5	45	141.102	139.386666666667
4	46	140.95	139.084619565217
3	47	140.723333333333	138.792340425532
2	48	140.48	138.496770833333
1	49	140.27	138.20806122449
0	50	0	137.90985
