num_of_always_cooperate	num_of_Pavlov	average_fitness_of_always_cooperate	average_fitness_of_Pavlov
50	0	150	0
49	1	149.438979591837	173.445
48	2	148.9025	171.8625
47	3	148.397872340426	170.605833333333
46	4	147.872826086957	169.47375
45	5	147.375555555556	167.285
44	6	146.655454545454	165.754583333333
43	7	146.260930232558	164.323214285714
42	8	145.643809523809	163.115625
41	9	145.129024390244	161.748611111111
40	10	144.6785	160.04375
39	11	143.928461538462	158.776818181818
38	12	143.616578947368	157.131666666667
37	13	143.034864864865	155.595576923077
36	14	142.493611111111	154.235892857143
35	15	141.928	152.841666666667
34	16	141.308823529412	151.43625
33	17	141.017878787879	149.957941176471
32	18	140.418125	148.287083333333
31	19	139.840967741936	146.931842105263
30	20	139.320666666667	145.45825
29	21	138.588965517241	144.020238095238
28	22	138.214285714286	142.647386363636
27	23	137.523333333333	141.086304347826
26	24	137.048461538462	139.624895833333
25	25	136.4412	138.0006
24	26	136.26375	136.54
23	27	135.486086956522	135.040462962963
22	28	134.675454545455	133.559553571429
21	29	134.285714285714	132.040689655172
20	30	133.9535	130.64125
19	31	133.114736842105	128.987258064516
18	32	132.708333333333	127.420703125
17	33	132.348823529412	125.861439393939
16	34	131.4775	124.575294117647
15	35	131.214666666667	122.865
14	36	130.400714285714	121.448541666667
13	37	130.108461538462	119.844864864865
12	38	129.701666666667	118.381184210526
11	39	129.219090909091	116.786858974359
10	40	128.328	115.3859375
9	41	127.674444444444	113.859329268293
8	42	127.45625	112.520892857143
7	43	126.741428571429	110.890755813953
6	44	126.323333333333	109.195625
5	45	126.004	107.584333333333
4	46	126.06	106.075
3	47	124.566666666667	104.703404255319
2	48	123.675	103.143229166667
1	49	122.86	101.598265306122
0	50	0	100.0229
