num_of_always_defect	num_of_shame_driven_denying	average_fitness_of_always_defect	average_fitness_of_shame_driven_denying
50	0	0	0
49	1	0.979591836734694	-12.03
48	2	1.96458333333333	-9.21375
47	3	2.94	-6.57833333333333
46	4	3.92304347826087	-4.329375
45	5	4.89555555555556	-1.439
44	6	5.87772727272727	1.04375
43	7	6.8632558139535	3.835
42	8	7.83071428571429	6.338125
41	9	8.82658536585366	9.27388888888889
40	10	9.7955	11.89325
39	11	10.7964102564103	14.5031818181818
38	12	11.7636842105263	17.10125
37	13	12.7343243243243	19.7236538461538
36	14	13.7275	22.3973214285714
35	15	14.7022857142857	25.2088333333333
34	16	15.7008823529412	27.7753125
33	17	16.6606060606061	30.5879411764706
32	18	17.6371875	33.28125
31	19	18.6170967741935	35.7301315789474
30	20	19.606	38.3525
29	21	20.5641379310345	41.0036904761905
28	22	21.555	43.6175
27	23	22.5455555555556	46.3059782608696
26	24	23.5173076923077	49.0865625
25	25	24.5176	51.6483
24	26	25.4925	54.5182692307692
23	27	26.4639130434783	56.7093518518519
22	28	27.4318181818182	59.7224107142857
21	29	28.4138095238095	62.4086206896552
20	30	29.398	65.0174166666667
19	31	30.3452631578947	67.7167741935483
18	32	31.3355555555556	70.07234375
17	33	32.3705882352941	73.0856818181818
16	34	33.298125	75.6610294117647
15	35	34.2986666666667	78.3920714285714
14	36	35.3071428571429	80.8311111111111
13	37	36.2430769230769	83.6128378378378
12	38	37.2366666666667	86.2896710526316
11	39	38.2	88.8991025641026
10	40	39.17	91.4928124999999
9	41	40.2055555555556	94.1317073170732
8	42	41.13875	96.78125
7	43	42.0928571428571	99.580988372093
6	44	43.18	102.159772727273
5	45	44.098	104.945833333333
4	46	45.145	107.452826086957
3	47	45.95	110.189680851064
2	48	46.99	112.8459375
1	49	48.04	115.356326530612
0	50	0	117.9925
