num_of_always_defect	num_of_shame_driven_hiding	average_fitness_of_always_defect	average_fitness_of_shame_driven_hiding
50	0	0	0
49	1	0.978979591836735	-12.0275
48	2	1.96208333333333	-9.25625
47	3	2.93872340425532	-6.54583333333333
46	4	3.91782608695652	-4.040625
45	5	4.89911111111111	-0.854
44	6	5.88477272727273	1.48541666666667
43	7	6.85697674418605	4.30928571428571
42	8	7.84714285714286	7.20875
41	9	8.82439024390244	9.65666666666667
40	10	9.79375	12.20625
39	11	10.7948717948718	15.1902272727273
38	12	11.7763157894737	17.9620833333333
37	13	12.7332432432432	21.1353846153846
36	14	13.7208333333333	23.6980357142857
35	15	14.7042857142857	26.5066666666667
34	16	15.7020588235294	29.5878125
33	17	16.6760606060606	32.1985294117647
32	18	17.64875	35.1334722222222
31	19	18.6087096774194	38.1586842105263
30	20	19.6043333333333	41.218375
29	21	20.6010344827586	44.1561904761905
28	22	21.5778571428571	47.0705681818182
27	23	22.5481481481482	50.0885869565217
26	24	23.5303846153846	52.9732291666667
25	25	24.5156	56.3627
24	26	25.51375	59.3590384615384
23	27	26.4686956521739	62.3300925925926
22	28	27.4377272727273	65.5208928571429
21	29	28.4166666666667	68.9828448275862
20	30	29.43	71.7408333333334
19	31	30.3805263157895	75.2045161290322
18	32	31.3738888888889	78.404453125
17	33	32.3541176470588	81.542196969697
16	34	33.361875	84.80375
15	35	34.2986666666667	88.2467857142857
14	36	35.2835714285714	91.7250694444445
13	37	36.2692307692308	95.0271621621622
12	38	37.2158333333333	98.5409210526316
11	39	38.2027272727273	101.892628205128
10	40	39.191	105.5025625
9	41	40.17	108.952012195122
8	42	41.16375	112.42255952381
7	43	42.16	116.134476744186
6	44	43.0816666666666	119.836022727273
5	45	44.174	123.378777777778
4	46	45.035	127.232282608696
3	47	46.06	130.897819148936
2	48	47.02	134.711510416667
1	49	47.84	138.547857142857
0	50	0	142.5
