num_of_always_cooperate	num_of_TFT_with_trembling_hand	average_fitness_of_always_cooperate	average_fitness_of_TFT_with_trembling_hand
50	0	150	0
49	1	149.785510204082	152.5
48	2	149.5925	152.10625
47	3	149.386382978723	151.586666666667
46	4	149.195869565217	151.17875
45	5	149.014444444444	150.724
44	6	148.768863636364	150.276666666667
43	7	148.570697674419	149.753571428571
42	8	148.364523809524	149.2521875
41	9	148.11756097561	148.831666666667
40	10	147.95825	148.42925
39	11	147.734871794872	147.888181818182
38	12	147.54	147.470208333333
37	13	147.363513513514	147.149038461538
36	14	147.135555555555	146.554285714286
35	15	146.969428571429	146.207
34	16	146.789705882353	145.7734375
33	17	146.550303030303	145.116323529412
32	18	146.2928125	144.790277777778
31	19	146.134193548387	144.260921052632
30	20	145.953666666667	143.82725
29	21	145.714482758621	143.414761904762
28	22	145.520714285714	143.066590909091
27	23	145.354814814815	142.507826086956
26	24	145.088846153846	142.110520833333
25	25	144.9068	141.628
24	26	144.67	141.109326923077
23	27	144.442608695652	140.64712962963
22	28	144.322272727273	140.257589285714
21	29	144.074761904762	139.77224137931
20	30	143.901	139.45575
19	31	143.657368421053	138.877096774194
18	32	143.482777777778	138.374609375
17	33	143.271764705882	137.953333333333
16	34	143.080625	137.652794117647
15	35	142.894	137.068642857143
14	36	142.640714285714	136.639583333333
13	37	142.5	136.252567567568
12	38	142.22	135.674013157895
11	39	142.058181818182	135.257628205128
10	40	141.852	134.86925
9	41	141.601111111111	134.364573170732
8	42	141.4175	133.88369047619
7	43	141.205714285714	133.444244186047
6	44	141.001666666667	133.009602272727
5	45	140.842	132.599722222222
4	46	140.6625	132.075326086957
3	47	140.403333333333	131.660372340426
2	48	140.175	131.156875
1	49	140	130.805765306122
0	50	0	130.289
