num_of_always_trembling	num_of_shame_driven_hiding	average_fitness_of_always_trembling	average_fitness_of_shame_driven_hiding
50	0	74.90445	0
49	1	75.3621428571429	70.755
48	2	75.719375	71.9525
47	3	76.2827127659575	72.5608333333333
46	4	76.5248913043478	74.5175
45	5	76.9783888888889	75.416
44	6	77.3075	76.7695833333333
43	7	77.7438953488372	77.5339285714286
42	8	78.1225	79.169375
41	9	78.4462195121951	80.6402777777778
40	10	79.031	82.1255
39	11	79.3686538461538	83.4045454545455
38	12	79.6938815789474	84.6029166666666
37	13	80.1389864864865	85.9946153846154
36	14	80.4076388888889	87.4260714285714
35	15	81.0017857142857	88.6856666666667
34	16	81.16875	89.8134375
33	17	81.5000757575758	91.4344117647059
32	18	82.0196875	92.7358333333333
31	19	82.6882258064516	94.1532894736842
30	20	82.7263333333333	95.533375
29	21	83.045948275862	97.1439285714286
28	22	83.6942857142857	98.5193181818182
27	23	84.0771296296296	99.9097826086956
26	24	84.2773076923077	101.245520833333
25	25	84.692	102.9562
24	26	85.2369791666667	104.162980769231
23	27	85.4751086956521	105.503425925926
22	28	85.9359090909091	107.086607142857
21	29	86.3616666666666	108.607155172414
20	30	87.00625	110.19125
19	31	87.0644736842105	111.576693548387
18	32	87.7038888888889	113.0346875
17	33	87.7157352941176	114.431666666667
16	34	88.255625	116.176323529412
15	35	88.6591666666667	117.774071428571
14	36	89.1855357142857	119.254791666667
13	37	89.4451923076923	120.795743243243
12	38	89.9027083333334	122.396513157895
11	39	90.2286363636364	124.012435897436
10	40	90.74575	125.50675
9	41	90.6947222222222	127.258109756098
8	42	91.3571875	128.798869047619
7	43	92.1357142857143	130.463255813954
6	44	92.1320833333333	132.249204545455
5	45	92.609	133.830888888889
4	46	93.104375	135.514673913044
3	47	93.3616666666667	137.230265957447
2	48	94.43125	139.02375
1	49	94.19	140.739030612245
0	50	0	142.5
