num_of_always_trembling	num_of_guilt_driven_amending	average_fitness_of_always_trembling	average_fitness_of_guilt_driven_amending
50	0	75.0177	0
49	1	75.2490816326531	70.25
48	2	75.8793229166667	70.9725
47	3	76.3639361702128	72.4108333333333
46	4	76.8377173913043	73.790625
45	5	77.0497777777778	75.184
44	6	77.5063068181818	76.5516666666666
43	7	78.1849418604651	78.1739285714286
42	8	78.4579166666666	79.4746875
41	9	79.1020731707317	80.8355555555556
40	10	79.3246875	82.349
39	11	79.92	83.6322727272727
38	12	80.2846710526316	84.9564583333334
37	13	80.7514189189189	86.3309615384616
36	14	80.9765277777777	87.7957142857143
35	15	81.4362142857143	89.1936666666666
34	16	81.8748529411765	90.72109375
33	17	82.1350757575758	92.0632352941176
32	18	82.853671875	93.2295833333333
31	19	83.1703225806451	94.7063157894737
30	20	83.7444166666667	96.135
29	21	83.9169827586207	97.7010714285714
28	22	84.5775	99.1126136363636
27	23	85.0092592592593	100.348913043478
26	24	85.2267307692307	101.428125
25	25	85.6396	103.097
24	26	86.3934375	104.456346153846
23	27	86.7781521739131	105.923703703704
22	28	87.1143181818182	107.083125
21	29	87.4795238095238	108.723706896552
20	30	88.1511250000001	110.201583333333
19	31	88.5964473684211	111.472822580645
18	32	88.7886111111111	112.862421875
17	33	89.3033823529412	114.194621212121
16	34	89.856875	115.652132352941
15	35	90.042	117.0285
14	36	90.5592857142858	118.451527777778
13	37	91.1911538461539	119.884662162162
12	38	91.3772916666666	121.216315789474
11	39	91.8595454545454	122.474166666667
10	40	92.312	123.929875
9	41	93.0555555555555	125.340182926829
8	42	93.3971875	126.72869047619
7	43	93.4778571428572	128.161802325581
6	44	94.1883333333334	129.475284090909
5	45	94.6455	130.955833333333
4	46	95.2975	132.37722826087
3	47	95.4866666666667	133.707606382979
2	48	95.82625	135.181510416667
1	49	95.7375	136.529642857143
0	50	0	137.90875
