num_of_always_cooperate	num_of_shame_driven_hiding	average_fitness_of_always_cooperate	average_fitness_of_shame_driven_hiding
50	0	150	0
49	1	149.822857142857	152.5
48	2	149.622916666667	152.305
47	3	149.445744680851	152.16
46	4	149.24652173913	151.915
45	5	149.08	151.754
44	6	148.891363636364	151.526666666667
43	7	148.693720930233	151.324285714286
42	8	148.480714285714	151.175
41	9	148.311219512195	150.95
40	10	148.116	150.73
39	11	147.921794871795	150.531818181818
38	12	147.697631578947	150.3875
37	13	147.554864864865	150.213846153846
36	14	147.305277777778	150.008571428571
35	15	147.152	149.826666666667
34	16	146.941764705882	149.589375
33	17	146.757272727273	149.398235294118
32	18	146.5596875	149.200555555556
31	19	146.341935483871	149.048421052632
30	20	146.136333333333	148.852
29	21	145.923793103448	148.625714285714
28	22	145.6775	148.449090909091
27	23	145.539259259259	148.299565217391
26	24	145.333846153846	148.032083333333
25	25	145.1176	147.822
24	26	144.91625	147.611923076923
23	27	144.764782608696	147.395555555556
22	28	144.547272727273	147.232857142857
21	29	144.261904761905	146.990689655172
20	30	144.1115	146.809
19	31	143.89	146.585806451613
18	32	143.713888888889	146.4253125
17	33	143.522941176471	146.160606060606
16	34	143.36125	145.986176470588
15	35	143.098666666667	145.778571428571
14	36	142.829285714286	145.568611111111
13	37	142.618461538462	145.311891891892
12	38	142.430833333333	145.086842105263
11	39	142.239090909091	144.927179487179
10	40	142.004	144.69725
9	41	141.795555555556	144.493658536585
8	42	141.58375	144.302380952381
7	43	141.34	144.038139534884
6	44	141.12	143.841363636364
5	45	140.842	143.616
4	46	140.6525	143.366956521739
3	47	140.473333333333	143.186595744681
2	48	140.22	142.965
1	49	140	142.721836734694
0	50	0	142.5
