num_of_always_trembling	num_of_TFT_with_trembling_hand	average_fitness_of_always_trembling	average_fitness_of_TFT_with_trembling_hand
50	0	74.9201	0
49	1	75.4635204081633	69.3225
48	2	75.8896354166666	72.09
47	3	76.2264361702128	73.1025
46	4	76.7369565217391	73.355625
45	5	77.0263333333333	74.721
44	6	77.333125	76.25125
43	7	78.0220348837209	76.9017857142857
42	8	78.4388095238095	78.6271875
41	9	78.7007317073171	79.9272222222222
40	10	79.324625	80.88125
39	11	79.5141666666667	82.0590909090909
38	12	79.8600657894737	83.4302083333333
37	13	80.2175	84.8313461538462
36	14	81.04625	85.7567857142857
35	15	81.3946428571429	87.3546666666667
34	16	81.5551470588235	88.3978125
33	17	82.0118181818182	89.6252941176471
32	18	82.322265625	90.75875
31	19	82.8325	92.3773684210526
30	20	83.2919166666667	93.2355
29	21	83.7175	94.6359523809524
28	22	84.1215178571428	95.7434090909091
27	23	84.5210185185185	97.04
26	24	84.8951923076923	98.4177083333333
25	25	85.3928	99.4613
24	26	85.7683333333334	100.713365384615
23	27	86.0464130434782	102.063518518519
22	28	86.4407954545454	103.238928571429
21	29	86.8508333333333	104.221120689655
20	30	87.353625	105.65325
19	31	87.8693421052631	106.954516129032
18	32	88.0086111111112	108.3
17	33	88.7972058823529	109.62553030303
16	34	89.14015625	110.727132352941
15	35	89.6251666666667	111.729071428571
14	36	90.1282142857143	113.028263888889
13	37	90.3559615384616	114.239054054054
12	38	90.589375	115.512039473684
11	39	91.0640909090909	116.81358974359
10	40	91.57425	117.932875
9	41	92.0500000000001	119.306402439024
8	42	92.3315625	120.437023809524
7	43	92.8942857142857	121.693197674419
6	44	93.1741666666667	122.871590909091
5	45	93.8165	124.147722222222
4	46	93.868125	125.351141304348
3	47	94.1124999999999	126.509734042553
2	48	95.4525	127.824791666667
1	49	94.8075	129.072959183673
0	50	0	130.22825
