num_of_guilt_driven_amending	num_of_Pavlov	average_fitness_of_guilt_driven_amending	average_fitness_of_Pavlov
50	0	137.90755	0
49	1	137.644897959184	99.165
48	2	137.33796875	98.98125
47	3	137.0425	99.26
46	4	136.669891304348	99.003125
45	5	136.429555555556	99.1355
44	6	136.107556818182	99.3133333333333
43	7	135.830755813953	99.3114285714286
42	8	135.494345238095	99.274375
41	9	135.266463414634	99.3558333333334
40	10	134.8765	98.99575
39	11	134.653653846154	99.0981818181818
38	12	134.373684210526	99.86
37	13	134.082702702703	99.3876923076923
36	14	133.834861111111	99.6117857142857
35	15	133.552857142857	99.3698333333333
34	16	133.114852941176	99.64921875
33	17	132.799772727273	99.3819117647059
32	18	132.614765625	99.5581944444444
31	19	132.302741935484	99.5719736842105
30	20	132.010166666667	99.618625
29	21	131.637844827586	99.849880952381
28	22	131.313928571429	99.3722727272728
27	23	131.064907407407	99.7445652173913
26	24	130.886153846154	99.488125
25	25	130.5399	99.8261
24	26	130.240520833333	99.8475961538461
23	27	129.891195652174	99.7686111111111
22	28	129.595113636364	99.6713392857143
21	29	129.186666666667	99.7141379310345
20	30	129.0025	99.5874166666667
19	31	128.676184210526	100.009274193548
18	32	128.300277777778	100.019609375
17	33	128.161617647059	99.9663636363636
16	34	127.905	99.7629411764706
15	35	127.634	99.9455
14	36	127.434107142857	99.8454861111111
13	37	126.933076923077	100.001283783784
12	38	126.432708333333	99.8412500000001
11	39	126.351363636364	99.9744230769231
10	40	125.96325	99.8774375
9	41	125.613611111111	99.8240243902439
8	42	125.351875	100.087857142857
7	43	125.127142857143	99.9514534883721
6	44	124.796666666667	99.9688636363636
5	45	124.671	100.051111111111
4	46	124.380625	100.088586956522
3	47	124.008333333333	100.188989361702
2	48	123.385	99.8781770833333
1	49	123.0425	100.042959183673
0	50	0	100.2236
