num_of_shame_driven_hiding	num_of_Pavlov	average_fitness_of_shame_driven_hiding	average_fitness_of_Pavlov
50	0	142.5	0
49	1	142.274693877551	96.69
48	2	142.07	96.7425
47	3	141.835904255319	96.4083333333334
46	4	141.669456521739	97.105625
45	5	141.370944444444	97.461
44	6	141.255909090909	97.30625
43	7	140.982674418605	97.7967857142857
42	8	140.798988095238	97.0475
41	9	140.598902439024	97.3366666666666
40	10	140.3881875	97.67825
39	11	140.14358974359	97.5672727272727
38	12	139.999736842105	97.506875
37	13	139.817094594595	97.7798076923077
36	14	139.610347222222	97.8964285714285
35	15	139.364571428571	97.4261666666667
34	16	139.200073529412	97.7525
33	17	139.015681818182	98.0285294117647
32	18	138.78984375	98.2018055555556
31	19	138.632419354839	98.1535526315789
30	20	138.447333333333	98.145625
29	21	138.204310344828	98.5597619047619
28	22	138.091517857143	98.6445454545455
27	23	137.918796296296	98.4148913043478
26	24	137.832403846154	98.3413541666667
25	25	137.5613	98.8952
24	26	137.487708333333	98.72375
23	27	137.183586956522	98.6580555555555
22	28	137.172272727273	98.8282142857143
21	29	136.957261904762	98.693275862069
20	30	136.62475	99.1034166666667
19	31	136.569210526316	98.7878225806452
18	32	136.389722222222	99.0196875
17	33	136.332058823529	99.0659848484849
16	34	136.0903125	99.3039705882353
15	35	135.9745	99.2584285714286
14	36	135.807321428571	99.198888888889
13	37	135.569230769231	99.163445945946
12	38	135.562291666667	99.5172368421052
11	39	135.2375	99.4559615384615
10	40	134.9535	99.625625
9	41	135.115277777778	99.5465243902439
8	42	134.886875	99.4359523809524
7	43	134.662857142857	99.7786046511628
6	44	134.804583333333	99.7681818181818
5	45	134.486	99.6717222222222
4	46	134.145	99.5878260869565
3	47	133.92	99.7423404255319
2	48	133.8075	99.8703645833333
1	49	133.62	99.9226020408163
0	50	0	100.0649
