num_of_shame_driven_hiding	num_of_guilt_driven_amending	average_fitness_of_shame_driven_hiding	average_fitness_of_guilt_driven_amending
50	0	142.5	0
49	1	142.547959183673	135.4825
48	2	142.598802083333	135.6575
47	3	142.645212765957	135.686666666667
46	4	142.687554347826	135.66
45	5	142.738666666667	135.6115
44	6	142.789943181818	135.666666666667
43	7	142.832732558139	135.785357142857
42	8	142.860595238095	135.769375
41	9	142.918841463415	135.933333333333
40	10	142.9668125	135.9545
39	11	143.015256410256	136.054772727273
38	12	143.068815789474	136.035833333333
37	13	143.095135135135	136.077115384615
36	14	143.160694444444	136.193571428571
35	15	143.189571428571	136.224333333333
34	16	143.209117647059	136.30453125
33	17	143.260227272727	136.331176470588
32	18	143.305546875	136.3875
31	19	143.377983870968	136.438552631579
30	20	143.426583333333	136.436125
29	21	143.448793103448	136.547738095238
28	22	143.507857142857	136.580795454545
27	23	143.535462962963	136.606739130435
26	24	143.577596153846	136.625104166667
25	25	143.6278	136.8098
24	26	143.654479166667	136.760192307692
23	27	143.714891304348	136.846018518519
22	28	143.727045454546	136.889285714286
21	29	143.799642857143	136.89775862069
20	30	143.84275	136.965166666667
19	31	143.855263157895	137.007177419355
18	32	143.910972222222	137.047734375
17	33	143.941470588235	137.139015151515
16	34	143.9665625	137.183897058824
15	35	144.027666666667	137.201285714286
14	36	144.056964285714	137.248055555556
13	37	144.124038461538	137.289932432432
12	38	144.156458333333	137.385
11	39	144.193409090909	137.378974358974
10	40	144.24575	137.3936875
9	41	144.268333333333	137.510304878049
8	42	144.324375	137.581547619048
7	43	144.319285714286	137.605174418605
6	44	144.375	137.652727272727
5	45	144.457	137.680555555556
4	46	144.446875	137.730380434783
3	47	144.524166666667	137.717659574468
2	48	144.48375	137.792916666667
1	49	144.5475	137.83637755102
0	50	0	137.88475
