num_of_shame_driven_denying	num_of_guilt_driven_amending	average_fitness_of_shame_driven_denying	average_fitness_of_guilt_driven_amending
50	0	118.03555	0
49	1	118.272806122449	122.9525
48	2	118.7375	123.79375
47	3	118.863936170213	124.351666666667
46	4	119.300543478261	124.365625
45	5	119.41	124.914
44	6	119.759829545455	125.264166666667
43	7	120.078255813953	125.233928571429
42	8	120.40375	125.85625
41	9	120.448841463415	125.982777777778
40	10	120.7956875	126.04875
39	11	121.102115384615	126.471136363636
38	12	121.382828947368	126.800416666667
37	13	121.634864864865	127.283846153846
36	14	122.028263888889	127.1775
35	15	122.43	127.646
34	16	122.524705882353	127.87015625
33	17	122.834393939394	128.147794117647
32	18	122.959921875	128.442777777778
31	19	123.455483870968	128.867894736842
30	20	123.6695	129.207375
29	21	124.010344827586	129.410238095238
28	22	124.162946428571	129.626022727273
27	23	124.569814814815	130.099456521739
26	24	124.824230769231	130.2825
25	25	125.2466	130.5877
24	26	125.246666666667	130.948846153846
23	27	125.703695652174	131.116296296296
22	28	125.847386363636	131.408928571429
21	29	126.10119047619	131.791120689655
20	30	126.179875	132.103833333333
19	31	126.646842105263	132.414758064516
18	32	127.219444444444	132.71421875
17	33	127.306029411765	133.073787878788
16	34	127.47140625	133.352941176471
15	35	127.725166666667	133.435857142857
14	36	127.897857142857	133.821458333333
13	37	128.291538461539	134.150743243243
12	38	128.618958333333	134.390460526316
11	39	128.764318181818	134.691602564103
10	40	129.16575	135.0829375
9	41	129.561944444444	135.267682926829
8	42	129.79125	135.603095238095
7	43	130.09	135.850174418605
6	44	130.038333333333	136.273693181818
5	45	130.528	136.476777777778
4	46	130.761875	136.742880434783
3	47	131.000833333333	137.017872340426
2	48	131.49125	137.284427083333
1	49	131.6	137.649489795918
0	50	0	137.8657
