num_of_shame_driven_denying	num_of_Pavlov	average_fitness_of_shame_driven_denying	average_fitness_of_Pavlov
50	0	118.0258	0
49	1	118.292602040816	92.175
48	2	118.582604166667	94.0275
47	3	118.867872340425	92.5033333333333
46	4	119.007119565217	93.181875
45	5	119.303222222222	92.904
44	6	119.425909090909	92.88
43	7	119.566395348837	93.9621428571429
42	8	119.942202380952	93.59125
41	9	120.424268292683	93.7077777777778
40	10	120.422625	94.4715
39	11	120.697692307692	94.3440909090909
38	12	120.931381578947	94.253125
37	13	121.19722972973	94.8213461538461
36	14	121.501736111111	94.9098214285715
35	15	121.637071428571	94.9823333333333
34	16	122.056470588235	95.26328125
33	17	122.263560606061	95.3583823529412
32	18	122.409921875	95.4344444444445
31	19	122.682580645161	95.0997368421052
30	20	122.999666666667	96.146
29	21	122.98724137931	95.7132142857143
28	22	123.439642857143	96.1132954545454
27	23	123.559444444444	95.9857608695653
26	24	123.76	96.344375
25	25	124.0189	96.6211
24	26	124.361666666667	96.6072115384616
23	27	124.644891304348	96.7857407407408
22	28	124.884204545455	96.7701785714285
21	29	124.990119047619	97.3496551724138
20	30	125.26725	97.4150833333333
19	31	125.648421052632	97.6408870967742
18	32	125.732361111111	97.46421875
17	33	125.940147058824	97.7602272727273
16	34	126.51296875	98.0874264705882
15	35	126.473	97.8601428571429
14	36	126.848392857143	98.263125
13	37	127.084807692308	98.0219594594595
12	38	127.276875	98.5407236842105
11	39	127.579318181818	98.5398717948718
10	40	127.475	98.87275
9	41	127.908333333333	98.6913414634146
8	42	128.1534375	98.7330952380953
7	43	128.471428571429	99.2600581395349
6	44	128.7275	99.2946022727273
5	45	128.968	99.3756666666667
4	46	129.0875	99.6529891304348
3	47	129.538333333333	99.4580851063829
2	48	129.1975	99.6668229166667
1	49	129.9225	99.9510204081633
0	50	0	100.1083
