num_of_shame_driven_hiding	num_of_shame_driven_denying	average_fitness_of_shame_driven_hiding	average_fitness_of_shame_driven_denying
50	0	142.5	0
49	1	142.125867346939	127.9775
48	2	141.775260416667	127.87875
47	3	141.364893617021	127.1425
46	4	140.988532608696	127.241875
45	5	140.610222222222	126.8495
44	6	140.264545454545	127.07875
43	7	139.881046511628	125.9925
42	8	139.58744047619	126.116875
41	9	139.23006097561	125.980833333333
40	10	138.9556875	125.88275
39	11	138.561217948718	125.415909090909
38	12	138.154802631579	125.384166666667
37	13	137.958243243243	125.1475
36	14	137.498194444444	124.829107142857
35	15	137.263	124.994166666667
34	16	136.951764705882	124.58421875
33	17	136.539545454545	124.398382352941
32	18	136.26140625	124.071666666667
31	19	136.026048387097	123.810263157895
30	20	135.654083333333	123.81225
29	21	135.378362068965	123.540714285714
28	22	135.014464285714	123.329431818182
27	23	134.771203703704	123.27347826087
26	24	134.250576923077	122.805729166667
25	25	134.245	122.5122
24	26	133.730104166667	122.4475
23	27	133.492391304348	122.326481481482
22	28	133.291477272727	122.070446428571
21	29	132.945714285714	121.957672413793
20	30	132.8715	121.716833333333
19	31	132.315526315789	121.424193548387
18	32	132.304583333333	121.391484375
17	33	131.826617647059	121.158939393939
16	34	131.57828125	120.898455882353
15	35	131.335833333333	120.566071428571
14	36	131.119821428571	120.561388888889
13	37	130.668076923077	120.37722972973
12	38	130.540416666667	120.107697368421
11	39	130.523636363636	120.053076923077
10	40	129.89225	119.772375
9	41	129.764444444444	119.756219512195
8	42	129.55125	119.356369047619
7	43	129.125	119.304418604651
6	44	129.106666666667	119.051931818182
5	45	128.7395	118.989944444444
4	46	128.428125	118.670326086957
3	47	128.321666666667	118.630212765957
2	48	127.9675	118.254114583333
1	49	128.2775	118.224081632653
0	50	0	118.15945
