num_of_TFT_with_trembling_hand	num_of_shame_driven_denying	average_fitness_of_TFT_with_trembling_hand	average_fitness_of_shame_driven_denying
50	0	130.2382	0
49	1	130.117704081633	126.025
48	2	129.981614583333	126.1375
47	3	129.812340425532	126.385
46	4	129.592119565217	126.198125
45	5	129.404944444444	125.586
44	6	129.312329545455	125.361666666667
43	7	129.076802325581	125.630714285714
42	8	128.906666666667	125.1234375
41	9	128.704268292683	124.936944444444
40	10	128.5175	125.0575
39	11	128.424871794872	124.507045454546
38	12	128.299539473684	124.703958333333
37	13	128.191148648649	124.175192307692
36	14	127.717569444444	124.256785714286
35	15	127.730857142857	124.093333333333
34	16	127.545220588235	124.01953125
33	17	127.492121212121	123.533823529412
32	18	127.32453125	123.625972222222
31	19	127.091532258065	123.021447368421
30	20	126.971166666667	122.935875
29	21	126.635431034483	122.871547619048
28	22	126.570446428571	122.699772727273
27	23	126.393888888889	122.588369565217
26	24	126.243653846154	122.5303125
25	25	126.0143	122.3755
24	26	125.96375	122.187596153846
23	27	125.687282608696	122.039444444444
22	28	125.507272727273	121.695982142857
21	29	125.234523809524	121.629568965517
20	30	125.364625	121.399166666667
19	31	125.204605263158	121.276935483871
18	32	124.860416666667	121.110234375
17	33	124.724117647059	120.853257575758
16	34	124.3790625	120.803382352941
15	35	124.271333333333	120.620357142857
14	36	124.199642857143	120.602986111111
13	37	123.904807692308	120.255135135135
12	38	123.885208333333	120.114078947368
11	39	123.608863636364	120.038782051282
10	40	123.42275	119.7001875
9	41	123.060555555556	119.673963414634
8	42	123.0378125	119.400892857143
7	43	123.092142857143	119.238604651163
6	44	122.751666666667	119.081193181818
5	45	123.057	118.929222222222
4	46	122.835	118.706032608696
3	47	121.993333333333	118.425478723404
2	48	122.2225	118.521458333333
1	49	122.54	118.189183673469
0	50	0	118.13705
