num_of_TFT_with_trembling_hand	num_of_Pavlov	average_fitness_of_TFT_with_trembling_hand	average_fitness_of_Pavlov
50	0	130.26675	0
49	1	130.15637755102	97.6125
48	2	130.0459375	98.4025
47	3	130.097819148936	98.2083333333333
46	4	129.909891304348	97.896875
45	5	129.769277777778	97.6445
44	6	129.739034090909	97.6954166666667
43	7	129.61761627907	98.3960714285715
42	8	129.430297619048	97.9109375
41	9	129.378902439024	98.4841666666666
40	10	129.2798125	98.37
39	11	129.214166666667	98.4636363636363
38	12	129.182960526316	98.5083333333334
37	13	129.051283783784	98.2373076923077
36	14	128.857361111111	98.6017857142857
35	15	128.838071428571	99.0008333333334
34	16	128.739558823529	99.06671875
33	17	128.631136363636	98.7147058823529
32	18	128.40515625	98.9023611111111
31	19	128.341693548387	99.0911842105263
30	20	128.314333333333	98.88675
29	21	128.19525862069	98.8760714285714
28	22	128.238035714286	99.1055681818182
27	23	128.101018518518	99.1026086956522
26	24	127.816153846154	99.4132291666667
25	25	127.6784	99.0417
24	26	127.6559375	98.9165384615384
23	27	127.653152173913	99.097962962963
22	28	127.491931818182	99.3657142857142
21	29	127.356666666667	99.3242241379311
20	30	127.348625	99.3315833333333
19	31	127.178815789474	99.5476612903226
18	32	127.288055555556	99.555859375
17	33	127.091470588235	99.535909090909
16	34	127.00484375	99.3628676470588
15	35	126.953333333333	99.6418571428572
14	36	126.726785714286	99.6095833333333
13	37	126.549615384615	99.5769594594594
12	38	126.640833333333	99.6725
11	39	126.439318181818	99.6399358974359
10	40	126.34625	99.928375
9	41	126.402777777778	99.7740853658537
8	42	126.229375	99.7874404761905
7	43	125.915	99.9618604651162
6	44	125.722083333333	99.9665909090909
5	45	125.7275	100.050944444444
4	46	125.809375	99.892445652174
3	47	125.823333333333	99.9917553191489
2	48	125.4125	99.8993229166667
1	49	125.125	100.044336734694
0	50	0	99.9064
