num_of_TFT_with_trembling_hand	num_of_guilt_driven_amending	average_fitness_of_TFT_with_trembling_hand	average_fitness_of_guilt_driven_amending
50	0	130.2799	0
49	1	130.351071428571	132.2475
48	2	130.588802083333	131.88125
47	3	130.675053191489	132.4325
46	4	130.683423913044	132.620625
45	5	130.837777777778	132.5085
44	6	130.953636363636	132.730833333333
43	7	131.075290697674	132.774642857143
42	8	131.231428571429	133.06
41	9	131.330731707317	133.165
40	10	131.3955625	133.22
39	11	131.429551282051	133.32
38	12	131.562697368421	133.377083333333
37	13	131.881689189189	133.66
36	14	131.881111111111	133.752678571429
35	15	131.891285714286	133.830166666667
34	16	132.037867647059	133.97046875
33	17	132.199848484849	133.948088235294
32	18	132.31984375	134.149305555556
31	19	132.478629032258	134.353815789474
30	20	132.629583333333	134.499625
29	21	132.708017241379	134.567261904762
28	22	132.676875	134.652045454545
27	23	132.888796296296	134.69347826087
26	24	132.998557692308	134.835104166667
25	25	133.1095	135.0034
24	26	133.129166666667	135.124038461539
23	27	133.297391304348	135.275740740741
22	28	133.33625	135.306517857143
21	29	133.560119047619	135.491982758621
20	30	133.65875	135.665666666667
19	31	133.78	135.758790322581
18	32	133.888472222222	135.806875
17	33	134.160882352941	135.899545454545
16	34	134.07	136.035735294118
15	35	134.1485	136.193642857143
14	36	134.275357142857	136.331944444444
13	37	134.369423076923	136.446689189189
12	38	134.571041666667	136.509605263158
11	39	134.519090909091	136.629935897436
10	40	134.844	136.725625
9	41	134.958055555555	136.86987804878
8	42	134.9659375	136.952380952381
7	43	135.279642857143	137.148313953488
6	44	135.160416666667	137.211988636364
5	45	135.138	137.337833333333
4	46	135.421875	137.425054347826
3	47	135.445	137.589680851064
2	48	135.87625	137.6925
1	49	135.8	137.78137755102
0	50	0	137.90555
