num_of_TFT_with_trembling_hand	num_of_shame_driven_hiding	average_fitness_of_TFT_with_trembling_hand	average_fitness_of_shame_driven_hiding
50	0	130.2873	0
49	1	130.332908163265	137.4875
48	2	130.371875	137.7
47	3	130.469787234043	137.689166666667
46	4	130.520652173913	137.840625
45	5	130.453722222222	137.7655
44	6	130.555284090909	137.948333333333
43	7	130.560755813954	137.958928571429
42	8	130.526488095238	138.1146875
41	9	130.674512195122	138.090277777778
40	10	130.73025	138.27375
39	11	130.806282051282	138.316136363636
38	12	130.827631578947	138.330625
37	13	130.817972972973	138.416346153846
36	14	130.880138888889	138.643035714286
35	15	130.983357142857	138.658
34	16	131.063897058824	138.631875
33	17	131.036818181818	138.8525
32	18	131.12078125	138.936944444444
31	19	131.1675	138.996973684211
30	20	131.165333333333	139.160125
29	21	131.097844827586	139.162142857143
28	22	131.228214285714	139.335227272727
27	23	131.330925925926	139.399673913043
26	24	131.321346153846	139.4575
25	25	131.4927	139.6185
24	26	131.469895833333	139.736346153846
23	27	131.569565217391	139.828240740741
22	28	131.518522727273	139.885178571429
21	29	131.57130952381	140.057586206897
20	30	131.729125	140.117333333333
19	31	131.799342105263	140.224919354839
18	32	131.6875	140.306953125
17	33	131.903382352941	140.464696969697
16	34	131.876875	140.538455882353
15	35	131.954666666667	140.669142857143
14	36	131.926607142857	140.749583333333
13	37	132.148846153846	140.925337837838
12	38	132.204583333333	140.972697368421
11	39	132.148181818182	141.110833333333
10	40	132.04725	141.22725
9	41	132.127777777778	141.330487804878
8	42	132.303125	141.454107142857
7	43	132.512142857143	141.617151162791
6	44	132.50125	141.733465909091
5	45	132.8825	141.871222222222
4	46	132.448125	141.95847826087
3	47	132.674166666667	142.095372340426
2	48	132.5225	142.240208333333
1	49	132.9125	142.366224489796
0	50	0	142.5
