num_of_tit_for_tat	num_of_Pavlov	average_fitness_of_tit_for_tat	average_fitness_of_Pavlov
50	0	150	0
49	1	149.652295918367	103.86
48	2	149.261354166667	104.8725
47	3	148.88164893617	104.066666666667
46	4	148.517282608696	104.318125
45	5	148.160611111111	103.44
44	6	147.780284090909	103.509166666667
43	7	147.444651162791	104.496428571429
42	8	147.090297619048	103.4496875
41	9	146.667317073171	103.765277777778
40	10	146.28325	103.35675
39	11	145.928525641026	103.150909090909
38	12	145.578092105263	103.432291666667
37	13	145.225	103.503269230769
36	14	144.900138888889	102.824464285714
35	15	144.537071428571	102.795333333333
34	16	144.147867647059	103.32578125
33	17	143.918712121212	103.387058823529
32	18	143.461484375	103.078611111111
31	19	143.106774193548	102.800394736842
30	20	142.664666666667	102.47525
29	21	142.181034482759	103.003928571429
28	22	141.940714285714	102.505340909091
27	23	141.468981481481	102.434239130435
26	24	141.221057692308	102.339166666667
25	25	140.8187	102.0844
24	26	140.508125	101.848557692308
23	27	140.154456521739	102.059166666667
22	28	139.839545454546	101.963839285714
21	29	139.350357142857	101.967413793103
20	30	139.010375	101.727083333333
19	31	138.733289473684	101.587096774194
18	32	138.150694444444	101.58578125
17	33	137.841323529412	101.313787878788
16	34	137.4865625	101.651397058824
15	35	137.130333333333	101.536785714286
14	36	136.794107142857	101.144027777778
13	37	136.315576923077	101.086283783784
12	38	136.128333333333	100.798618421053
11	39	135.781590909091	101.052115384615
10	40	135.38875	100.7730625
9	41	134.898888888889	100.787134146341
8	42	134.4378125	100.696309523809
7	43	134.285357142857	100.578720930233
6	44	133.941666666667	100.475738636364
5	45	133.5865	100.306555555556
4	46	133.15	100.193586956522
3	47	132.626666666667	100.317925531915
2	48	132.14875	100.2296875
1	49	132.045	100.005255102041
0	50	0	100.0248
