num_of_tit_for_tat	num_of_TFT_with_trembling_hand	average_fitness_of_tit_for_tat	average_fitness_of_TFT_with_trembling_hand
50	0	150	0
49	1	149.706785714286	142.4675
48	2	149.436041666667	142.1225
47	3	149.144414893617	141.91
46	4	148.861141304348	141.655
45	5	148.558555555556	141.4905
44	6	148.274602272727	141.28375
43	7	147.999534883721	140.944642857143
42	8	147.706190476191	140.7225
41	9	147.476341463415	140.258888888889
40	10	147.11375	140.22675
39	11	146.914038461538	139.935681818182
38	12	146.607171052632	139.707916666667
37	13	146.216824324324	139.2775
36	14	145.992083333333	139.21125
35	15	145.723928571429	138.947666666667
34	16	145.430955882353	138.9121875
33	17	145.070075757576	138.430588235294
32	18	144.744296875	138.27625
31	19	144.481290322581	137.937631578947
30	20	144.339333333333	137.637625
29	21	143.878706896552	137.662976190476
28	22	143.757410714286	137.248863636364
27	23	143.533055555556	136.90152173913
26	24	143.092596153846	136.855
25	25	142.8759	136.5107
24	26	142.516875	136.228173076923
23	27	142.260326086957	135.962592592593
22	28	141.991022727273	135.685982142857
21	29	141.760119047619	135.554568965517
20	30	141.37575	135.224083333333
19	31	141.131447368421	134.973951612903
18	32	140.869861111111	134.852578125
17	33	140.624705882353	134.397348484848
16	34	140.25390625	134.219411764706
15	35	139.99	134.004357142857
14	36	139.687321428571	133.790902777778
13	37	139.396153846154	133.420472972973
12	38	139.131666666667	133.35072368421
11	39	138.830681818182	132.993269230769
10	40	138.5895	132.7676875
9	41	138.196388888889	132.56
8	42	137.8903125	132.185892857143
7	43	137.638214285714	132.032848837209
6	44	137.414166666667	131.765795454545
5	45	137.3	131.539777777778
4	46	136.673125	131.27097826087
3	47	136.543333333333	130.953138297872
2	48	136.27625	130.844270833333
1	49	136.145	130.428775510204
0	50	0	130.2217
