num_of_tit_for_tat	num_of_shame_driven_hiding	average_fitness_of_tit_for_tat	average_fitness_of_shame_driven_hiding
50	0	150	0
49	1	149.811836734694	152.5
48	2	149.6175	152.33
47	3	149.445106382979	152.12
46	4	149.256086956522	151.9375
45	5	149.057333333333	151.722
44	6	148.870227272727	151.61
43	7	148.671860465116	151.355714285714
42	8	148.480714285714	151.15625
41	9	148.289756097561	150.976666666667
40	10	148.0795	150.736
39	11	147.937435897436	150.624545454545
38	12	147.763421052632	150.448333333333
37	13	147.543513513513	150.211538461538
36	14	147.331388888889	150.012857142857
35	15	147.153142857143	149.873333333333
34	16	146.928235294118	149.6475
33	17	146.763636363636	149.431176470588
32	18	146.5353125	149.249444444444
31	19	146.329677419355	149.056315789474
30	20	146.098	148.799
29	21	145.984482758621	148.662380952381
28	22	145.776428571429	148.479090909091
27	23	145.562962962963	148.254347826087
26	24	145.355384615385	148.024583333333
25	25	145.1468	147.83
24	26	144.905	147.640769230769
23	27	144.691304347826	147.411851851852
22	28	144.510454545455	147.230714285714
21	29	144.34	146.998620689655
20	30	144.068	146.765
19	31	143.916842105263	146.647419354839
18	32	143.688888888889	146.3815625
17	33	143.442941176471	146.203636363636
16	34	143.27	145.961764705882
15	35	143.054	145.791428571429
14	36	142.890714285714	145.553055555556
13	37	142.627692307692	145.355135135135
12	38	142.475	145.117631578947
11	39	142.161818181818	144.877692307692
10	40	141.957	144.7025
9	41	141.737777777778	144.496341463415
8	42	141.54	144.255
7	43	141.352857142857	144.055581395349
6	44	141.125	143.820909090909
5	45	140.918	143.607555555556
4	46	140.6175	143.387826086956
3	47	140.426666666667	143.177021276596
2	48	140.24	142.93625
1	49	140	142.727142857143
0	50	0	142.5
