num_of_tit_for_tat	num_of_guilt_driven_amending	average_fitness_of_tit_for_tat	average_fitness_of_guilt_driven_amending
50	0	150	0
49	1	149.832602040816	144.9725
48	2	149.685208333333	145.0525
47	3	149.516914893617	144.8
46	4	149.362717391304	144.5225
45	5	149.203166666667	144.5045
44	6	149.019886363636	144.264583333333
43	7	148.881860465116	144.215
42	8	148.742559523809	143.9840625
41	9	148.542804878049	143.9325
40	10	148.392375	143.73825
39	11	148.246923076923	143.587045454545
38	12	148.083157894737	143.379583333333
37	13	147.922972972973	143.345384615385
36	14	147.796111111111	143.127321428571
35	15	147.5655	143.0765
34	16	147.425882352941	142.923125
33	17	147.285	142.728676470588
32	18	147.079765625	142.538194444444
31	19	146.945161290323	142.426578947368
30	20	146.80375	142.272375
29	21	146.617327586207	142.114761904762
28	22	146.503214285714	142.066363636364
27	23	146.334722222222	141.872282608696
26	24	146.148365384615	141.7096875
25	25	145.9566	141.5288
24	26	145.843333333333	141.462211538462
23	27	145.645	141.309722222222
22	28	145.563522727273	141.138928571429
21	29	145.360476190476	140.920344827586
20	30	145.180125	140.806666666667
19	31	145.067236842105	140.667822580645
18	32	144.879444444444	140.48828125
17	33	144.673676470588	140.397348484848
16	34	144.54	140.225073529412
15	35	144.397666666667	140.142
14	36	144.237678571429	139.931597222222
13	37	144.125384615385	139.8025
12	38	143.950416666667	139.634736842105
11	39	143.770909090909	139.526153846154
10	40	143.53375	139.39125
9	41	143.460555555556	139.230121951219
8	42	143.32625	139.048630952381
7	43	143.122857142857	138.928197674419
6	44	142.987916666667	138.785795454546
5	45	142.774	138.618055555556
4	46	142.616875	138.484184782609
3	47	142.435	138.378882978723
2	48	142.40125	138.211822916667
1	49	142.1875	138.038826530612
0	50	0	137.88785
