num_of_always_defect	num_of_TFT_with_trembling_hand	average_fitness_of_always_defect	average_fitness_of_TFT_with_trembling_hand
100	0	0	0
99	1	0.849595959595959	-63.255
98	2	1.70336734693878	-62.44625
97	3	2.57463917525773	-61.1366666666667
96	4	3.41677083333333	-60.110625
95	5	4.26547368421052	-58.908
94	6	5.14351063829787	-57.9925
93	7	5.97602150537634	-56.8164285714286
92	8	6.855	-55.754375
91	9	7.68582417582417	-54.5811111111111
90	10	8.55844444444444	-53.51375
89	11	9.40101123595506	-52.5313636363636
88	12	10.2644318181818	-51.4014583333333
87	13	11.1426436781609	-50.2128846153846
86	14	11.9373255813954	-49.3710714285714
85	15	12.8096470588235	-48.1046666666667
84	16	13.6809523809524	-46.9096875
83	17	14.5001204819277	-45.885
82	18	15.4075609756098	-44.8544444444444
81	19	16.2220987654321	-43.6480263157895
80	20	17.1185	-42.3935
79	21	17.9520253164557	-41.3944047619048
78	22	18.8126923076923	-40.4534090909091
77	23	19.6533766233766	-39.205
76	24	20.4834210526316	-38.1891666666667
75	25	21.3566666666667	-37.0645
74	26	22.2401351351351	-35.9751923076923
73	27	23.0675342465754	-34.8831481481482
72	28	23.9063888888889	-33.8190178571429
71	29	24.7721126760563	-32.6700862068966
70	30	25.661	-31.5905833333333
69	31	26.4959420289855	-30.5574193548387
68	32	27.335	-29.39859375
67	33	28.2167164179104	-28.3003787878788
66	34	29.0454545454545	-27.2113235294118
65	35	29.9149230769231	-26.1865
64	36	30.7196875	-24.9434027777778
63	37	31.6474603174603	-23.8907432432432
62	38	32.4301612903226	-22.736447368421
61	39	33.3155737704918	-21.6777564102564
60	40	34.2365	-20.5465625
59	41	35.091186440678	-19.4561585365854
58	42	35.8972413793103	-18.3902976190476
57	43	36.7812280701754	-17.3196511627907
56	44	37.6419642857143	-16.1809659090909
55	45	38.4698181818182	-15.0602777777778
54	46	39.2787037037037	-13.9290760869565
53	47	40.1437735849057	-12.889414893617
52	48	41.0032692307692	-11.7892708333333
51	49	41.8966666666667	-10.7184693877551
50	50	42.7398	-9.5334
49	51	43.6202040816327	-8.6053431372549
48	52	44.4683333333333	-7.38480769230769
47	53	45.276170212766	-6.30268867924528
46	54	46.1397826086957	-5.26805555555556
45	55	47.0826666666667	-4.07254545454546
44	56	47.8611363636364	-3.03294642857143
43	57	48.6986046511628	-1.88407894736842
42	58	49.5447619047619	-0.73728448275862
41	59	50.4017073170732	0.236694915254237
40	60	51.2805	1.44645833333333
39	61	52.1189743589743	2.49770491803279
38	62	52.9447368421053	3.5508064516129
37	63	53.8337837837838	4.67916666666667
36	64	54.7691666666666	5.692265625
35	65	55.5328571428571	6.87788461538462
34	66	56.3652941176471	7.88575757575757
33	67	57.2842424242424	9.05149253731343
32	68	58.12375	10.1784926470588
31	69	58.9967741935484	11.3022101449275
30	70	59.8463333333333	12.3866428571429
29	71	60.7410344827586	13.5186267605634
28	72	61.5103571428572	14.5563194444444
27	73	62.3766666666666	15.6882191780822
26	74	63.2796153846154	16.7546283783784
25	75	64.1012	17.8470666666667
24	76	64.9820833333334	18.9590131578947
23	77	65.8517391304348	20.1399350649351
22	78	66.5836363636364	21.2183012820513
21	79	67.5233333333333	22.3069303797468
20	80	68.404	23.42559375
19	81	69.1815789473684	24.4577469135802
18	82	69.9566666666666	25.5884756097561
17	83	70.8417647058823	26.6658734939759
16	84	71.806875	27.7867857142857
15	85	72.5566666666667	28.8392352941176
14	86	73.4	29.9531976744186
13	87	74.2207692307692	31.0987068965517
12	88	75.2366666666666	32.1607954545455
11	89	76.0345454545455	33.2612359550562
10	90	76.882	34.3271944444445
9	91	77.7644444444445	35.5037912087912
8	92	78.55125	36.5657608695652
7	93	79.4385714285714	37.6789784946236
6	94	80.24	38.7585638297872
5	95	81.228	39.8688157894737
4	96	82.1175	40.9788541666667
3	97	82.79	42.0797164948454
2	98	83.52	43.1760969387755
1	99	84.89	44.2859343434343
0	100	0	45.351075
