num_of_always_trembling	num_of_guilt_driven_amending	average_fitness_of_always_trembling	average_fitness_of_guilt_driven_amending
100	0	25.03925	0
99	1	25.2913888888889	-4.3725
98	2	25.7791581632653	-3.305
97	3	26.2352835051546	-3.1175
96	4	26.5846875	-2.4525
95	5	27.0809736842105	-2.1545
94	6	27.1253989361702	-1.58166666666667
93	7	27.5326344086022	-0.895714285714286
92	8	28.2441032608696	-0.033125
91	9	28.5189010989011	0.0744444444444445
90	10	28.8798333333333	0.7335
89	11	29.2481460674157	1.25477272727273
88	12	29.5977556818182	1.81
87	13	30.0984482758621	2.09865384615385
86	14	30.702238372093	2.56107142857143
85	15	30.8086176470588	3.09066666666667
84	16	31.0579166666667	3.64953125
83	17	31.5867771084337	4.22426470588235
82	18	31.8683536585366	4.85055555555555
81	19	32.3154938271605	5.26671052631579
80	20	32.88534375	5.915
79	21	33.1923101265823	6.35190476190476
78	22	33.461282051282	6.74863636363636
77	23	33.8749025974026	7.1904347826087
76	24	34.3382894736842	7.8328125
75	25	34.9315	8.3312
74	26	35.1456081081081	8.74240384615384
73	27	35.663801369863	9.29731481481481
72	28	35.8832638888889	9.68285714285714
71	29	36.4239084507042	10.1978448275862
70	30	36.7458214285714	10.6641666666667
69	31	37.0339492753623	11.366935483871
68	32	37.3712132352941	11.730390625
67	33	37.9713432835821	12.2932575757576
66	34	38.2935606060606	12.9724264705882
65	35	38.6991538461538	13.2070714285714
64	36	38.9295703125	13.8743055555556
63	37	39.4132936507937	14.3355405405405
62	38	39.8972177419355	14.7201315789474
61	39	40.1823360655738	15.3786538461538
60	40	40.507125	15.7963125
59	41	40.9385169491525	16.3262804878049
58	42	41.3299137931035	16.9359523809524
57	43	41.9417105263158	17.4571511627907
56	44	42.0578125	18.0353977272727
55	45	42.5229090909091	18.3856666666667
54	46	42.9972685185185	18.9383152173913
53	47	43.3132547169812	19.5382978723404
52	48	43.7769230769231	19.9515625
51	49	44.0217647058824	20.3436734693878
50	50	44.4511	20.9679
49	51	44.9834183673469	21.5580882352941
48	52	45.1657291666667	21.9736538461539
47	53	45.6088297872341	22.5118867924528
46	54	46.0565760869565	22.9649537037037
45	55	46.3725	23.4430454545455
44	56	46.7715909090909	24.0150892857143
43	57	47.1487209302326	24.5587280701754
42	58	47.4764880952381	25.0091379310345
41	59	47.9893292682927	25.4722457627119
40	60	48.378	26.0703333333333
39	61	48.7835256410256	26.591393442623
38	62	49.1246052631579	27.0378629032258
37	63	49.3375675675675	27.5123412698413
36	64	50.0042361111111	28.0279296875
35	65	50.3205714285714	28.5169230769231
34	66	50.6882352941177	29.0161363636364
33	67	51.0559848484848	29.6057462686567
32	68	51.464609375	30.0758823529412
31	69	51.8223387096774	30.5404710144928
30	70	52.25925	31.1340357142857
29	71	52.69	31.5649295774648
28	72	53.1146428571428	32.1191666666667
27	73	53.5756481481481	32.5716780821918
26	74	53.7205769230769	33.1420945945946
25	75	54.2933	33.5690666666667
24	76	54.513125	34.2013157894737
23	77	54.9122826086957	34.7149675324675
22	78	55.3876136363636	35.1469551282051
21	79	55.8002380952381	35.683417721519
20	80	56.092875	36.14621875
19	81	56.4360526315789	36.6733950617284
18	82	56.90375	37.1369817073171
17	83	57.2327941176471	37.6584036144578
16	84	57.87546875	38.237380952381
15	85	58.0165	38.6978235294118
14	86	58.4096428571429	39.2365406976744
13	87	58.8459615384616	39.7641379310345
12	88	59.1397916666667	40.1958238636364
11	89	59.6252272727273	40.7221348314607
10	90	59.91125	41.2649722222222
9	91	60.1347222222222	41.7689560439561
8	92	60.695625	42.2273913043478
7	93	61.2771428571429	42.7898655913978
6	94	61.9666666666667	43.2230053191489
5	95	61.88	43.7936315789474
4	96	62.425	44.3194791666667
3	97	62.4033333333333	44.8253350515464
2	98	63.385	45.3558673469388
1	99	63.7825	45.8206313131313
0	100	0	46.33195
