num_of_always_cooperate	num_of_Pavlov	average_fitness_of_always_cooperate	average_fitness_of_Pavlov
100	0	50	0
99	1	49.8180808080808	119.1875
98	2	49.6225510204082	119.425
97	3	49.430206185567	121.406666666667
96	4	49.2571875	119.775625
95	5	49.0744210526316	117.8675
94	6	48.8621276595745	118.137083333333
93	7	48.6881720430108	116.953928571429
92	8	48.5190217391304	116.1346875
91	9	48.3053846153846	116.205833333333
90	10	48.133	115.53125
89	11	47.9350561797753	114.019090909091
88	12	47.7482954545454	114.190833333333
87	13	47.5644827586207	113.963461538462
86	14	47.3970930232558	113.635892857143
85	15	47.1628235294118	112.054333333333
84	16	46.9467857142857	111.59921875
83	17	46.7796385542168	110.640441176471
82	18	46.6545121951219	109.990833333333
81	19	46.3949382716049	110.002368421053
80	20	46.255125	109.482875
79	21	46.0775949367088	108.349404761905
78	22	45.8571794871795	108.231818181818
77	23	45.6848051948052	107.133695652174
76	24	45.5177631578947	106.8875
75	25	45.2838666666667	106.4
74	26	45.1018918918919	105.852596153846
73	27	44.9991780821918	105.123703703704
72	28	44.7804166666667	104.705803571429
71	29	44.6325352112676	104.178620689655
70	30	44.3831428571429	103.39425
69	31	44.1427536231884	102.946290322581
68	32	43.9626470588235	102.75625
67	33	43.809104477612	101.854545454545
66	34	43.5401515151515	101.187058823529
65	35	43.43	100.5615
64	36	43.24609375	99.9386805555556
63	37	43.0388888888889	99.5980405405405
62	38	42.863064516129	99.0416447368421
61	39	42.634262295082	98.535641025641
60	40	42.4708333333333	97.831625
59	41	42.2591525423729	97.1073170731707
58	42	42.1060344827586	96.6982738095238
57	43	41.939298245614	95.9506395348837
56	44	41.7191071428572	95.4765340909091
55	45	41.4814545454546	94.9653888888889
54	46	41.4398148148148	94.5027173913044
53	47	41.1724528301887	93.7598404255319
52	48	41.0051923076923	93.4377083333333
51	49	40.7635294117647	93.0601530612245
50	50	40.62	92.34005
49	51	40.3712244897959	91.7267647058823
48	52	40.235625	90.9594230769231
47	53	40.1221276595745	90.467641509434
46	54	39.8093478260869	89.9338425925926
45	55	39.6266666666667	89.2850454545455
44	56	39.4475	88.7323214285714
43	57	39.2332558139535	88.2471052631579
42	58	39.1414285714286	87.5625862068966
41	59	38.8831707317073	87.2309745762712
40	60	38.709	86.5501666666667
39	61	38.5635897435897	85.8834426229508
38	62	38.3797368421053	85.3271370967742
37	63	38.0810810810811	84.821746031746
36	64	37.9402777777778	84.3034375
35	65	37.84	83.59
34	66	37.5802941176471	83.1639393939394
33	67	37.4281818181818	82.6638059701493
32	68	37.1871875	82.0268014705883
31	69	36.9790322580645	81.4617753623189
30	70	36.6516666666667	80.9305714285714
29	71	36.7331034482759	80.4088732394366
28	72	36.5753571428571	79.6969097222222
27	73	36.3155555555556	78.9941780821918
26	74	36.2080769230769	78.6493581081081
25	75	35.838	78.0072
24	76	35.83875	77.2781907894737
23	77	35.485652173913	76.8011038961039
22	78	35.2822727272727	76.1601923076923
21	79	35.2647619047619	75.6050949367088
20	80	34.977	74.994875
19	81	34.6521052631579	74.5510802469136
18	82	34.5561111111111	73.9189939024391
17	83	34.5441176470588	73.4043674698795
16	84	34.196875	72.8046130952381
15	85	33.9386666666667	72.1692941176471
14	86	33.8392857142857	71.5810174418605
13	87	33.8069230769231	70.9854310344828
12	88	33.4466666666667	70.4550284090909
11	89	33.4990909090909	69.8571629213483
10	90	33.204	69.3264722222222
9	91	32.7611111111111	68.6299175824176
8	92	32.78375	68.0954076086957
7	93	32.35	67.5119623655914
6	94	32.3266666666667	66.9351861702128
5	95	32.14	66.3113421052632
4	96	32.085	65.759296875
3	97	32.16	65.2282216494846
2	98	31.165	64.6380357142857
1	99	31.4	63.9975505050505
0	100	0	63.4225
