num_of_always_cooperate	num_of_guilt_driven_amending	average_fitness_of_always_cooperate	average_fitness_of_guilt_driven_amending
100	0	50	0
99	1	49.8991919191919	57.3275
98	2	49.7988775510204	57.23
97	3	49.6989690721649	57.1125
96	4	49.6003125	57.013125
95	5	49.5087368421053	56.8685
94	6	49.4125531914894	56.7566666666667
93	7	49.3215053763441	56.6653571428571
92	8	49.2206521739131	56.5846875
91	9	49.1197802197802	56.4011111111111
90	10	49.0227777777778	56.281
89	11	48.9132584269663	56.1688636363636
88	12	48.8161363636364	56.0539583333333
87	13	48.7142528735632	55.9896153846154
86	14	48.61	55.9030357142857
85	15	48.5043529411765	55.7121666666667
84	16	48.42	55.5975
83	17	48.3287951807229	55.5160294117647
82	18	48.209512195122	55.4497222222222
81	19	48.1320987654321	55.2793421052632
80	20	48.050375	55.226375
79	21	47.9181012658228	55.1225
78	22	47.8364102564103	55.0103409090909
77	23	47.758961038961	54.8780434782609
76	24	47.6369736842105	54.7677083333333
75	25	47.5501333333333	54.6813
74	26	47.4358108108108	54.5665384615384
73	27	47.3183561643836	54.4069444444444
72	28	47.2463888888889	54.3201785714285
71	29	47.1104225352113	54.1843965517241
70	30	47.0517142857143	54.0654166666667
69	31	46.9405797101449	53.9449193548387
68	32	46.8635294117647	53.85046875
67	33	46.7953731343283	53.7462878787879
66	34	46.6504545454545	53.6417647058824
65	35	46.5533846153846	53.5322857142857
64	36	46.47703125	53.4613194444444
63	37	46.3161904761905	53.3377702702703
62	38	46.265	53.1817763157895
61	39	46.1339344262295	53.0904487179487
60	40	46.0795	52.996625
59	41	45.9886440677966	52.8710365853658
58	42	45.8577586206896	52.762619047619
57	43	45.7980701754386	52.6378488372093
56	44	45.66625	52.5357386363636
55	45	45.5669090909091	52.4585555555555
54	46	45.4894444444444	52.2838586956522
53	47	45.3730188679246	52.2146276595745
52	48	45.2782692307692	52.1015625
51	49	45.1072549019608	51.9898979591837
50	50	45.049	51.85785
49	51	44.9930612244898	51.7541666666666
48	52	44.9008333333333	51.6278846153846
47	53	44.8055319148936	51.544103773585
46	54	44.6839130434782	51.4554166666667
45	55	44.584	51.3121818181818
44	56	44.5040909090909	51.2335714285714
43	57	44.4048837209302	51.0701754385965
42	58	44.3080952380953	50.9593103448276
41	59	44.1843902439024	50.8735169491525
40	60	44.06625	50.7895833333333
39	61	44.0215384615385	50.7225
38	62	43.9471052631579	50.5593548387097
37	63	43.7686486486487	50.3983333333333
36	64	43.7158333333333	50.3208203125
35	65	43.5888571428572	50.2115
34	66	43.5358823529412	50.124696969697
33	67	43.3818181818182	49.9379850746269
32	68	43.283125	49.8999264705882
31	69	43.1874193548387	49.7346014492754
30	70	43.1066666666667	49.7211071428571
29	71	43.0658620689655	49.5197887323944
28	72	42.9439285714286	49.4211111111111
27	73	42.8037037037037	49.3352054794521
26	74	42.7130769230769	49.2005405405405
25	75	42.5772	49.0920666666667
24	76	42.4883333333334	48.9859539473684
23	77	42.3708695652174	48.8714935064935
22	78	42.3204545454545	48.7954166666667
21	79	42.2366666666667	48.6774050632911
20	80	42.1045	48.5241875
19	81	42.0263157894737	48.4503086419753
18	82	41.975	48.3203353658537
17	83	41.85	48.2065963855422
16	84	41.7475	48.0862202380952
15	85	41.6326666666667	47.9673823529412
14	86	41.5321428571428	47.9011337209302
13	87	41.3807692307692	47.8132183908046
12	88	41.3616666666667	47.6419886363636
11	89	41.2454545454545	47.5666011235955
10	90	41.189	47.4426388888889
9	91	41.0066666666667	47.3278296703297
8	92	40.96375	47.2024184782609
7	93	40.8471428571428	47.1097849462366
6	94	40.73	46.9884840425532
5	95	40.684	46.8531052631579
4	96	40.4925	46.7596354166667
3	97	40.45	46.6442525773196
2	98	40.315	46.5409693877551
1	99	40.34	46.414696969697
0	100	0	46.317575
