num_of_always_defect	num_of_shame_driven_hiding	average_fitness_of_always_defect	average_fitness_of_shame_driven_hiding
100	0	0	0
99	1	0.852323232323231	-63.8025
98	2	1.70551020408163	-62.14875
97	3	2.56752577319588	-61.6708333333333
96	4	3.41947916666667	-60.5375
95	5	4.26694736842105	-59.1645
94	6	5.13617021276596	-58.0904166666667
93	7	5.97161290322581	-57.0664285714286
92	8	6.83945652173914	-56.059375
91	9	7.71230769230769	-55.0122222222222
90	10	8.54933333333333	-54.00975
89	11	9.38258426966292	-52.915
88	12	10.2522727272727	-51.7591666666667
87	13	11.1235632183908	-50.7273076923077
86	14	11.9929069767442	-49.5766071428571
85	15	12.8302352941176	-48.4608333333333
84	16	13.6761904761905	-47.4965625
83	17	14.5361445783133	-46.3510294117647
82	18	15.3858536585366	-45.3786111111111
81	19	16.2681481481481	-44.3610526315789
80	20	17.067	-43.244875
79	21	17.9364556962025	-42.0803571428572
78	22	18.7911538461539	-41.0686363636364
77	23	19.6654545454545	-39.8990217391304
76	24	20.5289473684211	-38.7995833333333
75	25	21.3706666666667	-37.7271
74	26	22.2427027027027	-36.6923076923077
73	27	23.0547945205479	-35.5084259259259
72	28	23.9372222222222	-34.4149107142857
71	29	24.7861971830986	-33.3513793103448
70	30	25.65	-32.319
69	31	26.513768115942	-31.2491935483871
68	32	27.3392647058824	-29.995234375
67	33	28.1870149253732	-29.0403787878788
66	34	29.0801515151515	-27.9005882352941
65	35	29.8856923076923	-26.7732142857143
64	36	30.75265625	-25.6718055555555
63	37	31.5584126984127	-24.5966891891892
62	38	32.4745161290323	-23.5819736842105
61	39	33.3090163934426	-22.4337179487179
60	40	34.1748333333333	-21.3155
59	41	35.0106779661017	-20.1443902439024
58	42	35.9234482758621	-19.1197619047619
57	43	36.819649122807	-17.9818604651163
56	44	37.5828571428571	-16.8973295454546
55	45	38.4627272727273	-15.8434444444444
54	46	39.3288888888889	-14.6940217391304
53	47	40.2018867924528	-13.6831382978723
52	48	41.0484615384615	-12.3388541666667
51	49	41.9117647058823	-11.2510204081633
50	50	42.7074	-10.2537
49	51	43.6291836734694	-9.04289215686274
48	52	44.3891666666667	-8.00759615384615
47	53	45.2555319148936	-6.8238679245283
46	54	46.1467391304348	-5.78587962962963
45	55	47.0322222222222	-4.67227272727273
44	56	47.8547727272727	-3.44620535714286
43	57	48.6932558139535	-2.3359649122807
42	58	49.5530952380952	-1.27646551724138
41	59	50.4448780487805	-0.0946186440677966
40	60	51.28775	0.95525
39	61	52.1328205128205	2.13356557377049
38	62	52.9163157894737	3.30661290322581
37	63	53.7927027027027	4.36670634920635
36	64	54.6655555555556	5.518984375
35	65	55.5942857142857	6.72469230769231
34	66	56.3991176470588	7.86170454545455
33	67	57.2648484848485	9.05638059701493
32	68	58.129375	10.1124264705882
31	69	58.9935483870968	11.3217753623188
30	70	59.788	12.3719285714286
29	71	60.7651724137931	13.5709154929577
28	72	61.4925	14.6627777777778
27	73	62.3888888888889	15.8260616438356
26	74	63.2934615384615	16.9676689189189
25	75	64.2224	18.1379333333333
24	76	64.93125	19.2729934210526
23	77	65.8126086956522	20.4650649350649
22	78	66.6127272727273	21.6684615384615
21	79	67.5376190476191	22.7703481012658
20	80	68.439	23.9495625
19	81	69.2115789473684	25.149475308642
18	82	70.1838888888889	26.2346646341463
17	83	70.934705882353	27.444156626506
16	84	71.87875	28.5986904761905
15	85	72.674	29.7592058823529
14	86	73.5978571428572	30.9683139534884
13	87	74.2815384615385	32.1318390804598
12	88	75.205	33.2851704545455
11	89	76.1836363636364	34.441095505618
10	90	76.923	35.61725
9	91	77.7288888888889	36.8006868131868
8	92	78.63625	37.9699184782609
7	93	79.4657142857143	39.1761290322581
6	94	80.3983333333334	40.3693617021277
5	95	81.356	41.5550263157895
4	96	81.945	42.7422395833333
3	97	82.7933333333333	43.9069329896907
2	98	83.835	45.1304081632653
1	99	84.24	46.3095707070707
0	100	0	47.5
