num_of_always_trembling	num_of_Pavlov	average_fitness_of_always_trembling	average_fitness_of_Pavlov
100	0	25.045175	0
99	1	25.3967929292929	24.275
98	2	25.8335204081633	26.005
97	3	26.0565206185567	24.9716666666667
96	4	26.57765625	25.3525
95	5	26.8835263157895	26.59
94	6	27.1909308510638	26.46875
93	7	27.7942741935484	27.1632142857143
92	8	28.0266847826087	27.2790625
91	9	28.6195879120879	27.7413888888889
90	10	28.8539722222222	27.78475
89	11	29.2925842696629	28.3411363636364
88	12	29.6282386363636	29.5352083333333
87	13	30.2190804597701	29.6978846153846
86	14	30.3880232558139	30.0798214285714
85	15	30.7865588235294	30.1648333333333
84	16	31.2396726190476	30.4071875
83	17	31.7294578313253	30.8792647058824
82	18	32.0552134146342	31.3534722222222
81	19	32.3675925925926	31.8284210526316
80	20	32.85921875	32.068375
79	21	33.3754113924051	32.2905952380953
78	22	33.7774038461538	32.87125
77	23	34.0862337662338	33.0615217391304
76	24	34.2792434210526	33.6697916666667
75	25	34.7508666666667	34.0533
74	26	35.2985472972973	34.4863461538461
73	27	35.4420547945205	34.4281481481481
72	28	35.8736805555556	35.426875
71	29	36.4046830985916	35.810775862069
70	30	36.5846071428572	35.8659166666667
69	31	36.9711956521739	36.5620967741935
68	32	37.6573161764706	36.8078125
67	33	37.7259701492537	37.4522727272727
66	34	38.4448484848485	37.6674264705882
65	35	38.6336923076923	37.8549285714286
64	36	39.1713671875	38.3251388888889
63	37	39.5950793650794	38.7557432432433
62	38	39.7492338709677	39.0611842105263
61	39	40.3925819672131	39.6255769230769
60	40	40.659375	39.832
59	41	41.0301271186441	40.3009756097561
58	42	41.4588362068965	40.5545833333333
57	43	41.6717105263158	40.9149418604651
56	44	42.2773214285714	41.5321590909091
55	45	42.5575454545455	41.8356111111111
54	46	43.0087962962963	42.2984239130435
53	47	43.2829245283019	42.6652127659574
52	48	43.7762980769231	43.1052604166667
51	49	44.1325490196078	43.5007142857143
50	50	44.61865	43.80005
49	51	44.8384693877551	44.2835784313726
48	52	45.3825	44.7335576923077
47	53	45.6956382978723	44.9553301886793
46	54	46.1673913043478	45.3616666666667
45	55	46.7808333333333	45.7985
44	56	46.9474431818182	46.2399553571429
43	57	47.2722674418604	46.328552631579
42	58	47.7941666666667	46.9281034482759
41	59	47.9268902439024	47.4497033898305
40	60	48.4454375	47.6276666666667
39	61	48.7546794871795	48.1164754098361
38	62	49.433947368421	48.2702419354839
37	63	49.6616891891892	48.7800396825397
36	64	50.0061805555556	49.210078125
35	65	50.5394285714286	49.7338076923077
34	66	50.5955882352941	50.0186363636364
33	67	51.2573484848485	50.4666044776119
32	68	51.609765625	50.7208823529412
31	69	51.8745161290322	51.2499637681159
30	70	52.4103333333333	51.5436428571428
29	71	52.6075862068965	51.9707746478873
28	72	53.093125	52.4151041666666
27	73	53.4031481481482	52.8448287671233
26	74	53.9003846153846	53.1854391891892
25	75	54.3767	53.5894
24	76	55.0477083333333	53.9268421052632
23	77	55.0430434782609	54.4090584415584
22	78	55.5339772727273	54.766858974359
21	79	56.0046428571428	55.0202215189873
20	80	56.440375	55.55009375
19	81	56.6485526315789	55.9506172839506
18	82	56.8929166666667	56.2820426829268
17	83	57.5352941176471	56.6473493975904
16	84	57.78515625	57.0852678571429
15	85	58.1431666666667	57.5881764705882
14	86	58.4473214285714	57.8378779069767
13	87	58.8388461538461	58.3570977011494
12	88	59.5827083333333	58.6525568181818
11	89	60.0420454545455	59.1912640449438
10	90	60.289	59.4259444444444
9	91	61.0608333333333	59.8658791208791
8	92	60.904375	60.3504891304348
7	93	61.2975	60.6235215053763
6	94	61.8904166666667	60.9762765957447
5	95	62.7615	61.3822105263158
4	96	63.081875	61.8481510416667
3	97	64.0666666666667	62.2816752577319
2	98	63.6025	62.6763265306123
1	99	64.3675	62.9675
0	100	0	63.453575
