num_of_always_defect	num_of_Pavlov	average_fitness_of_always_defect	average_fitness_of_Pavlov
100	0	0	0
99	1	1.24626262626263	-75.0075
98	2	2.47795918367347	-73.8625
97	3	3.75845360824742	-72.6075
96	4	4.9734375	-71.158125
95	5	6.20452631578947	-69.407
94	6	7.44351063829787	-68.1833333333333
93	7	8.71376344086022	-66.6546428571429
92	8	9.95760869565217	-65.295625
91	9	11.2007692307692	-64.0158333333333
90	10	12.4262222222222	-62.5235
89	11	13.6488764044944	-61.1493181818182
88	12	14.8972727272727	-59.7885416666667
87	13	16.1603448275862	-58.275
86	14	17.4229069767442	-56.9966071428571
85	15	18.6490588235294	-55.712
84	16	19.8846428571429	-54.16234375
83	17	21.114578313253	-52.9110294117647
82	18	22.3631707317073	-51.3284722222222
81	19	23.609012345679	-49.843947368421
80	20	24.892125	-48.74425
79	21	26.1088607594937	-47.2077380952381
78	22	27.2642307692308	-45.76375
77	23	28.5311688311688	-44.3731521739131
76	24	29.7903947368421	-42.8394791666667
75	25	31.0889333333333	-41.3514
74	26	32.2898648648649	-40.1910576923077
73	27	33.6015068493151	-38.8282407407407
72	28	34.6902777777778	-37.2990178571429
71	29	36.0225352112676	-35.9893965517241
70	30	37.2978571428572	-34.62425
69	31	38.5150724637681	-33.195564516129
68	32	39.705	-31.649921875
67	33	40.8982089552239	-30.3802272727273
66	34	42.1728787878788	-28.9827205882353
65	35	43.512	-27.6683571428571
64	36	44.69546875	-26.0966666666667
63	37	45.9355555555556	-24.6991891891892
62	38	47.203870967742	-23.2338157894737
61	39	48.5391803278688	-22.0927564102564
60	40	49.7256666666667	-20.51625
59	41	50.9157627118644	-19.1342682926829
58	42	52.1318965517241	-17.8520833333333
57	43	53.3436842105263	-16.4133720930232
56	44	54.6717857142857	-14.9821590909091
55	45	55.8769090909091	-13.7255
54	46	57.1307407407407	-12.036847826087
53	47	58.418679245283	-10.8863829787234
52	48	59.6376923076923	-9.11098958333333
51	49	60.745294117647	-7.89270408163265
50	50	62.1544	-6.48635
49	51	63.37	-4.94696078431373
48	52	64.6160416666667	-3.87451923076923
47	53	65.9408510638298	-2.27900943396226
46	54	67.1460869565217	-0.957129629629629
45	55	68.3397777777778	0.522818181818182
44	56	69.6590909090909	1.93160714285714
43	57	70.8279069767442	3.32640350877193
42	58	72.0002380952381	4.67422413793103
41	59	73.2580487804878	6.15279661016949
40	60	74.5265	7.48941666666667
39	61	75.7679487179487	8.80053278688524
38	62	77.043947368421	10.3320564516129
37	63	78.2159459459459	11.7283333333333
36	64	79.4972222222222	13.164375
35	65	80.7425714285714	14.4882692307692
34	66	81.9202941176471	15.96
33	67	83.0839393939394	17.1767537313433
32	68	84.426875	18.5752205882353
31	69	85.7461290322581	20.273768115942
30	70	86.9526666666667	21.5426428571429
29	71	88.2355172413793	23.0233450704225
28	72	89.4710714285715	24.3110069444444
27	73	90.6133333333333	25.6183904109589
26	74	91.8073076923077	27.0956756756757
25	75	93.1704	28.5095
24	76	94.48125	29.9385526315789
23	77	95.7060869565218	31.3004545454546
22	78	96.7918181818182	32.7217628205128
21	79	98.1414285714286	34.0650949367089
20	80	99.497	35.413625
19	81	100.441578947368	36.9724691358025
18	82	101.810555555556	38.353506097561
17	83	102.941764705882	39.8144578313253
16	84	104.303125	41.1013095238095
15	85	105.426666666667	42.4937058823529
14	86	106.761428571429	44.0413372093023
13	87	108.021538461538	45.3230459770115
12	88	109.4225	46.709375
11	89	110.662727272727	48.0330617977528
10	90	111.647	49.5886111111111
9	91	113.245555555556	50.974065934066
8	92	114.295	52.3084782608696
7	93	115.708571428571	53.764435483871
6	94	116.708333333333	55.0967287234043
5	95	118.024	56.4723684210526
4	96	119.0525	57.8426041666667
3	97	120.67	59.1964175257732
2	98	121.53	60.6702040816326
1	99	122.63	62.1232323232323
0	100	0	63.50475
