num_of_always_cooperate	num_of_TFT_with_trembling_hand	average_fitness_of_always_cooperate	average_fitness_of_TFT_with_trembling_hand
100	0	50	0
99	1	49.8941414141414	57.5
98	2	49.7997959183673	57.36125
97	3	49.6880412371134	57.2825
96	4	49.6054166666667	57.153125
95	5	49.4955789473684	56.9805
94	6	49.395	56.96125
93	7	49.3083870967742	56.7564285714285
92	8	49.1945652173913	56.6509375
91	9	49.0853846153846	56.5647222222222
90	10	48.9956666666667	56.379
89	11	48.906404494382	56.2463636363637
88	12	48.7769318181818	56.0910416666667
87	13	48.6680459770115	56.0398076923077
86	14	48.6072093023256	55.91875
85	15	48.4805882352941	55.7648333333333
84	16	48.4016666666667	55.62171875
83	17	48.3068674698795	55.5510294117647
82	18	48.1779268292683	55.4051388888889
81	19	48.0934567901235	55.3236842105263
80	20	48.012125	55.1925
79	21	47.8545569620253	55.0594047619048
78	22	47.8038461538462	54.9553409090909
77	23	47.6698701298701	54.8295652173913
76	24	47.5619736842105	54.6673958333333
75	25	47.4706666666667	54.5623
74	26	47.3781081081081	54.4444230769231
73	27	47.2695890410959	54.3027777777778
72	28	47.1676388888889	54.1971428571429
71	29	47.0666197183099	54.0662068965517
70	30	46.9597142857143	53.9396666666667
69	31	46.8749275362319	53.8283064516129
68	32	46.777205882353	53.705625
67	33	46.6519402985075	53.5378787878788
66	34	46.5621212121212	53.4819117647059
65	35	46.4858461538462	53.3222142857143
64	36	46.39046875	53.2063194444444
63	37	46.2465079365079	53.0956081081081
62	38	46.1493548387097	52.982302631579
61	39	46.0681967213115	52.8353205128205
60	40	46.0041666666666	52.6735
59	41	45.8637288135593	52.6617073170732
58	42	45.7805172413793	52.5138095238095
57	43	45.639298245614	52.3426744186046
56	44	45.57125	52.2589204545454
55	45	45.4554545454545	52.0784444444444
54	46	45.3481481481481	51.9723369565218
53	47	45.2584905660377	51.893829787234
52	48	45.1694230769231	51.8042708333333
51	49	45.0421568627451	51.6190306122449
50	50	44.9668	51.4846
49	51	44.8102040816326	51.340931372549
48	52	44.7402083333333	51.2492307692308
47	53	44.6202127659574	51.116037735849
46	54	44.5754347826087	50.9875925925926
45	55	44.4346666666667	50.8569090909091
44	56	44.3284090909091	50.7490625
43	57	44.2206976744186	50.6391666666667
42	58	44.1502380952381	50.5159913793103
41	59	44.0365853658536	50.3516525423729
40	60	43.94975	50.2157083333333
39	61	43.8479487179487	50.1281967213115
38	62	43.7173684210527	50.0120161290323
37	63	43.6635135135135	49.8831746031746
36	64	43.5366666666667	49.7733203125
35	65	43.468	49.6353846153846
34	66	43.3376470588235	49.544053030303
33	67	43.2269696969697	49.4519029850746
32	68	43.1375	49.2829411764706
31	69	43.0332258064516	49.2090579710145
30	70	42.9353333333333	49.0783214285714
29	71	42.8531034482759	48.8945774647887
28	72	42.7471428571428	48.7846875
27	73	42.637037037037	48.6727397260274
26	74	42.4911538461538	48.535777027027
25	75	42.4132	48.3860666666667
24	76	42.3525	48.3205263157895
23	77	42.1934782608696	48.1973376623377
22	78	42.0918181818182	48.0479487179487
21	79	42.0238095238095	47.9271835443038
20	80	41.934	47.79
19	81	41.8678947368421	47.6741358024692
18	82	41.7405555555556	47.5889329268293
17	83	41.6064705882353	47.4493072289157
16	84	41.5425	47.3164880952381
15	85	41.4266666666667	47.2042647058824
14	86	41.3192857142857	47.1035465116279
13	87	41.1938461538462	46.9904022988506
12	88	41.1025	46.8511079545454
11	89	41.0254545454546	46.7401966292135
10	90	40.925	46.5710555555555
9	91	40.7788888888889	46.4879945054945
8	92	40.7225	46.3514673913043
7	93	40.5528571428571	46.2430107526882
6	94	40.4566666666667	46.098085106383
5	95	40.39	45.9551578947368
4	96	40.2925	45.861171875
3	97	40.23	45.7431701030928
2	98	40.11	45.5723469387755
1	99	40	45.5073484848485
0	100	0	45.412225
