num_of_always_cooperate	num_of_shame_driven_hiding	average_fitness_of_always_cooperate	average_fitness_of_shame_driven_hiding
100	0	50	0
99	1	49.9011111111111	57.5
98	2	49.8135714285714	57.435
97	3	49.7056701030928	57.3466666666667
96	4	49.6184375	57.225
95	5	49.5167368421052	57.154
94	6	49.416914893617	57.0533333333333
93	7	49.3241935483871	56.9342857142857
92	8	49.2189130434783	56.82375
91	9	49.1108791208791	56.7133333333334
90	10	49.0223333333333	56.646
89	11	48.936404494382	56.5527272727272
88	12	48.8379545454545	56.4666666666667
87	13	48.7334482758621	56.28
86	14	48.6390697674418	56.2635714285714
85	15	48.5696470588235	56.1726666666667
84	16	48.4463095238095	56.01375
83	17	48.3349397590362	55.9888235294118
82	18	48.2469512195122	55.8861111111111
81	19	48.1593827160494	55.7784210526316
80	20	48.04025	55.6495
79	21	47.9592405063291	55.5423809523809
78	22	47.8732051282051	55.4818181818182
77	23	47.752987012987	55.3421739130435
76	24	47.6468421052632	55.2325
75	25	47.5701333333333	55.1432
74	26	47.48	55.0473076923077
73	27	47.3528767123288	54.9570370370371
72	28	47.2786111111111	54.8760714285715
71	29	47.1845070422535	54.8089655172414
70	30	47.0977142857143	54.6253333333333
69	31	46.9830434782609	54.5712903225806
68	32	46.8457352941176	54.479375
67	33	46.7808955223881	54.4378787878788
66	34	46.6381818181818	54.3129411764706
65	35	46.5755384615385	54.1857142857143
64	36	46.4934375	54.0544444444444
63	37	46.3633333333333	53.9535135135135
62	38	46.2466129032258	53.8621052631579
61	39	46.187868852459	53.7466666666666
60	40	46.0676666666667	53.68325
59	41	45.9223728813559	53.57
58	42	45.9048275862069	53.4838095238095
57	43	45.7245614035088	53.3937209302326
56	44	45.6946428571429	53.2915909090909
55	45	45.5641818181818	53.1744444444444
54	46	45.5161111111111	53.1184782608696
53	47	45.3760377358491	52.9906382978724
52	48	45.275	52.8704166666667
51	49	45.1466666666667	52.7465306122449
50	50	45.0912	52.6466
49	51	44.9422448979592	52.5778431372549
48	52	44.835	52.4678846153846
47	53	44.7934042553191	52.3377358490566
46	54	44.635	52.2461111111111
45	55	44.5562222222222	52.1516363636364
44	56	44.4445454545455	52.0773214285714
43	57	44.3132558139535	51.9521052631579
42	58	44.262380952381	51.888275862069
41	59	44.1492682926829	51.7466101694915
40	60	44.0485	51.6163333333333
39	61	43.9348717948718	51.5434426229508
38	62	43.8468421052631	51.4504838709677
37	63	43.75	51.3336507936508
36	64	43.6786111111111	51.2546875
35	65	43.5854285714286	51.1575384615385
34	66	43.3758823529412	51.0325757575757
33	67	43.359696969697	50.9062686567164
32	68	43.269375	50.8530882352941
31	69	43.1512903225806	50.724347826087
30	70	43.0136666666667	50.6115714285714
29	71	42.9489655172414	50.5130985915493
28	72	42.8225	50.42
27	73	42.6781481481482	50.356301369863
26	74	42.6442307692308	50.2431081081081
25	75	42.538	50.1153333333334
24	76	42.3829166666667	50.0264473684211
23	77	42.2778260869565	49.9268831168831
22	78	42.1968181818182	49.8007692307692
21	79	42.1190476190476	49.6684810126582
20	80	41.977	49.586875
19	81	41.8552631578948	49.4911111111111
18	82	41.7722222222222	49.3759756097561
17	83	41.6929411764706	49.2746987951807
16	84	41.525	49.2067857142857
15	85	41.4926666666667	49.0885882352941
14	86	41.3635714285714	48.9689534883721
13	87	41.3023076923077	48.8703448275862
12	88	41.1616666666667	48.7605681818182
11	89	41.0154545454545	48.6619101123596
10	90	40.987	48.5676666666667
9	91	40.84	48.4525274725275
8	92	40.735	48.3686956521739
7	93	40.6471428571429	48.2351612903226
6	94	40.51	48.1287234042553
5	95	40.468	48.0244210526316
4	96	40.3175	47.9311458333333
3	97	40.1866666666667	47.8213402061856
2	98	40.12	47.7110204081633
1	99	40	47.6024242424242
0	100	0	47.5
