num_of_always_cooperate	num_of_shame_driven_denying	average_fitness_of_always_cooperate	average_fitness_of_shame_driven_denying
100	0	50	0
99	1	49.8181818181818	64.6325
98	2	49.6197959183674	64.48
97	3	49.4114432989691	63.9591666666667
96	4	49.2034375	64.02875
95	5	49.0232631578947	63.507
94	6	48.8132978723404	63.6508333333334
93	7	48.6522580645161	63.2196428571429
92	8	48.4427173913043	62.8875
91	9	48.2491208791209	62.6730555555556
90	10	48.0621111111111	62.488
89	11	47.8515730337079	62.2404545454545
88	12	47.6638636363637	62.2079166666667
87	13	47.471724137931	62.1605769230769
86	14	47.2698837209302	61.4139285714286
85	15	47.0665882352941	61.4566666666667
84	16	46.8607142857143	61.18921875
83	17	46.6897590361446	61.0908823529412
82	18	46.4714634146342	60.8345833333333
81	19	46.2895061728395	60.6534210526316
80	20	46.0675	60.4255
79	21	45.9244303797468	60.0033333333333
78	22	45.690641025641	59.9329545454545
77	23	45.4784415584416	59.7181521739131
76	24	45.3790789473684	59.5072916666667
75	25	45.1329333333333	59.3149
74	26	44.9532432432432	59.1600961538461
73	27	44.7876712328767	58.7246296296297
72	28	44.4806944444444	58.6178571428571
71	29	44.2588732394366	58.4223275862069
70	30	44.2028571428571	58.2259166666666
69	31	43.9536231884058	57.9816935483871
68	32	43.7526470588235	57.81265625
67	33	43.4823880597015	57.6740909090909
66	34	43.3557575757576	57.3134558823529
65	35	43.2178461538461	57.1286428571429
64	36	42.968125	57.031875
63	37	42.7525396825397	56.7552027027027
62	38	42.5325806451613	56.4931578947369
61	39	42.3606557377049	56.291858974359
60	40	42.1815	56.1408125
59	41	41.941186440678	55.9231097560976
58	42	41.7663793103448	55.64125
57	43	41.6559649122807	55.3908720930233
56	44	41.4207142857143	55.3267613636364
55	45	41.2736363636364	55.1223333333333
54	46	40.9514814814815	54.728152173913
53	47	40.8043396226415	54.5910106382978
52	48	40.6055769230769	54.37
51	49	40.3813725490196	54.0966836734694
50	50	40.2706	53.9661
49	51	40.0620408163265	53.7765196078431
48	52	39.833125	53.5831730769231
47	53	39.6914893617021	53.3092452830189
46	54	39.4676086956522	53.0353240740741
45	55	39.3424444444444	52.8574090909091
44	56	39.1418181818182	52.6797321428571
43	57	38.7202325581395	52.486798245614
42	58	38.6483333333333	52.2027586206897
41	59	38.5339024390244	51.9193644067797
40	60	38.165	51.7907083333333
39	61	38.0917948717949	51.5814754098361
38	62	37.9457894736842	51.4117741935484
37	63	37.6881081081081	51.0963095238095
36	64	37.4925	50.9426953125
35	65	37.3211428571428	50.6834230769231
34	66	37.1488235294118	50.5508712121212
33	67	36.9757575757576	50.3370149253731
32	68	36.731875	50.0139705882353
31	69	36.4712903225807	49.8571014492753
30	70	36.2673333333333	49.6643928571429
29	71	36.2320689655172	49.4764788732394
28	72	35.9725	49.2235416666666
27	73	35.8248148148148	48.9985958904109
26	74	35.5988461538461	48.8053716216216
25	75	35.4464	48.5697
24	76	35.29125	48.4281907894737
23	77	34.9139130434783	48.1188961038961
22	78	34.8836363636363	47.9501602564103
21	79	34.5857142857143	47.7354746835443
20	80	34.2215	47.52459375
19	81	34.2647368421053	47.3317592592593
18	82	33.8883333333333	47.0825304878049
17	83	33.9611764705882	46.8456325301205
16	84	33.605625	46.6313095238095
15	85	33.3	46.4364411764706
14	86	33.1907142857143	46.239476744186
13	87	32.9323076923077	46.0275
12	88	32.68	45.8346590909091
11	89	32.8581818181818	45.5712921348315
10	90	32.715	45.3766111111111
9	91	32.5188888888889	45.1273351648352
8	92	31.715	44.923777173913
7	93	31.8671428571429	44.6972849462365
6	94	31.6266666666667	44.5080053191489
5	95	31.294	44.3168421052632
4	96	31.2775	44.0696354166667
3	97	30.7766666666667	43.8446391752577
2	98	30.505	43.6708163265306
1	99	30.01	43.4165909090909
0	100	0	43.2158
