num_of_guilt_driven_amending	num_of_Pavlov	average_fitness_of_guilt_driven_amending	average_fitness_of_Pavlov
100	0	46.3324	0
99	1	46.2692171717172	64.0625
98	2	46.2048214285714	63.5625
97	3	46.1401804123711	63.8266666666667
96	4	46.0783333333333	63.36125
95	5	46.0493947368421	63.7415
94	6	46.0406117021277	63.5595833333333
93	7	45.9083333333333	63.7439285714286
92	8	45.8563858695652	63.3446875
91	9	45.7898626373626	63.7444444444444
90	10	45.7463055555555	63.51525
89	11	45.6288202247191	63.6793181818182
88	12	45.5955681818182	63.3658333333333
87	13	45.5338793103448	63.6307692307692
86	14	45.4925290697675	63.7489285714286
85	15	45.3864705882353	63.5126666666667
84	16	45.4315773809524	63.59609375
83	17	45.3364759036145	63.552205882353
82	18	45.2713109756098	63.7063888888889
81	19	45.1647530864197	63.6673684210526
80	20	45.1496875	63.66675
79	21	45.0750316455696	63.5497619047619
78	22	45.0508653846154	63.6661363636364
77	23	44.910551948052	63.6967391304348
76	24	44.8983552631579	63.5085416666667
75	25	44.8018666666667	63.6229
74	26	44.77875	63.6817307692308
73	27	44.7084246575343	63.6375925925926
72	28	44.6406944444444	63.6474107142857
71	29	44.5825	63.6194827586207
70	30	44.5093571428571	63.6928333333333
69	31	44.486847826087	63.5129032258064
68	32	44.4179411764706	63.69234375
67	33	44.3628731343284	63.5422727272727
66	34	44.232803030303	63.6944852941177
65	35	44.2676153846154	63.7004285714286
64	36	44.1873828125	63.6927777777778
63	37	44.1323015873016	63.6585135135135
62	38	44.0524193548387	63.5719736842105
61	39	43.995368852459	63.6341666666667
60	40	43.9352083333333	63.552
59	41	43.8526271186441	63.7466463414634
58	42	43.8010775862069	63.6044047619048
57	43	43.7604824561403	63.6126162790698
56	44	43.6968303571429	63.5533522727273
55	45	43.6162727272727	63.6691666666666
54	46	43.5455555555556	63.6274456521739
53	47	43.5231132075472	63.5852127659574
52	48	43.4542788461539	63.6453645833333
51	49	43.3782843137255	63.645
50	50	43.34515	63.50765
49	51	43.3046428571429	63.576568627451
48	52	43.1952604166667	63.5347596153846
47	53	43.1934574468085	63.5772169811321
46	54	43.0754347826087	63.6209722222222
45	55	43.0328888888889	63.6011818181818
44	56	43.0005681818182	63.6809375
43	57	42.9777325581395	63.6434210526316
42	58	42.8577976190476	63.5900862068966
41	59	42.8084756097561	63.5886440677966
40	60	42.7738125	63.696625
39	61	42.6583974358974	63.5873360655738
38	62	42.5118421052631	63.6552419354838
37	63	42.4985135135135	63.5874206349206
36	64	42.48875	63.49375
35	65	42.4470714285714	63.6415769230769
34	66	42.3289705882353	63.543446969697
33	67	42.3253787878788	63.5964552238806
32	68	42.34546875	63.6235661764706
31	69	42.1167741935484	63.5052173913043
30	70	42.1891666666667	63.5991071428571
29	71	42.0095689655172	63.4918661971831
28	72	41.92125	63.6172569444444
27	73	41.9252777777778	63.5130479452055
26	74	41.8621153846154	63.5138513513513
25	75	41.7931	63.5107
24	76	41.84	63.4310197368421
23	77	41.6977173913043	63.6252922077922
22	78	41.6578409090909	63.4579166666667
21	79	41.5663095238095	63.4375316455696
20	80	41.4905	63.50925
19	81	41.4761842105263	63.5667592592592
18	82	41.4055555555555	63.5702134146342
17	83	41.2829411764706	63.519578313253
16	84	41.275	63.5889880952381
15	85	41.353	63.4580588235294
14	86	40.9896428571429	63.5267441860465
13	87	41.2042307692308	63.5609195402299
12	88	41.143125	63.4099715909091
11	89	40.9970454545455	63.5537640449438
10	90	40.86875	63.5334444444444
9	91	40.9066666666667	63.478956043956
8	92	40.8721875	63.5127445652174
7	93	40.7542857142857	63.3933333333333
6	94	40.5783333333333	63.4361702127659
5	95	40.4	63.5036578947369
4	96	40.5175	63.5295833333333
3	97	40.355	63.4511855670103
2	98	40.34	63.4947448979592
1	99	39.815	63.410606060606
0	100	0	63.411
