num_of_shame_driven_hiding	num_of_guilt_driven_amending	average_fitness_of_shame_driven_hiding	average_fitness_of_guilt_driven_amending
100	0	47.5	0
99	1	47.5492171717172	42.135
98	2	47.5851020408163	42.30625
97	3	47.6347680412371	42.1933333333333
96	4	47.6747135416667	42.09125
95	5	47.7304210526316	42.1785
94	6	47.76125	42.2479166666667
93	7	47.8048655913978	42.4460714285714
92	8	47.8603260869565	42.3290625
91	9	47.9021153846154	42.4877777777778
90	10	47.9535555555556	42.47325
89	11	47.9937640449438	42.5931818181818
88	12	48.0420738636364	42.5854166666667
87	13	48.0685057471265	42.6259615384615
86	14	48.1332848837209	42.6053571428571
85	15	48.1676176470588	42.7693333333333
84	16	48.2137797619048	42.80984375
83	17	48.261234939759	42.8251470588235
82	18	48.3042073170732	42.8298611111111
81	19	48.3456172839506	42.8538157894737
80	20	48.3895	42.93325
79	21	48.4324367088607	42.9835714285715
78	22	48.4874358974359	43.0825
77	23	48.5192857142857	43.054347826087
76	24	48.5746052631579	43.2420833333333
75	25	48.6081	43.1881
74	26	48.6573310810811	43.1760576923077
73	27	48.6853082191781	43.3118518518518
72	28	48.7422569444444	43.2795535714286
71	29	48.7905985915493	43.3478448275862
70	30	48.8413571428571	43.4028333333333
69	31	48.8565942028985	43.4638709677419
68	32	48.9044117647059	43.44375
67	33	48.9614179104478	43.5331060606061
66	34	48.99375	43.5679411764706
65	35	49.0355384615385	43.6237857142857
64	36	49.0944140625	43.6544444444445
63	37	49.1175396825397	43.7370945945946
62	38	49.1559274193548	43.7535526315789
61	39	49.2291803278689	43.8096794871795
60	40	49.2455416666667	43.8275
59	41	49.3045762711864	43.8638414634146
58	42	49.3361637931034	43.9158928571428
57	43	49.3652631578947	43.9859302325581
56	44	49.4310714285714	43.996875
55	45	49.4671363636363	44.0512777777778
54	46	49.5042129629629	44.0630434782609
53	47	49.5592452830189	44.1322340425532
52	48	49.5963461538462	44.14046875
51	49	49.6299509803921	44.2358673469388
50	50	49.6939	44.24215
49	51	49.725612244898	44.3324509803922
48	52	49.7291145833333	44.3655769230769
47	53	49.8039361702127	44.3994339622642
46	54	49.8276630434783	44.4496759259259
45	55	49.9095	44.4920454545455
44	56	49.9330113636364	44.5026339285714
43	57	49.9611046511628	44.5434210526316
42	58	50.0411904761905	44.6165948275862
41	59	50.0843902439025	44.6356779661017
40	60	50.0971875	44.6511666666666
39	61	50.1595512820513	44.7376229508197
38	62	50.1781578947368	44.7531048387097
37	63	50.2416216216216	44.7896428571429
36	64	50.2484722222222	44.8701171875
35	65	50.3098571428571	44.8732307692308
34	66	50.3249264705882	44.9581439393939
33	67	50.3924242424242	44.9781343283582
32	68	50.45859375	44.9793382352941
31	69	50.4332258064516	45.0782246376812
30	70	50.493	45.0677857142857
29	71	50.5638793103448	45.0885915492958
28	72	50.5876785714285	45.1955208333333
27	73	50.6398148148148	45.2658219178082
26	74	50.63875	45.2619256756757
25	75	50.707	45.2946333333333
24	76	50.770625	45.3289802631579
23	77	50.7967391304348	45.385974025974
22	78	50.8256818181818	45.4364743589744
21	79	50.8532142857143	45.4748734177215
20	80	50.94725	45.506375
19	81	50.9026315789474	45.5659567901235
18	82	50.9991666666667	45.5664634146342
17	83	51.0772058823529	45.6363855421687
16	84	51.0165625	45.6698511904762
15	85	51.108	45.7095882352941
14	86	51.185	45.735988372093
13	87	51.1894230769231	45.7948563218391
12	88	51.2229166666667	45.8631534090909
11	89	51.2534090909091	45.899691011236
10	90	51.2565	45.9277222222222
9	91	51.3780555555555	45.9790659340659
8	92	51.4525	46.0056521739131
7	93	51.4525	46.0908333333333
6	94	51.4791666666667	46.0645478723404
5	95	51.5975	46.1059736842105
4	96	51.510625	46.1757552083333
3	97	51.5441666666667	46.2118041237114
2	98	51.5575	46.2502295918368
1	99	51.66	46.2721464646465
0	100	0	46.34095
