num_of_shame_driven_denying	num_of_guilt_driven_amending	average_fitness_of_shame_driven_denying	average_fitness_of_guilt_driven_amending
100	0	43.206775	0
99	1	43.2821212121212	40.425
98	2	43.3083163265306	40.5475
97	3	43.4064948453608	40.295
96	4	43.4339583333333	40.31375
95	5	43.5002105263158	40.7155
94	6	43.596914893617	40.6008333333333
93	7	43.6437634408602	40.5907142857143
92	8	43.6950543478261	40.75125
91	9	43.7775274725275	40.8394444444444
90	10	43.8458055555556	40.76575
89	11	43.8536516853933	40.9686363636364
88	12	43.9521590909091	40.9352083333333
87	13	44.0002586206897	40.9730769230769
86	14	44.0527325581396	41.0858928571428
85	15	44.1180294117647	41.0913333333333
84	16	44.19625	41.1109375
83	17	44.2627710843373	41.2360294117647
82	18	44.2937804878049	41.3158333333333
81	19	44.3520061728395	41.3488157894737
80	20	44.437	41.4225
79	21	44.5151898734177	41.4711904761905
78	22	44.5833333333333	41.5430681818182
77	23	44.5938961038961	41.528152173913
76	24	44.6698684210526	41.7198958333333
75	25	44.7454666666667	41.7674
74	26	44.8123986486486	41.775
73	27	44.8616780821918	41.8584259259259
72	28	44.9239236111111	41.9499107142857
71	29	44.9985563380282	41.9966379310345
70	30	45.0632142857143	42.0643333333333
69	31	45.1238043478261	42.1586290322581
68	32	45.2101102941177	42.116640625
67	33	45.2283955223881	42.2482575757576
66	34	45.2655303030303	42.3242647058823
65	35	45.3853076923077	42.3467857142857
64	36	45.4869921875	42.4172222222222
63	37	45.5279761904762	42.4916216216216
62	38	45.5056451612903	42.5546710526316
61	39	45.5651639344262	42.5982051282051
60	40	45.6464166666667	42.6769375
59	41	45.6967372881356	42.7108536585366
58	42	45.7685775862069	42.7308333333333
57	43	45.8784649122807	42.8823255813954
56	44	45.9083035714286	42.885625
55	45	45.9553181818182	43.0243888888889
54	46	46.0050925925926	43.0264673913044
53	47	46.0817452830188	43.0252127659574
52	48	46.1735096153846	43.2077083333333
51	49	46.2074509803922	43.1985714285714
50	50	46.2481	43.2745
49	51	46.3210204081633	43.3051470588235
48	52	46.3696354166666	43.3624038461538
47	53	46.4418085106383	43.4570754716981
46	54	46.4883695652174	43.4769444444445
45	55	46.5935555555556	43.5860909090909
44	56	46.6525	43.5982589285714
43	57	46.6927325581396	43.6511403508772
42	58	46.7801190476191	43.7191810344828
41	59	46.807743902439	43.8113559322034
40	60	46.8403125	43.8955416666667
39	61	46.9209615384615	43.9011065573771
38	62	47.0048684210526	43.9752419354839
37	63	47.0956081081081	44.0805555555556
36	64	47.1243055555555	44.0943359375
35	65	47.1647857142857	44.2355384615384
34	66	47.2452941176471	44.2897348484848
33	67	47.302803030303	44.3194029850746
32	68	47.3715625	44.3598529411765
31	69	47.4154032258065	44.3627898550724
30	70	47.4435	44.48
29	71	47.5199137931034	44.5820070422535
28	72	47.5774107142857	44.5879166666667
27	73	47.6869444444444	44.6614726027397
26	74	47.7408653846154	44.7298310810811
25	75	47.8643	44.7878666666667
24	76	47.8982291666667	44.8450986842105
23	77	47.9227173913044	44.8881818181818
22	78	47.9977272727273	44.9789743589744
21	79	47.9277380952381	45.0457594936709
20	80	48.128	45.08521875
19	81	48.1563157894737	45.1507407407408
18	82	48.1430555555555	45.2455487804878
17	83	48.2392647058824	45.249186746988
16	84	48.36234375	45.3252976190476
15	85	48.3973333333334	45.4260882352941
14	86	48.5139285714286	45.4685174418605
13	87	48.4742307692308	45.5079022988506
12	88	48.5383333333333	45.6153693181818
11	89	48.6304545454545	45.6454213483146
10	90	48.657	45.7127777777778
9	91	48.7541666666667	45.7673901098901
8	92	48.826875	45.8482880434783
7	93	48.9482142857143	45.9018279569893
6	94	48.94875	45.971914893617
5	95	48.9975	46.0428157894737
4	96	49.1175	46.0491666666667
3	97	49.1383333333333	46.1113402061856
2	98	49.11875	46.1893112244898
1	99	49.105	46.2678787878788
0	100	0	46.331475
