num_of_shame_driven_denying	num_of_Pavlov	average_fitness_of_shame_driven_denying	average_fitness_of_Pavlov
100	0	43.230675	0
99	1	43.3032070707071	58.9825
98	2	43.3436224489796	59.49125
97	3	43.3509020618557	59.88
96	4	43.4175	59.756875
95	5	43.4911842105263	60.0395
94	6	43.5202127659574	60.1754166666667
93	7	43.5534677419355	60.2271428571429
92	8	43.6136413043478	59.85875
91	9	43.6745604395604	60.0375
90	10	43.7149444444445	59.81425
89	11	43.7529775280899	60.1415909090909
88	12	43.7998863636364	60.1254166666667
87	13	43.8600862068966	60.1221153846154
86	14	43.9052325581395	60.0651785714286
85	15	43.9254411764706	60.1493333333334
84	16	43.9967261904762	60.4734375
83	17	44.0621084337349	60.2917647058824
82	18	44.0978048780488	60.4580555555556
81	19	44.1379012345679	60.4934210526316
80	20	44.212	60.270875
79	21	44.2471518987341	60.4127380952381
78	22	44.2973076923077	60.7148863636363
77	23	44.3416233766234	60.5675
76	24	44.4174671052632	60.535625
75	25	44.4789	60.6499
74	26	44.4905067567568	60.6488461538461
73	27	44.5440410958904	60.5898148148148
72	28	44.6226388888889	60.8946428571428
71	29	44.6494718309859	60.716724137931
70	30	44.7206785714286	60.7928333333333
69	31	44.7432608695652	60.906129032258
68	32	44.8066544117647	60.6578125
67	33	44.8269029850746	61.0834848484849
66	34	44.9166287878788	61.0831617647059
65	35	44.9099230769231	60.9691428571428
64	36	44.9345703125	61.06375
63	37	45.0371428571428	61.0865540540541
62	38	45.09125	61.1148684210526
61	39	45.136762295082	61.1253846153846
60	40	45.154	61.1715625
59	41	45.2633898305085	61.2300609756098
58	42	45.2825862068965	61.330119047619
57	43	45.3165350877193	61.4125
56	44	45.3775892857143	61.4071022727273
55	45	45.3768636363637	61.4256111111111
54	46	45.4410648148148	61.4590217391304
53	47	45.5694811320755	61.3427659574468
52	48	45.5817307692308	61.5256770833333
51	49	45.6398039215686	61.5150510204081
50	50	45.6551	61.70765
49	51	45.7362755102041	61.7233333333333
48	52	45.7727083333333	61.7507692307692
47	53	45.8279787234043	61.6799528301887
46	54	45.8659782608696	61.6743055555556
45	55	45.8972777777778	61.8503636363636
44	56	45.9384659090909	61.8424553571428
43	57	46.0267441860465	61.7239912280702
42	58	46.0376785714286	62.01375
41	59	46.1550609756098	61.9122033898305
40	60	46.195125	61.946875
39	61	46.2347435897436	61.966762295082
38	62	46.2557236842105	61.963629032258
37	63	46.3219594594594	62.0259920634921
36	64	46.3809027777777	62.1841796875
35	65	46.5033571428571	62.1878461538462
34	66	46.4179411764706	62.0745833333333
33	67	46.4880303030303	62.3387686567164
32	68	46.538828125	62.3545588235294
31	69	46.6153225806452	62.3566304347826
30	70	46.6556666666667	62.3271071428572
29	71	46.6884482758621	62.4293661971831
28	72	46.7347321428572	62.4489583333333
27	73	46.7682407407407	62.4608561643835
26	74	46.9458653846154	62.4884459459459
25	75	46.9418	62.5446333333334
24	76	46.9294791666667	62.6515789473684
23	77	47.0183695652174	62.6914935064935
22	78	47.0638636363636	62.6685897435898
21	79	47.1354761904762	62.5069620253165
20	80	47.09225	62.74725
19	81	47.1776315789474	62.8580555555556
18	82	47.2172222222222	62.8294207317073
17	83	47.2620588235294	62.9345481927711
16	84	47.30859375	62.9228273809524
15	85	47.4006666666667	62.892
14	86	47.4030357142857	62.905523255814
13	87	47.4667307692308	62.9199137931034
12	88	47.575625	63.0274147727273
11	89	47.5465909090909	63.0568258426966
10	90	47.65925	63.0918333333333
9	91	47.6991666666667	63.0995604395604
8	92	47.8703125	63.1410869565217
7	93	47.8117857142857	63.189811827957
6	94	47.9320833333333	63.1913031914893
5	95	47.761	63.2742894736842
4	96	47.928125	63.3330989583333
3	97	48.0283333333334	63.3978865979381
2	98	47.96875	63.3193112244898
1	99	47.9625	63.3551262626263
0	100	0	63.48095
