num_of_shame_driven_hiding	num_of_shame_driven_denying	average_fitness_of_shame_driven_hiding	average_fitness_of_shame_driven_denying
100	0	47.5	0
99	1	47.4717424242424	45.2025
98	2	47.4461479591837	45.0925
97	3	47.419175257732	45.1808333333333
96	4	47.3913802083333	45.04625
95	5	47.3708684210526	45.1895
94	6	47.3465159574468	45.0508333333333
93	7	47.3143010752688	45.0407142857143
92	8	47.2891576086957	45.0859375
91	9	47.2603296703297	45.0530555555555
90	10	47.2430555555556	44.9815
89	11	47.2131741573033	44.9138636363636
88	12	47.1780965909091	44.9439583333333
87	13	47.1546264367816	44.9253846153846
86	14	47.1357558139535	44.915
85	15	47.116	44.894
84	16	47.0812202380952	44.8596875
83	17	47.0482530120482	44.8294117647059
82	18	47.0299695121952	44.8093055555556
81	19	47.0124074074074	44.8219736842105
80	20	46.97065625	44.822
79	21	46.9493987341772	44.7470238095238
78	22	46.9317628205128	44.6743181818182
77	23	46.8998051948052	44.7186956521739
76	24	46.8712828947368	44.7023958333333
75	25	46.8611333333333	44.6965
74	26	46.8285472972973	44.6413461538462
73	27	46.792397260274	44.6125
72	28	46.7751388888889	44.64375
71	29	46.7546830985916	44.5840517241379
70	30	46.7419642857143	44.6073333333333
69	31	46.7167753623189	44.5979838709677
68	32	46.6627573529412	44.553515625
67	33	46.6352985074627	44.5541666666667
66	34	46.6324621212121	44.4856617647059
65	35	46.5884230769231	44.4842142857143
64	36	46.5809765625	44.4569444444445
63	37	46.557380952381	44.4155405405405
62	38	46.5458064516129	44.3896052631579
61	39	46.4975	44.3683333333333
60	40	46.471125	44.3943125
59	41	46.438220338983	44.342012195122
58	42	46.4226293103448	44.3167857142857
57	43	46.3816666666667	44.3111046511628
56	44	46.4046428571429	44.3046022727273
55	45	46.3583636363636	44.2583333333333
54	46	46.3041203703704	44.2414673913043
53	47	46.3005188679245	44.2481914893617
52	48	46.2704807692308	44.2283333333333
51	49	46.2517156862745	44.1726530612245
50	50	46.2234	44.1865
49	51	46.2041326530612	44.1310294117647
48	52	46.1655729166667	44.1245673076923
47	53	46.148829787234	44.0971698113207
46	54	46.1670652173913	44.0993055555556
45	55	46.1058888888889	44.0458636363636
44	56	46.0589772727273	44.0367410714286
43	57	46.0692441860465	44.0659649122807
42	58	46.0597619047619	44.0458620689655
41	59	46.022256097561	43.9926694915254
40	60	46.0061875	44.0102916666667
39	61	45.9836538461539	43.9770081967213
38	62	45.9289473684211	43.9416129032258
37	63	45.9485135135135	43.8790476190476
36	64	45.894375	43.9244921875
35	65	45.8762857142857	43.8809230769231
34	66	45.8559558823529	43.8481439393939
33	67	45.8463636363636	43.8037313432836
32	68	45.791796875	43.8144852941176
31	69	45.7876612903226	43.7936231884058
30	70	45.781	43.7938928571428
29	71	45.7713793103448	43.7569366197183
28	72	45.7155357142857	43.7513541666667
27	73	45.7166666666667	43.776198630137
26	74	45.6564423076923	43.7110472972973
25	75	45.6597	43.7014
24	76	45.6335416666667	43.6600328947368
23	77	45.5646739130435	43.6602597402597
22	78	45.5620454545454	43.6395192307692
21	79	45.5233333333333	43.5941455696203
20	80	45.493875	43.59425
19	81	45.5281578947368	43.5734567901235
18	82	45.4716666666667	43.529237804878
17	83	45.4845588235294	43.5503012048193
16	84	45.4953125	43.5255654761905
15	85	45.394	43.5226764705882
14	86	45.4055357142857	43.4691279069767
13	87	45.3503846153846	43.4615804597701
12	88	45.3925	43.4571875
11	89	45.3768181818182	43.4168539325843
10	90	45.32925	43.3843888888889
9	91	45.3791666666667	43.3884340659341
8	92	45.3078125	43.3517663043478
7	93	45.2746428571429	43.322688172043
6	94	45.2058333333333	43.3198670212766
5	95	45.1495	43.2905789473684
4	96	45.188125	43.3110416666667
3	97	45.1716666666667	43.2706701030928
2	98	45.13625	43.2425510204082
1	99	45.1	43.235202020202
0	100	0	43.2146
