num_of_shame_driven_hiding	num_of_Pavlov	average_fitness_of_shame_driven_hiding	average_fitness_of_Pavlov
100	0	47.5	0
99	1	47.497702020202	61.135
98	2	47.4950510204082	62.19875
97	3	47.4865463917526	61.9958333333333
96	4	47.4891666666667	62.185625
95	5	47.4812105263158	62.191
94	6	47.4831382978723	62.18375
93	7	47.474247311828	62.3117857142857
92	8	47.4707336956522	62.1690625
91	9	47.4712912087912	62.1802777777778
90	10	47.4746111111111	62.076
89	11	47.4556179775281	62.5090909090909
88	12	47.4465340909091	62.378125
87	13	47.4574712643678	62.315
86	14	47.4552906976744	62.4083928571429
85	15	47.4437058823529	62.3055
84	16	47.4423511904762	62.48515625
83	17	47.4515662650602	62.3967647058823
82	18	47.4435670731707	62.2458333333334
81	19	47.4420061728395	62.4005263157895
80	20	47.43203125	62.430375
79	21	47.4374683544304	62.3072619047619
78	22	47.4446474358975	62.3613636363636
77	23	47.4289285714286	62.5482608695652
76	24	47.4155263157895	62.4796875
75	25	47.4218	62.4575
74	26	47.4159797297297	62.4142307692308
73	27	47.4127397260274	62.577037037037
72	28	47.4136111111111	62.5816964285714
71	29	47.3995070422535	62.4486206896552
70	30	47.4034285714286	62.6855833333333
69	31	47.3944927536232	62.5264516129032
68	32	47.3930514705882	62.693203125
67	33	47.4109701492537	62.5075757575758
66	34	47.3665151515152	62.5924264705883
65	35	47.3913461538462	62.7767142857143
64	36	47.3715625	62.6960416666667
63	37	47.3826984126984	62.7485135135135
62	38	47.3820564516129	62.6422368421053
61	39	47.3759016393443	62.6239743589744
60	40	47.3862083333334	62.67725
59	41	47.3664830508474	62.7420731707317
58	42	47.370775862069	62.6914880952381
57	43	47.3807894736842	62.7015697674419
56	44	47.3621875	62.608125
55	45	47.3644090909091	62.8017777777777
54	46	47.3646759259259	62.8259782608696
53	47	47.3509905660377	62.8302127659574
52	48	47.3483653846154	62.9078125
51	49	47.3519607843137	62.8491836734694
50	50	47.34335	62.8674
49	51	47.3272448979592	62.9667647058824
48	52	47.3569791666667	62.8863942307692
47	53	47.3538829787234	62.7717452830189
46	54	47.3471195652174	62.7564814814815
45	55	47.3243888888889	62.9869090909091
44	56	47.336875	62.9895982142857
43	57	47.3272093023256	62.9138157894737
42	58	47.3105952380952	62.9784482758621
41	59	47.3453658536585	62.9163559322034
40	60	47.285625	62.9791666666667
39	61	47.31	63.0587704918033
38	62	47.3118421052631	62.9910887096774
37	63	47.3274324324324	63.0278174603175
36	64	47.2764583333333	62.979375
35	65	47.2760714285714	63.1117307692308
34	66	47.2833823529412	63.1466287878788
33	67	47.3316666666666	63.067723880597
32	68	47.311796875	63.0111397058823
31	69	47.2843548387097	63.1217391304348
30	70	47.332	63.0992142857143
29	71	47.2768965517241	63.1560211267606
28	72	47.2788392857143	63.141875
27	73	47.2964814814815	63.146404109589
26	74	47.2661538461538	63.1345608108108
25	75	47.2844	63.2524666666667
24	76	47.2651041666667	63.1451315789474
23	77	47.2632608695652	63.0892857142857
22	78	47.27125	63.2119871794872
21	79	47.2610714285714	63.0975632911392
20	80	47.277625	63.22509375
19	81	47.2309210526316	63.240462962963
18	82	47.25625	63.1299390243902
17	83	47.2867647058823	63.2413253012048
16	84	47.23421875	63.2279166666667
15	85	47.2453333333333	63.3146764705882
14	86	47.2546428571429	63.2067441860465
13	87	47.2188461538462	63.3448563218391
12	88	47.216875	63.3338636363636
11	89	47.2352272727273	63.317808988764
10	90	47.256	63.3168611111111
9	91	47.1663888888889	63.4429945054945
8	92	47.1634375	63.3872010869565
7	93	47.2842857142857	63.3182258064516
6	94	47.2116666666667	63.4082712765957
5	95	47.265	63.4073684210526
4	96	47.099375	63.3603645833333
3	97	47.3433333333333	63.4765979381443
2	98	47.37625	63.4469642857143
1	99	47.1425	63.4875
0	100	0	63.42045
