num_of_TFT_with_trembling_hand	num_of_shame_driven_denying	average_fitness_of_TFT_with_trembling_hand	average_fitness_of_shame_driven_denying
100	0	45.367125	0
99	1	45.3278787878788	47.275
98	2	45.2882397959184	47.355
97	3	45.2474484536082	47.0458333333333
96	4	45.2053385416667	47.028125
95	5	45.1872631578947	46.9485
94	6	45.1765691489362	46.96875
93	7	45.0574731182796	47.0125
92	8	45.0220923913044	46.801875
91	9	45.0256043956044	46.9372222222222
90	10	44.9618888888889	46.84175
89	11	44.902106741573	46.7922727272728
88	12	44.8941193181818	46.7795833333333
87	13	44.8197701149425	46.6330769230769
86	14	44.7959302325581	46.6457142857143
85	15	44.7749117647059	46.6445
84	16	44.6656845238096	46.55515625
83	17	44.7176204819277	46.5335294117647
82	18	44.6558231707317	46.5394444444444
81	19	44.6404938271605	46.4490789473684
80	20	44.5365625	46.452
79	21	44.5129430379747	46.3507142857143
78	22	44.5246474358974	46.3352272727273
77	23	44.4427272727273	46.3379347826087
76	24	44.3734210526316	46.2345833333333
75	25	44.3723666666667	46.2696
74	26	44.3170608108108	46.1968269230769
73	27	44.3117123287671	46.1366666666667
72	28	44.2632291666667	46.1201785714286
71	29	44.172676056338	46.0900862068966
70	30	44.1715714285714	46.0226666666667
69	31	44.0964130434783	46.0025
68	32	44.1187867647059	45.918515625
67	33	44.0509701492537	45.9245454545455
66	34	44.0122727272727	45.8927205882353
65	35	43.9536538461539	45.7982142857143
64	36	43.8956640625	45.7495833333333
63	37	43.8965079365079	45.7308783783784
62	38	43.8225806451613	45.6689473684211
61	39	43.8111065573771	45.6319871794872
60	40	43.7611666666666	45.6354375
59	41	43.7200847457627	45.5331707317073
58	42	43.7103448275862	45.5508928571429
57	43	43.6407894736842	45.5160465116279
56	44	43.6040178571429	45.4605113636363
55	45	43.5697727272728	45.3911111111111
54	46	43.5028240740741	45.3402173913044
53	47	43.4689622641509	45.3418617021276
52	48	43.4066826923077	45.2900520833333
51	49	43.4319117647059	45.2387244897959
50	50	43.32225	45.1822
49	51	43.2983673469388	45.1474509803922
48	52	43.3266666666667	45.1448076923077
47	53	43.2335106382979	45.0605660377359
46	54	43.2169565217391	45.0377314814815
45	55	43.1360555555555	45.0016818181818
44	56	43.1378409090909	44.9598214285714
43	57	43.0872093023256	44.921798245614
42	58	43.077619047619	44.8956465517241
41	59	43.017256097561	44.9008474576271
40	60	42.961125	44.8500416666667
39	61	42.9284615384615	44.7557786885246
38	62	42.8928289473684	44.7491129032258
37	63	42.9035810810811	44.6946428571429
36	64	42.7758333333333	44.638359375
35	65	42.8221428571429	44.6323461538462
34	66	42.71	44.5770833333333
33	67	42.7152272727273	44.5812686567164
32	68	42.606328125	44.4863235294117
31	69	42.5783870967742	44.4485144927536
30	70	42.6360833333333	44.4391071428571
29	71	42.4656034482759	44.3869366197183
28	72	42.4471428571429	44.3404861111111
27	73	42.4035185185185	44.318698630137
26	74	42.3857692307692	44.2559121621622
25	75	42.2864	44.2095666666667
24	76	42.3369791666667	44.1896710526316
23	77	42.2145652173913	44.1678896103896
22	78	42.2990909090909	44.0776923076923
21	79	42.215119047619	44.0441455696203
20	80	42.183625	44.01228125
19	81	42.0884210526316	43.9675308641975
18	82	42.0493055555556	43.9290548780488
17	83	41.9944117647059	43.9093975903614
16	84	41.98125	43.8527380952381
15	85	41.9215	43.8267352941176
14	86	42.0017857142857	43.7731976744186
13	87	41.925	43.7288505747126
12	88	41.931875	43.7283522727273
11	89	41.8840909090909	43.6620786516854
10	90	41.779	43.6403055555555
9	91	41.7644444444445	43.5750274725275
8	92	41.5040625	43.5555163043478
7	93	41.5453571428571	43.5219086021505
6	94	41.7316666666667	43.461914893617
5	95	41.5055	43.4115789473684
4	96	41.54125	43.3838020833334
3	97	41.725	43.3261340206185
2	98	41.45875	43.3242346938776
1	99	41.445	43.279696969697
0	100	0	43.23805
