num_of_TFT_with_trembling_hand	num_of_Pavlov	average_fitness_of_TFT_with_trembling_hand	average_fitness_of_Pavlov
100	0	45.3408	0
99	1	45.3159090909091	63.7275
98	2	45.3220153061225	63.0875
97	3	45.2654381443299	62.9841666666667
96	4	45.2552604166667	62.86625
95	5	45.2491578947368	63.1025
94	6	45.2097074468085	62.7325
93	7	45.1803225806452	63.1942857142857
92	8	45.1521195652174	63.133125
91	9	45.0760714285714	62.8377777777778
90	10	45.0943333333333	63.083
89	11	45.0842134831461	63.0015909090909
88	12	45.0068465909091	62.8570833333333
87	13	44.9704597701149	63.0034615384615
86	14	44.9636046511628	63.0094642857143
85	15	44.925	63.0353333333333
84	16	44.9033630952381	62.95828125
83	17	44.8918975903614	63.0892647058823
82	18	44.8885670731707	63.2086111111111
81	19	44.8646913580247	62.9627631578947
80	20	44.8170625	62.877875
79	21	44.7883860759493	62.9446428571429
78	22	44.754358974359	63.2407954545454
77	23	44.7188636363637	63.0767391304348
76	24	44.6711184210526	63.0221875
75	25	44.6512333333334	63.1272
74	26	44.6681081081081	63.1941346153846
73	27	44.6202397260274	63.1537037037037
72	28	44.5815972222222	63.1154464285715
71	29	44.5944014084507	63.0149137931034
70	30	44.5363214285714	63.0250833333333
69	31	44.4750724637681	63.1681451612903
68	32	44.4775735294118	63.136484375
67	33	44.4478731343284	63.1871212121212
66	34	44.3773106060606	63.2094117647059
65	35	44.3891153846154	63.2272142857143
64	36	44.363046875	63.2317361111111
63	37	44.3089682539683	63.2171621621622
62	38	44.3313306451613	63.2076973684211
61	39	44.2447540983606	63.0504487179487
60	40	44.21775	63.1338125
59	41	44.2484322033898	63.1767073170731
58	42	44.1973275862069	63.2249404761905
57	43	44.1460964912281	63.1389534883721
56	44	44.1186607142857	63.0134090909091
55	45	44.093	63.3526111111111
54	46	44.0691666666667	63.1692391304348
53	47	44.0324528301887	63.1792021276596
52	48	44.0316826923077	63.2671875
51	49	44.0025490196078	63.1526530612245
50	50	43.9547	63.24615
49	51	43.9336224489796	63.1675
48	52	43.9443229166667	63.2656730769231
47	53	43.8746276595745	63.2032075471698
46	54	43.8920652173913	63.1956481481482
45	55	43.8316111111111	63.2382272727273
44	56	43.8113068181818	63.2991517857143
43	57	43.7513372093023	63.3737719298246
42	58	43.7945238095238	63.2824137931035
41	59	43.7309756097561	63.2246186440678
40	60	43.6953125	63.30325
39	61	43.6626282051282	63.475368852459
38	62	43.6270394736842	63.2971774193548
37	63	43.6471621621621	63.3520634920635
36	64	43.6263888888889	63.2839453125
35	65	43.5302142857143	63.3711538461539
34	66	43.4825	63.3250757575758
33	67	43.5544696969697	63.3313805970149
32	68	43.428359375	63.3421691176471
31	69	43.4464516129032	63.3414855072464
30	70	43.4165	63.3401785714286
29	71	43.4099137931034	63.305176056338
28	72	43.369375	63.4201736111111
27	73	43.3821296296296	63.445
26	74	43.2492307692308	63.3773310810811
25	75	43.2162	63.4945
24	76	43.21	63.4328618421052
23	77	43.2275	63.379025974026
22	78	43.1936363636364	63.3153846153846
21	79	43.2020238095238	63.3163924050633
20	80	43.066125	63.35675
19	81	43.1113157894737	63.346049382716
18	82	43.0206944444444	63.4238109756098
17	83	43.1833823529412	63.3867168674699
16	84	43.09515625	63.4495833333334
15	85	43.0576666666667	63.3828529411764
14	86	42.9466071428572	63.3325872093023
13	87	42.9082692307692	63.3790804597701
12	88	42.8572916666667	63.4267613636364
11	89	42.8920454545455	63.4849157303371
10	90	42.975	63.3425277777778
9	91	42.75	63.4103571428572
8	92	42.8528125	63.4277173913043
7	93	42.8796428571429	63.5545698924731
6	94	42.7441666666667	63.409414893617
5	95	42.7125	63.5368947368421
4	96	42.575	63.315859375
3	97	42.5533333333333	63.5222680412371
2	98	42.62375	63.4339030612245
1	99	42.645	63.4336363636364
0	100	0	63.4928
