num_of_TFT_with_trembling_hand	num_of_shame_driven_hiding	average_fitness_of_TFT_with_trembling_hand	average_fitness_of_shame_driven_hiding
100	0	45.40685	0
99	1	45.3254292929293	49.52
98	2	45.3249234693878	49.13375
97	3	45.2807216494845	49.2775
96	4	45.274296875	49.284375
95	5	45.2439210526316	49.26
94	6	45.2427393617021	49.32
93	7	45.2115860215054	49.3778571428571
92	8	45.2271195652174	49.2825
91	9	45.1578021978022	49.1786111111111
90	10	45.15975	49.1825
89	11	45.1538202247191	49.2236363636364
88	12	45.1167045454545	49.1335416666667
87	13	45.1031034482759	49.1065384615385
86	14	45.0439825581396	49.1198214285714
85	15	45.065794117647	49.1313333333333
84	16	45.0488392857143	49.12828125
83	17	45.0061445783133	49.1157352941177
82	18	45.0003353658536	49.0455555555556
81	19	44.9672530864198	48.9809210526316
80	20	44.96021875	48.968875
79	21	44.9520569620253	49.0069047619047
78	22	44.8863782051282	48.9110227272727
77	23	44.9375324675325	48.975
76	24	44.8750328947368	48.8994791666667
75	25	44.8293	48.9263
74	26	44.8409459459459	48.8863461538462
73	27	44.7945205479452	48.8552777777778
72	28	44.8280902777778	48.8448214285714
71	29	44.7866901408451	48.8734482758621
70	30	44.7404642857143	48.7981666666666
69	31	44.7578623188406	48.8029032258065
68	32	44.7459926470588	48.790390625
67	33	44.6896268656716	48.8009848484848
66	34	44.717803030303	48.7419852941176
65	35	44.6154615384615	48.7357857142857
64	36	44.6396484375	48.7329861111111
63	37	44.6004761904762	48.7147297297297
62	38	44.5633870967742	48.6954605263158
61	39	44.543155737705	48.6789102564102
60	40	44.5652916666667	48.6400625
59	41	44.5577542372881	48.642987804878
58	42	44.5261206896552	48.5791071428571
57	43	44.5087280701754	48.5597674418605
56	44	44.4515625	48.5434090909091
55	45	44.4562272727272	48.5374444444445
54	46	44.4331944444445	48.5265760869565
53	47	44.3719339622642	48.5275531914894
52	48	44.3882211538462	48.5084375
51	49	44.3518137254902	48.4752040816327
50	50	44.35905	48.47245
49	51	44.3140816326531	48.4173529411765
48	52	44.30953125	48.3973076923077
47	53	44.278670212766	48.3886320754717
46	54	44.2865760869565	48.4183333333333
45	55	44.2406666666667	48.3533636363636
44	56	44.2560227272727	48.3650446428572
43	57	44.2358139534884	48.2975877192983
42	58	44.1515476190476	48.2912931034483
41	59	44.1603048780488	48.2671610169492
40	60	44.0985	48.2485
39	61	44.143141025641	48.2468032786885
38	62	44.1094078947368	48.2174193548387
37	63	44.1293243243243	48.193253968254
36	64	44.0584722222222	48.170078125
35	65	44.0547857142857	48.1631923076923
34	66	44.0109558823529	48.1361742424242
33	67	44.0314393939394	48.1394776119403
32	68	44.000390625	48.1138235294118
31	69	43.9756451612903	48.0834420289855
30	70	43.8933333333333	48.0791428571428
29	71	43.9012931034483	48.0659507042254
28	72	43.895	48.0440277777778
27	73	43.8085185185185	48.0183561643835
26	74	43.8603846153846	48.0046621621622
25	75	43.8133	47.9811333333333
24	76	43.8022916666667	47.9422697368421
23	77	43.8896739130435	47.9604220779221
22	78	43.7902272727273	47.9250961538462
21	79	43.7136904761905	47.8984810126582
20	80	43.733625	47.88296875
19	81	43.7615789473684	47.8692592592593
18	82	43.7476388888889	47.8436280487805
17	83	43.6341176470588	47.8363554216867
16	84	43.6296875	47.804255952381
15	85	43.6193333333333	47.7934411764706
14	86	43.6292857142857	47.7756104651163
13	87	43.5857692307692	47.7517816091954
12	88	43.6208333333333	47.7292897727273
11	89	43.4097727272727	47.7077247191012
10	90	43.528	47.7023888888889
9	91	43.5936111111111	47.6821703296703
8	92	43.4590625	47.6607608695652
7	93	43.4775	47.6338709677419
6	94	43.42125	47.6175
5	95	43.4895	47.5927368421053
4	96	43.385625	47.5775260416667
3	97	43.3391666666667	47.5536597938144
2	98	43.2825	47.5395918367347
1	99	43.1575	47.5208333333333
0	100	0	47.5
