num_of_tit_for_tat	num_of_guilt_driven_amending	average_fitness_of_tit_for_tat	average_fitness_of_guilt_driven_amending
100	0	50	0
99	1	49.9416919191919	51.625
98	2	49.8891836734694	51.91125
97	3	49.8322164948454	51.6975
96	4	49.7771354166667	51.663125
95	5	49.722947368421	51.503
94	6	49.666170212766	51.43875
93	7	49.6047580645161	51.4239285714286
92	8	49.5464673913043	51.379375
91	9	49.4902472527473	51.3319444444445
90	10	49.4280555555555	51.22625
89	11	49.3870505617978	51.1434090909091
88	12	49.3103977272727	51.0885416666667
87	13	49.2570689655173	51.1032692307692
86	14	49.2146511627907	50.95375
85	15	49.1577941176471	51.0103333333333
84	16	49.0819345238096	50.975625
83	17	49.0296987951807	50.8541176470588
82	18	48.9882621951219	50.7154166666666
81	19	48.9408024691358	50.765
80	20	48.8810625	50.758625
79	21	48.817753164557	50.5875
78	22	48.7684935897436	50.6081818181818
77	23	48.7058766233766	50.5017391304348
76	24	48.6498355263158	50.4730208333333
75	25	48.5853	50.4289
74	26	48.5350675675676	50.3923076923077
73	27	48.4870890410959	50.28
72	28	48.4211111111111	50.3178571428571
71	29	48.3645422535211	50.2439655172414
70	30	48.2947142857143	50.1340833333333
69	31	48.2648188405797	50.0937903225807
68	32	48.2170955882353	50.050234375
67	33	48.1358208955224	50.0090151515152
66	34	48.0873106060606	49.9395588235294
65	35	48.0383076923077	49.8559285714286
64	36	47.9716015625	49.8501388888889
63	37	47.8921031746032	49.7637837837837
62	38	47.8704838709677	49.6820394736842
61	39	47.8152459016393	49.6580769230769
60	40	47.7656666666667	49.6094375
59	41	47.6740677966102	49.5629268292683
58	42	47.6509913793103	49.4905952380953
57	43	47.5715789473684	49.4540697674419
56	44	47.5539732142857	49.4005681818182
55	45	47.4401818181818	49.3404444444444
54	46	47.4244444444445	49.2863586956522
53	47	47.3723113207547	49.2378723404255
52	48	47.2659615384615	49.1591145833333
51	49	47.2377450980392	49.0872448979592
50	50	47.19825	49.0261
49	51	47.1355102040816	48.997794117647
48	52	47.073125	48.9852403846154
47	53	47.0106914893617	48.917358490566
46	54	46.9479347826087	48.8347222222222
45	55	46.9172222222222	48.8075454545455
44	56	46.8644318181818	48.7239285714286
43	57	46.7903488372093	48.6738157894737
42	58	46.7431547619048	48.6518965517241
41	59	46.710243902439	48.5719915254237
40	60	46.5950625	48.5052916666667
39	61	46.5315384615385	48.3980737704918
38	62	46.5354605263158	48.4486290322581
37	63	46.4984459459459	48.3838095238095
36	64	46.4296527777778	48.288984375
35	65	46.3385714285714	48.2229615384615
34	66	46.2730147058824	48.1823484848485
33	67	46.2248484848485	48.1056343283582
32	68	46.20609375	48.0859558823529
31	69	46.1107258064516	48.0658333333333
30	70	46.0283333333334	47.9806071428572
29	71	46.0131034482758	47.8779929577465
28	72	45.9236607142857	47.8797222222222
27	73	45.9106481481481	47.8148630136986
26	74	45.8561538461538	47.7326689189189
25	75	45.7475	47.7358
24	76	45.7279166666666	47.6581907894737
23	77	45.6978260869565	47.585974025974
22	78	45.5703409090909	47.5121153846154
21	79	45.5467857142857	47.5073417721519
20	80	45.4705	47.4128125
19	81	45.4876315789474	47.338487654321
18	82	45.345	47.3014024390244
17	83	45.3702941176471	47.2421686746988
16	84	45.344375	47.1985714285714
15	85	45.2063333333333	47.165
14	86	45.155	47.0820639534884
13	87	45.1055769230769	47.0591954022988
12	88	45.1210416666666	46.9959943181818
11	89	45.0509090909091	46.9383988764045
10	90	44.87625	46.9063055555556
9	91	44.9002777777778	46.8510714285714
8	92	44.8234375	46.7733423913043
7	93	44.8007142857143	46.7168279569892
6	94	44.7045833333333	46.6444414893617
5	95	44.61	46.6005
4	96	44.5125	46.5200260416666
3	97	44.6066666666667	46.4671649484536
2	98	44.63875	46.4236989795918
1	99	44.485	46.3706818181818
0	100	0	46.32785
