num_of_tit_for_tat	num_of_shame_driven_hiding	average_fitness_of_tit_for_tat	average_fitness_of_shame_driven_hiding
100	0	50	0
99	1	49.900101010101	57.5
98	2	49.8125510204082	57.435
97	3	49.7164948453608	57.3166666666667
96	4	49.6160416666667	57.21
95	5	49.5144210526316	57.122
94	6	49.4143617021277	57.0183333333333
93	7	49.3112903225806	56.9285714285714
92	8	49.2128260869565	56.81
91	9	49.1273626373626	56.7144444444445
90	10	49.0242222222222	56.604
89	11	48.931797752809	56.4854545454545
88	12	48.8460227272727	56.435
87	13	48.7408045977011	56.3115384615385
86	14	48.6387209302326	56.2492857142857
85	15	48.550705882353	56.158
84	16	48.4691666666667	56.065
83	17	48.3386746987952	55.9752941176471
82	18	48.2712195121951	55.7922222222223
81	19	48.151975308642	55.7357894736842
80	20	48.03325	55.693
79	21	47.896582278481	55.5766666666666
78	22	47.8541025641026	55.4318181818182
77	23	47.7814285714286	55.3143478260869
76	24	47.666052631579	55.2445833333333
75	25	47.5672	55.0996
74	26	47.4790540540541	55.0376923076923
73	27	47.3645205479452	54.9403703703704
72	28	47.2693055555556	54.8285714285714
71	29	47.1638028169014	54.7275862068966
70	30	47.0637142857143	54.62
69	31	46.9755072463768	54.556129032258
68	32	46.8669117647059	54.496875
67	33	46.7801492537313	54.379393939394
66	34	46.6625757575758	54.2726470588235
65	35	46.574	54.174
64	36	46.4803125	54.0613888888889
63	37	46.3944444444445	53.9727027027027
62	38	46.255	53.8528947368421
61	39	46.195737704918	53.781282051282
60	40	46.0913333333333	53.69425
59	41	45.9749152542373	53.5719512195122
58	42	45.8855172413793	53.4628571428571
57	43	45.7542105263158	53.3362790697674
56	44	45.6619642857143	53.2354545454546
55	45	45.5585454545455	53.1191111111111
54	46	45.482037037037	53.0704347826087
53	47	45.4015094339623	52.9508510638298
52	48	45.2984615384615	52.8366666666666
51	49	45.1617647058823	52.7771428571429
50	50	45.0978	52.6808
49	51	44.9397959183673	52.5494117647059
48	52	44.8589583333333	52.5032692307692
47	53	44.7587234042553	52.3388679245283
46	54	44.6478260869565	52.2838888888889
45	55	44.5884444444444	52.1570909090909
44	56	44.4363636363636	52.0685714285715
43	57	44.3816279069768	51.9284210526316
42	58	44.2061904761905	51.823275862069
41	59	44.1873170731707	51.7303389830508
40	60	44.08225	51.6658333333333
39	61	43.97	51.5429508196721
38	62	43.8773684210526	51.4474193548387
37	63	43.6954054054054	51.3550793650794
36	64	43.6141666666666	51.24890625
35	65	43.514	51.1230769230769
34	66	43.4129411764706	51.0112121212121
33	67	43.2927272727273	50.9383582089552
32	68	43.243125	50.8483823529412
31	69	43.1564516129032	50.7369565217391
30	70	43.0386666666667	50.586
29	71	42.9351724137931	50.5314084507042
28	72	42.8282142857143	50.4329166666667
27	73	42.7344444444444	50.3478082191781
26	74	42.6288461538461	50.2125675675675
25	75	42.4508	50.098
24	76	42.4345833333333	50.0365789473684
23	77	42.2686956521739	49.9072727272727
22	78	42.2127272727273	49.8007692307692
21	79	42.07	49.6850632911393
20	80	41.996	49.586
19	81	41.9052631578948	49.4933333333333
18	82	41.7488888888889	49.3863414634147
17	83	41.6811764705882	49.2743373493976
16	84	41.54125	49.1683333333333
15	85	41.5133333333333	49.0618823529412
14	86	41.4142857142857	48.9570930232558
13	87	41.2461538461538	48.8657471264368
12	88	41.1575	48.7528409090909
11	89	41.04	48.6615730337079
10	90	40.959	48.5303333333333
9	91	40.8833333333333	48.4381318681319
8	92	40.73375	48.3335869565217
7	93	40.6071428571429	48.2486021505376
6	94	40.5316666666667	48.1287234042553
5	95	40.39	48.0216842105263
4	96	40.2975	47.9227083333333
3	97	40.1766666666667	47.8270103092783
2	98	40.075	47.7188775510204
1	99	40	47.6050505050505
0	100	0	47.5
