num_of_tit_for_tat	num_of_shame_driven_denying	average_fitness_of_tit_for_tat	average_fitness_of_shame_driven_denying
100	0	50	0
99	1	49.8806818181818	54.8275
98	2	49.7648214285714	54.75875
97	3	49.6410567010309	54.49
96	4	49.5254947916667	54.54375
95	5	49.3948421052631	54.168
94	6	49.276835106383	54.1983333333333
93	7	49.1649731182796	53.9728571428571
92	8	49.0394565217391	53.8678125
91	9	48.9220329670329	53.8011111111111
90	10	48.7832777777778	53.743
89	11	48.6748033707865	53.5836363636364
88	12	48.5477556818182	53.4616666666667
87	13	48.4222701149425	53.3344230769231
86	14	48.2956104651163	53.16375
85	15	48.1865882352941	53.1116666666667
84	16	48.0645238095238	52.975625
83	17	47.9403313253012	52.812205882353
82	18	47.8244207317073	52.7643055555556
81	19	47.6937654320988	52.6160526315789
80	20	47.54265625	52.546625
79	21	47.466835443038	52.4307142857143
78	22	47.3029487179487	52.27125
77	23	47.2056818181818	52.2330434782609
76	24	47.0911184210526	52.06875
75	25	46.9566	51.9587
74	26	46.8256418918919	51.8053846153846
73	27	46.7198630136986	51.7737962962963
72	28	46.6277777777778	51.5742857142857
71	29	46.4507746478873	51.4644827586207
70	30	46.3915714285714	51.3335
69	31	46.2543115942029	51.3
68	32	46.1168014705882	51.062734375
67	33	45.9888432835821	50.9925
66	34	45.8630303030303	50.9102941176471
65	35	45.7751153846154	50.76
64	36	45.6355859375	50.6173611111111
63	37	45.5257936507936	50.567972972973
62	38	45.3510080645161	50.4706578947369
61	39	45.2515983606557	50.2810897435897
60	40	45.19925	50.2446875
59	41	44.9571186440678	50.1211585365854
58	42	44.9385344827586	49.9880357142857
57	43	44.7853070175439	49.8480232558139
56	44	44.7170089285714	49.7111931818182
55	45	44.5014545454546	49.6178333333333
54	46	44.4214351851852	49.4378804347826
53	47	44.2483490566038	49.3304787234042
52	48	44.14375	49.2674479166667
51	49	44.091862745098	49.1580102040817
50	50	43.92425	49.06455
49	51	43.802806122449	48.8681862745098
48	52	43.7088541666667	48.7612019230769
47	53	43.5582978723404	48.7377830188679
46	54	43.410652173913	48.5687037037037
45	55	43.3228888888889	48.4390909090909
44	56	43.2040909090909	48.3284375
43	57	43.166511627907	48.2155263157895
42	58	42.9801785714286	48.11125
41	59	42.8188414634146	47.9800423728814
40	60	42.74975	47.921125
39	61	42.6263461538462	47.7151639344262
38	62	42.4890131578947	47.6607258064516
37	63	42.3558108108108	47.4820634920635
36	64	42.2389583333334	47.3765625
35	65	42.2000714285714	47.3623076923077
34	66	42.0347794117647	47.1732575757576
33	67	41.8843181818182	47.0833955223881
32	68	41.79546875	46.8966176470588
31	69	41.6025	46.8171014492753
30	70	41.4964166666667	46.7153928571428
29	71	41.4125	46.6069366197183
28	72	41.2597321428571	46.4749652777778
27	73	41.0938888888889	46.3661301369863
26	74	41.0840384615385	46.2792905405405
25	75	40.9429	46.1225
24	76	40.8322916666667	45.9603947368421
23	77	40.6476086956522	45.9331168831169
22	78	40.6448863636364	45.7953846153846
21	79	40.3820238095238	45.6541772151899
20	80	40.321125	45.54759375
19	81	40.1801315789474	45.4752469135802
18	82	40.0818055555556	45.2718597560976
17	83	39.9217647058823	45.1782228915663
16	84	39.83109375	45.0853273809524
15	85	39.681	44.9537352941176
14	86	39.5866071428571	44.8668313953489
13	87	39.4328846153846	44.7125287356322
12	88	39.3254166666667	44.5984943181818
11	89	39.3263636363636	44.4875561797753
10	90	39.07775	44.40375
9	91	38.9208333333333	44.2112912087912
8	92	38.8271875	44.156847826087
7	93	38.7421428571429	44.0531451612903
6	94	38.6216666666667	43.9491223404255
5	95	38.593	43.7922894736842
4	96	38.34	43.6709895833333
3	97	38.2733333333333	43.5686855670103
2	98	38.0075	43.4333673469388
1	99	38.0175	43.3347474747475
0	100	0	43.227175
