num_of_tit_for_tat	num_of_Pavlov	average_fitness_of_tit_for_tat	average_fitness_of_Pavlov
100	0	50	0
99	1	49.8941414141415	69.05
98	2	49.8057908163265	68.66875
97	3	49.6931443298969	68.3758333333334
96	4	49.59171875	68.38875
95	5	49.5018157894737	68.651
94	6	49.392420212766	68.36625
93	7	49.2934139784946	68.0675
92	8	49.2125815217391	68.32
91	9	49.1002197802198	68.0780555555556
90	10	48.9971388888889	68.095
89	11	48.8978651685393	67.9890909090909
88	12	48.7828409090909	68.0425
87	13	48.6862068965517	68.0178846153846
86	14	48.5908720930233	67.7271428571429
85	15	48.5116470588235	68.0285
84	16	48.3773214285714	67.91421875
83	17	48.296265060241	67.6686764705882
82	18	48.1814024390244	67.7465277777778
81	19	48.0782098765432	67.4886842105263
80	20	47.9883125	67.388125
79	21	47.9037025316456	67.284880952381
78	22	47.7758653846154	67.2138636363636
77	23	47.7069480519481	67.3973913043478
76	24	47.6022039473684	67.3609374999999
75	25	47.4720666666667	67.2398
74	26	47.3966891891892	67.2380769230769
73	27	47.2631849315069	67.1873148148148
72	28	47.1854166666667	67.1924107142857
71	29	47.0585915492958	67.0172413793103
70	30	46.9954285714286	66.8850833333333
69	31	46.8738043478261	67.0282258064516
68	32	46.7835661764706	67.02125
67	33	46.664776119403	66.8138636363636
66	34	46.5999621212121	66.6685294117647
65	35	46.4921923076923	66.7157142857142
64	36	46.347890625	66.6954166666667
63	37	46.2890079365079	66.7137162162162
62	38	46.2062096774193	66.6234210526316
61	39	46.1052459016394	66.3958333333333
60	40	46.0019166666667	66.336875
59	41	45.8916949152542	66.3667682926829
58	42	45.7634913793103	66.5057738095238
57	43	45.6717105263158	66.184011627907
56	44	45.5533928571429	66.1893181818182
55	45	45.5103636363636	66.1338888888889
54	46	45.4089351851852	66.0553804347826
53	47	45.232358490566	66.1459574468085
52	48	45.1997596153846	65.90234375
51	49	45.0475980392157	66.064387755102
50	50	44.9772	65.918
49	51	44.9107142857143	65.8863235294117
48	52	44.7453125	65.7828846153846
47	53	44.7146808510638	65.8917924528302
46	54	44.5780434782609	65.7100462962963
45	55	44.4527222222222	65.7051818181818
44	56	44.3594886363637	65.651875
43	57	44.2525	65.7075438596491
42	58	44.1661904761905	65.71
41	59	44.0493292682927	65.485
40	60	43.9685	65.4491666666666
39	61	43.8383974358974	65.2828278688525
38	62	43.7850657894737	65.4450403225806
37	63	43.64	65.2511507936508
36	64	43.5476388888889	65.1465625
35	65	43.4649285714286	65.1807692307692
34	66	43.3078676470588	65.1974242424242
33	67	43.3017424242424	65.1875373134329
32	68	43.180703125	65.0697426470588
31	69	43.0208064516129	65.0641666666667
30	70	42.9038333333333	64.8501071428572
29	71	42.9315517241379	64.9777112676056
28	72	42.7635714285714	64.860625
27	73	42.6286111111111	64.7646232876713
26	74	42.5346153846154	64.7742905405405
25	75	42.4151	64.5867666666667
24	76	42.405	64.6106578947368
23	77	42.264347826087	64.5572727272727
22	78	42.1805681818182	64.5251923076923
21	79	42.0572619047619	64.4086708860759
20	80	42.0025	64.53384375
19	81	41.8460526315789	64.3641049382716
18	82	41.7434722222222	64.2767073170732
17	83	41.6622058823529	64.3340662650602
16	84	41.56265625	64.2528869047619
15	85	41.4691666666667	64.2589117647059
14	86	41.41375	64.1099127906976
13	87	41.2123076923077	64.0545977011495
12	88	41.16	64.0676988636364
11	89	41.0654545454545	64.0844382022472
10	90	40.96925	63.9522222222222
9	91	40.7869444444444	63.8853021978022
8	92	40.705	63.7546739130435
7	93	40.5510714285714	63.8641397849463
6	94	40.4254166666667	63.6411436170213
5	95	40.392	63.7848421052632
4	96	40.315625	63.61125
3	97	40.1683333333333	63.5122164948454
2	98	40.21875	63.499387755102
1	99	40.035	63.4882828282828
0	100	0	63.44735
