num_of_tit_for_tat	num_of_TFT_with_trembling_hand	average_fitness_of_tit_for_tat	average_fitness_of_TFT_with_trembling_hand
100	0	50	0
99	1	49.9190151515151	52.9875
98	2	49.8311224489796	52.88875
97	3	49.7611082474227	52.54
96	4	49.6789322916667	52.511875
95	5	49.6051842105263	52.5215
94	6	49.5428989361702	52.3783333333333
93	7	49.4567204301076	52.3371428571429
92	8	49.3810597826087	52.2709375
91	9	49.2903296703297	52.07
90	10	49.2236944444445	52.1955
89	11	49.1502808988764	52.0888636363637
88	12	49.0549147727273	51.9291666666667
87	13	48.9877586206897	51.8659615384615
86	14	48.9031395348837	51.8214285714286
85	15	48.8115882352941	51.7505
84	16	48.7388392857143	51.69734375
83	17	48.671265060241	51.5470588235294
82	18	48.5757012195122	51.44
81	19	48.5206481481481	51.4625
80	20	48.41371875	51.342125
79	21	48.3822151898734	51.382619047619
78	22	48.2766666666667	51.1385227272727
77	23	48.2133766233766	51.1575
76	24	48.125	51.0683333333333
75	25	48.0771333333334	50.998
74	26	47.9788851351351	50.9835576923077
73	27	47.8867465753424	50.8571296296296
72	28	47.8116319444444	50.7800892857143
71	29	47.7111619718309	50.6905172413793
70	30	47.6428571428571	50.5519166666667
69	31	47.5839855072464	50.5525806451613
68	32	47.5373897058823	50.48296875
67	33	47.4305223880597	50.4169696969697
66	34	47.3391666666667	50.3046323529412
65	35	47.2815769230769	50.2182142857143
64	36	47.2074609375	50.213125
63	37	47.1183333333333	50.1489864864865
62	38	47.0377016129032	50.0514473684211
61	39	46.9717213114754	49.9676282051282
60	40	46.879	49.8721875
59	41	46.7899576271187	49.8344512195122
58	42	46.697974137931	49.7974404761905
57	43	46.6503947368421	49.663023255814
56	44	46.5692857142857	49.5407386363636
55	45	46.5055	49.5332222222222
54	46	46.4331944444445	49.3986413043478
53	47	46.3753773584906	49.3422340425532
52	48	46.2420192307692	49.27359375
51	49	46.2001470588235	49.2010714285714
50	50	46.0936	49.11395
49	51	46.0197959183673	49.0247549019608
48	52	45.9446354166667	48.9683653846154
47	53	45.8503723404255	48.8971226415094
46	54	45.8155434782608	48.83875
45	55	45.6771666666667	48.8048181818182
44	56	45.6419886363636	48.6795089285714
43	57	45.555523255814	48.5727192982456
42	58	45.4904166666666	48.5083189655173
41	59	45.3808536585366	48.4696186440678
40	60	45.3360625	48.414125
39	61	45.2496153846154	48.31
38	62	45.1911184210526	48.23125
37	63	45.1082432432433	48.1559523809524
36	64	45.0053472222222	48.0548046875
35	65	44.9127857142857	47.9468076923077
34	66	44.8004411764706	47.9317424242424
33	67	44.7594696969697	47.8678731343284
32	68	44.726484375	47.7832352941176
31	69	44.6277419354839	47.6871014492754
30	70	44.55	47.6254642857143
29	71	44.4826724137931	47.573661971831
28	72	44.4152678571429	47.4571180555556
27	73	44.2647222222222	47.4006164383562
26	74	44.2772115384615	47.2836824324324
25	75	44.1326	47.2266
24	76	44.1013541666667	47.1576973684211
23	77	43.9498913043478	47.0833441558441
22	78	43.8782954545455	47.0293269230769
21	79	43.8220238095238	46.9449683544304
20	80	43.752625	46.81521875
19	81	43.6611842105263	46.7780864197531
18	82	43.6220833333334	46.7016768292683
17	83	43.4833823529412	46.6487951807229
16	84	43.46203125	46.5877678571429
15	85	43.4166666666667	46.5051470588236
14	86	43.2746428571429	46.4454941860465
13	87	43.1982692307692	46.3351149425287
12	88	43.1658333333333	46.2800852272727
11	89	43.0240909090909	46.2250561797753
10	90	42.971	46.09275
9	91	42.895	46.0296153846154
8	92	42.8090625	45.9561956521739
7	93	42.765	45.8726612903226
6	94	42.655	45.7982180851064
5	95	42.598	45.7052894736842
4	96	42.44625	45.671796875
3	97	42.4933333333333	45.5959278350515
2	98	42.39125	45.5096683673469
1	99	42.195	45.4483080808081
0	100	0	45.3854
