num_of_generous_TFT	num_of_Pavlov	average_fitness_of_generous_TFT	average_fitness_of_Pavlov
100	0	150	0
99	1	149.433409090909	161.53
98	2	148.863903061224	160.84
97	3	148.330670103093	160.133333333333
96	4	147.7321875	159.419375
95	5	147.226210526316	159.205
94	6	146.591941489362	158.2225
93	7	146.06940860215	157.849285714286
92	8	145.495217391304	157.1484375
91	9	144.956538461538	156.796666666667
90	10	144.371333333333	155.89825
89	11	143.818820224719	155.339772727273
88	12	143.227642045455	154.477916666667
87	13	142.698304597701	154.159423076923
86	14	142.13898255814	153.276428571429
85	15	141.546029411765	152.679833333333
84	16	140.9875	152.17921875
83	17	140.455451807229	151.869411764706
82	18	139.875396341463	151.016527777778
81	19	139.372191358025	150.533815789474
80	20	138.72128125	149.89325
79	21	138.30167721519	149.103452380952
78	22	137.645641025641	148.67125
77	23	137.115681818182	147.986086956522
76	24	136.505328947368	147.365729166667
75	25	135.929033333333	146.7781
74	26	135.403445945946	146.089134615385
73	27	134.718904109589	145.560277777778
72	28	134.198368055556	144.938571428571
71	29	133.609014084507	144.256034482759
70	30	133.118071428571	143.831
69	31	132.469384057971	143.087983870968
68	32	132.0425	142.448515625
67	33	131.471940298507	141.907196969697
66	34	130.890037878788	141.27875
65	35	130.497615384615	140.720214285714
64	36	129.8444921875	140.087847222222
63	37	129.223571428571	139.442027027027
62	38	128.608225806452	138.784210526316
61	39	128.115204918033	138.213782051282
60	40	127.359166666667	137.617875
59	41	126.877754237288	136.902073170732
58	42	126.30724137931	136.344880952381
57	43	125.748728070175	135.717441860465
56	44	125.191026785714	135.056534090909
55	45	124.722227272727	134.549611111111
54	46	124.025185185185	133.921847826087
53	47	123.60858490566	133.349361702128
52	48	123.118028846154	132.740260416667
51	49	122.393480392157	132.093265306122
50	50	121.7927	131.3917
49	51	121.313928571429	130.953480392157
48	52	120.68453125	130.250336538462
47	53	120.194095744681	129.528820754717
46	54	119.660326086957	129.037037037037
45	55	119.028	128.4925
44	56	118.524318181818	127.7734375
43	57	117.769127906977	127.178157894737
42	58	117.385654761905	126.63224137931
41	59	116.837195121951	125.960169491525
40	60	116.173375	125.460583333333
39	61	115.799423076923	124.743319672131
38	62	115.004736842105	124.312217741936
37	63	114.515405405405	123.615317460318
36	64	113.91125	122.926015625
35	65	113.537142857143	122.307384615385
34	66	112.773970588235	121.572537878788
33	67	112.319242424242	121.058619402985
32	68	111.725	120.358051470588
31	69	111.128629032258	120.009891304348
30	70	110.535333333333	119.339857142857
29	71	110.037844827586	118.643556338028
28	72	109.345089285714	118.084826388889
27	73	108.926481481481	117.470856164384
26	74	108.474134615385	116.782837837838
25	75	107.6933	116.201033333333
24	76	107.307708333333	115.606875
23	77	106.886739130435	114.985876623377
22	78	106.186931818182	114.443333333333
21	79	105.512380952381	113.83417721519
20	80	104.676625	113.19775
19	81	104.493947368421	112.514290123457
18	82	103.717777777778	111.872286585366
17	83	103.120441176471	111.193132530121
16	84	102.731875	110.654107142857
15	85	102.058	110.135529411765
14	86	101.638571428571	109.555726744186
13	87	100.798461538462	108.802270114943
12	88	100.569166666667	108.246590909091
11	89	100.278636363636	107.591853932584
10	90	99.211	107.048833333333
9	91	99.0594444444445	106.499752747253
8	92	98.093125	105.884619565217
7	93	97.4725	105.118494623656
6	94	97.1129166666667	104.562021276596
5	95	96.681	104.1105
4	96	95.864375	103.421328125
3	97	94.9666666666667	102.664097938144
2	98	94.115	102.03625
1	99	94.355	101.57303030303
0	100	0	100.840275
