num_of_generous_TFT	num_of_TFT_with_trembling_hand	average_fitness_of_generous_TFT	average_fitness_of_TFT_with_trembling_hand
100	0	150	0
99	1	149.592146464646	154.2125
98	2	149.186607142857	154.30125
97	3	148.75587628866	153.719166666667
96	4	148.36671875	153.224375
95	5	147.976947368421	152.7835
94	6	147.573696808511	152.087916666667
93	7	147.186801075269	151.7425
92	8	146.733885869565	151.1421875
91	9	146.340604395604	150.61
90	10	145.893166666667	150.15025
89	11	145.528623595506	149.577954545455
88	12	145.069857954545	149.193958333333
87	13	144.716724137931	148.781538461538
86	14	144.304796511628	148.114821428571
85	15	143.892	147.627333333333
84	16	143.486904761905	146.98546875
83	17	143.094397590362	146.657205882353
82	18	142.590548780488	146.060138888889
81	19	142.284074074074	145.512894736842
80	20	141.8450625	145.09925
79	21	141.429082278481	144.583095238095
78	22	141.011666666667	144.083636363636
77	23	140.659188311688	143.530434782609
76	24	140.244835526316	142.9496875
75	25	139.8538	142.3915
74	26	139.331959459459	142.055288461539
73	27	139.023767123288	141.487037037037
72	28	138.596631944444	141.100357142857
71	29	138.200070422535	140.421551724138
70	30	137.831285714286	139.986
69	31	137.383876811594	139.410967741935
68	32	136.991985294118	138.940390625
67	33	136.496679104478	138.495
66	34	136.158484848485	137.895
65	35	135.721269230769	137.353285714286
64	36	135.330703125	136.837777777778
63	37	134.897341269841	136.446756756757
62	38	134.541693548387	135.924078947368
61	39	134.110983606557	135.373461538461
60	40	133.695458333333	134.7969375
59	41	133.369745762712	134.344146341463
58	42	132.928017241379	133.781488095238
57	43	132.450877192982	133.286453488372
56	44	132.049642857143	132.890170454545
55	45	131.738772727273	132.248944444445
54	46	131.247453703704	131.849673913043
53	47	130.812452830189	131.290691489362
52	48	130.455721153846	130.783854166667
51	49	130.051617647059	130.271173469388
50	50	129.62545	129.66245
49	51	129.236683673469	129.279264705882
48	52	128.756927083333	128.756730769231
47	53	128.379308510638	128.166933962264
46	54	127.911793478261	127.763657407407
45	55	127.6355	127.169954545455
44	56	127.188238636364	126.631294642857
43	57	126.786918604651	126.20600877193
42	58	126.355476190476	125.668577586207
41	59	125.915365853659	125.156398305085
40	60	125.519125	124.559958333333
39	61	125.21358974359	124.126434426229
38	62	124.753223684211	123.675362903226
37	63	124.380135135135	123.062103174603
36	64	123.947638888889	122.53859375
35	65	123.518285714286	122.0825
34	66	123.107279411765	121.520189393939
33	67	122.686818181818	121.005149253731
32	68	122.29421875	120.505294117647
31	69	121.886129032258	120.10402173913
30	70	121.569	119.593178571429
29	71	120.965775862069	119.018767605634
28	72	120.696785714286	118.493888888889
27	73	120.233240740741	118.096130136986
26	74	119.878942307692	117.574966216216
25	75	119.4136	116.9747
24	76	119.0453125	116.503421052632
23	77	118.742391304348	116.011753246753
22	78	118.195454545455	115.49233974359
21	79	117.727619047619	114.970632911392
20	80	117.31875	114.46475
19	81	117.097763157895	113.918611111111
18	82	116.570138888889	113.432256097561
17	83	116.227352941177	112.858253012048
16	84	115.7671875	112.346130952381
15	85	115.357	111.921411764706
14	86	115.037678571429	111.291279069767
13	87	114.484038461538	110.904885057471
12	88	114.051458333333	110.374289772727
11	89	113.683181818182	109.833651685393
10	90	113.28975	109.31725
9	91	112.948611111111	108.855302197802
8	92	112.4471875	108.290489130435
7	93	112.148928571429	107.785725806452
6	94	111.735	107.333191489362
5	95	111.429	106.840526315789
4	96	110.8675	106.320182291667
3	97	110.504166666667	105.703711340206
2	98	110.0325	105.293469387755
1	99	109.66	104.746161616162
0	100	0	104.17045
