num_of_always_defect	num_of_always_trembling	average_fitness_of_always_defect	average_fitness_of_always_trembling
20	0	0	0
19	1	5.32052631578947	-75.8025
18	2	10.405	-68.8475
17	3	15.6652941176471	-64.6016666666667
16	4	20.91625	-59.57
15	5	26.3053333333333	-53.422
14	6	31.5914285714286	-48.5645833333333
13	7	37.2707692307692	-43.6703571428572
12	8	42.1791666666667	-37.8471875
11	9	47.4909090909091	-32.865
10	10	52.477	-27.51175
9	11	57.6044444444444	-22.3727272727273
8	12	62.67125	-17.3366666666667
7	13	68.3814285714286	-11.7846153846154
6	14	73.655	-6.48767857142857
5	15	78.96	-1.298
4	16	84.4025	3.83828125
3	17	89.32	9.15705882352941
2	18	93.995	14.8498611111111
1	19	100.19	19.7971052631579
0	20	0	24.948625
