num_of_always_defect	num_of_shame_driven_hiding	average_fitness_of_always_defect	average_fitness_of_shame_driven_hiding
20	0	0	0
19	1	1	-14.2425
18	2	2	-11.11375
17	3	3	-8.10916666666666
16	4	4	-4.865
15	5	5	-1.6625
14	6	6	1.41291666666667
13	7	7	4.64571428571429
12	8	8	8.0753125
11	9	8.99909090909091	11.1583333333333
10	10	10	14.5725
9	11	11	18.0029545454546
8	12	12	21.3379166666667
7	13	13	24.6786538461539
6	14	14	28.0551785714286
5	15	15	31.589
4	16	15.9975	35.07328125
3	17	17	38.5686764705883
2	18	18	42.2975
1	19	19	45.825
0	20	0	49.5
