num_of_always_cooperate	num_of_shame_driven_hiding	average_fitness_of_always_cooperate	average_fitness_of_shame_driven_hiding
20	0	50	0
19	1	49.9	51.5
18	2	49.7805555555556	51.395
17	3	49.7005882352942	51.3333333333333
16	4	49.603125	51.1775
15	5	49.476	51.142
14	6	49.3935714285715	51.0116666666667
13	7	49.2746153846154	50.8542857142857
12	8	49.1833333333334	50.82625
11	9	49.1145454545455	50.6944444444445
10	10	48.977	50.558
9	11	48.8711111111111	50.4545454545455
8	12	48.71875	50.36
7	13	48.6685714285714	50.2592307692308
6	14	48.5683333333333	50.1221428571428
5	15	48.404	50.058
4	16	48.2825	49.935
3	17	48.2133333333333	49.8223529411764
2	18	48.105	49.7027777777778
1	19	48	49.6221052631579
0	20	0	49.5
