num_of_always_cooperate	num_of_always_trembling	average_fitness_of_always_cooperate	average_fitness_of_always_trembling
20	0	50	0
19	1	44.6526315789474	124.55
18	2	39.4988888888889	120.06875
17	3	34.2317647058823	114.171666666667
16	4	28.98625	108.96
15	5	23.712	103.378
14	6	18.2428571428571	98.5716666666667
13	7	12.9476923076923	93.5228571428572
12	8	7.86083333333333	87.939375
11	9	3.04454545454545	82.7513888888889
10	10	-2.715	77.735
9	11	-7.94222222222223	72.6488636363636
8	12	-13.2125	67.0677083333333
7	13	-17.9028571428571	61.7386538461539
6	14	-23.6666666666667	56.1907142857143
5	15	-29.018	51.572
4	16	-34.4875	46.14203125
3	17	-39.9166666666667	40.9508823529412
2	18	-44.37	35.32875
1	19	-49.18	30.3289473684211
0	20	0	25.1065
