num_of_always_cooperate	num_of_shame_driven_denying	average_fitness_of_always_cooperate	average_fitness_of_shame_driven_denying
20	0	50	0
19	1	49.4057894736842	59.15
18	2	48.7888888888889	58.29375
17	3	48.1058823529412	57.5341666666666
16	4	47.47375	56.345
15	5	46.6786666666667	56.029
14	6	45.9842857142857	55.2791666666667
13	7	45.5484615384616	54.5292857142857
12	8	44.8658333333333	53.7015625
11	9	44.1318181818182	53.0402777777777
10	10	43.528	52.28975
9	11	42.9577777777778	51.6254545454545
8	12	42.02	50.8691666666667
7	13	41.7114285714286	49.936923076923
6	14	40.84	49.2842857142857
5	15	40.098	48.3661666666667
4	16	39.2175	47.8059375
3	17	39.4366666666667	47.037205882353
2	18	38.375	46.08125
1	19	37.62	45.4738157894737
0	20	0	44.661875
