num_of_always_trembling	num_of_shame_driven_hiding	average_fitness_of_always_trembling	average_fitness_of_shame_driven_hiding
20	0	24.868	0
19	1	25.3656578947369	18.0725
18	2	25.6481944444444	20.27125
17	3	26.4957352941176	21.585
16	4	26.60015625	22.964375
15	5	27.1136666666667	24.76
14	6	27.8244642857143	26.2075
13	7	28.2373076923077	27.6939285714286
12	8	28.7270833333333	29.3996875
11	9	28.7840909090909	31.175
10	10	29.64775	32.619
9	11	29.9413888888889	34.3838636363636
8	12	30.48875	35.8872916666667
7	13	30.7517857142857	37.4809615384615
6	14	31.6825	39.22125
5	15	31.908	40.8928333333333
4	16	32.378125	42.6115625
3	17	33.1883333333333	44.3029411764706
2	18	33.045	46.0173611111111
1	19	33.7575	47.7671052631579
0	20	0	49.5
