num_of_always_trembling	num_of_Pavlov	average_fitness_of_always_trembling	average_fitness_of_Pavlov
20	0	24.899125	0
19	1	25.6471052631579	23.315
18	2	26.0113888888889	25.31
17	3	26.3857352941176	26.14
16	4	26.64953125	25.8525
15	5	27.2765	26.8005
14	6	28.0883928571429	27.3333333333333
13	7	28.5028846153846	28.1325
12	8	28.9897916666667	28.4871875
11	9	29.2879545454546	29.1102777777778
10	10	30.2605	29.70825
9	11	30.5055555555556	30.3836363636363
8	12	30.9278125	30.7927083333333
7	13	30.9960714285714	31.2728846153846
6	14	31.7216666666667	31.8871428571429
5	15	31.8595	32.6718333333333
4	16	33.381875	33.41375
3	17	33.6383333333333	34.364705882353
2	18	34.535	35.3070833333333
1	19	33.615	36.6990789473684
0	20	0	39.733625
