num_of_always_cooperate	num_of_Pavlov	average_fitness_of_always_cooperate	average_fitness_of_Pavlov
20	0	50	0
19	1	49.3878947368421	104.045
18	2	48.7527777777778	86.41125
17	3	48.1517647058824	80.925
16	4	47.524375	80.67625
15	5	47.0313333333333	79.343
14	6	46.0835714285714	78.2225
13	7	45.6746153846154	77.4571428571429
12	8	45.1758333333333	75.81
11	9	44.4618181818182	73.4036111111111
10	10	43.387	71.4205
9	11	43.2655555555556	68.4229545454545
8	12	42.32625	66.1485416666667
7	13	41.7285714285714	63.0796153846154
6	14	41.405	60.0392857142857
5	15	40.256	56.8471666666667
4	16	39.9075	53.6075
3	17	38.97	50.3972058823529
2	18	38.375	46.7995833333333
1	19	37.05	43.1727631578947
0	20	0	39.708
