num_of_always_trembling	num_of_tit_for_tat	average_fitness_of_always_trembling	average_fitness_of_tit_for_tat
20	0	24.7585	0
19	1	25.2669736842105	17.85
18	2	26.3343055555556	19.19375
17	3	26.5164705882353	21.29
16	4	26.78328125	23.078125
15	5	27.5061666666667	24.766
14	6	28.0966071428571	26.1783333333333
13	7	28.655	28.0682142857143
12	8	28.6441666666667	29.6853125
11	9	29.6070454545455	31.4422222222222
10	10	30.1365	33.16875
9	11	30.5766666666667	34.7727272727273
8	12	31.0996875	36.5208333333333
7	13	31.7410714285714	38.2475
6	14	32.27875	39.8169642857143
5	15	32.7065	41.5556666666667
4	16	33.1525	43.23046875
3	17	33.5516666666667	44.8779411764706
2	18	33.65	46.5931944444444
1	19	34.79	48.2772368421052
0	20	0	50
