num_of_always_defect	num_of_TFT_with_trembling_hand	average_fitness_of_always_defect	average_fitness_of_TFT_with_trembling_hand
20	0	0	0
19	1	1	-14.25
18	2	2	-11.03
17	3	3	-7.78666666666667
16	4	4	-4.50375
15	5	5	-1.2445
14	6	6	1.84916666666667
13	7	7	5.04571428571428
12	8	8	8.3753125
11	9	9	11.6891666666667
10	10	10	14.8975
9	11	10.9988888888889	18.1184090909091
8	12	11.99625	21.238125
7	13	13	24.4532692307692
6	14	13.9983333333333	27.6605357142857
5	15	15	30.8981666666667
4	16	16	34.216875
3	17	17	37.3822058823529
2	18	18	40.6284722222222
1	19	19	43.7940789473684
0	20	0	47.071125
