num_of_always_cooperate	num_of_always_defect	average_fitness_of_always_cooperate	average_fitness_of_always_defect
20	0	50	0
19	1	39.4105263157895	200
18	2	29.04	189.39
17	3	18.7335294117647	178.696666666667
16	4	7.92875	168.29
15	5	-2.7	158.416
14	6	-13.0728571428571	147.671666666667
13	7	-23.7592307692308	136.785714285714
12	8	-34.6866666666667	126.36875
11	9	-44.9090909090909	116.175555555556
10	10	-55.42	105.039
9	11	-66.21	94.8
8	12	-76.16125	84.135
7	13	-87.0414285714286	73.3430769230769
6	14	-97.2733333333333	63.1378571428572
5	15	-108.236	52.6006666666667
4	16	-118.0575	42.08375
3	17	-128.81	31.5888235294118
2	18	-139.695	21.1711111111111
1	19	-150	10.4668421052632
0	20	0	0
