num_of_always_defect	num_of_Pavlov	average_fitness_of_always_defect	average_fitness_of_Pavlov
20	0	0	0
19	1	5.50947368421052	-75.03
18	2	11.0388888888889	-69.10375
17	3	16.4994117647059	-63.5575
16	4	22.040625	-57.739375
15	5	27.484	-51.62
14	6	33.01	-45.97
13	7	38.6192307692308	-40.3821428571428
12	8	44.15	-34.478125
11	9	49.7	-28.4375
10	10	55.021	-22.46425
9	11	60.6933333333333	-16.9588636363636
8	12	66.3425	-10.8433333333333
7	13	71.6014285714286	-5.20153846153846
6	14	77.0233333333333	0.749107142857143
5	15	82.682	6.75766666666667
4	16	88.19	12.396875
3	17	93.5966666666667	18.6573529411765
2	18	99.21	24.6347222222222
1	19	104.42	30.9740789473684
0	20	0	39.493625
