num_of_always_trembling	num_of_guilt_driven_amending	average_fitness_of_always_trembling	average_fitness_of_guilt_driven_amending
20	0	24.80725	0
19	1	25.8363157894737	18.335
18	2	26.3079166666667	19.89125
17	3	26.4357352941176	21.2775
16	4	26.71328125	22.915
15	5	27.5406666666667	24.3825
14	6	27.7528571428571	26.1958333333333
13	7	28.1342307692308	27.9732142857143
12	8	28.8441666666667	29.5225
11	9	29.2345454545455	31.1575
10	10	29.687	32.7125
9	11	30.3633333333333	34.3770454545455
8	12	30.35125	36.1158333333333
7	13	31.2964285714286	37.6917307692308
6	14	32.1320833333333	39.3803571428571
5	15	32.166	40.8003333333333
4	16	32.45125	42.484375
3	17	32.6908333333333	44.1385294117647
2	18	33.45125	45.83875
1	19	34.0025	47.4142105263158
0	20	0	49.068125
