num_of_guilt_driven_amending	num_of_Pavlov	average_fitness_of_guilt_driven_amending	average_fitness_of_Pavlov
20	0	49.05675	0
19	1	48.8227631578947	38.745
18	2	48.5918055555555	39.13875
17	3	48.2914705882353	39.6125
16	4	48.11609375	38.85375
15	5	47.8626666666667	39.6555
14	6	47.6266071428572	39.4708333333333
13	7	47.4011538461539	39.6417857142857
12	8	47.171875	39.55
11	9	46.8984090909091	40.0955555555555
10	10	46.677	40.0945
9	11	46.3894444444444	40.2963636363636
8	12	46.2928125	40.32875
7	13	46.025	40.3703846153846
6	14	45.7125	40.4844642857143
5	15	45.51	40.0136666666667
4	16	45.291875	40.160625
3	17	45.0466666666667	39.9576470588235
2	18	44.83625	39.9916666666667
1	19	44.7875	39.6748684210527
0	20	0	39.568
