num_of_shame_driven_denying	num_of_Pavlov	average_fitness_of_shame_driven_denying	average_fitness_of_Pavlov
20	0	44.623125	0
19	1	44.9142105263158	34.57
18	2	45.1302777777778	35.36375
17	3	45.5180882352941	35.8016666666667
16	4	45.86875	36.2825
15	5	46.1895	36.271
14	6	46.4676785714286	36.8229166666667
13	7	46.82	37.0875
12	8	47.120625	37.5184375
11	9	47.4111363636364	37.47
10	10	47.6295	37.91125
9	11	47.8980555555556	38.2643181818182
8	12	48.3971875	38.8302083333333
7	13	48.6425	38.9538461538462
6	14	48.6533333333333	39.0403571428572
5	15	49.146	38.9201666666667
4	16	49.3375	39.0940625
3	17	49.9333333333333	38.9227941176471
2	18	50.05625	39.2033333333333
1	19	50.495	39.4407894736842
0	20	0	39.766875
