num_of_shame_driven_denying	num_of_guilt_driven_amending	average_fitness_of_shame_driven_denying	average_fitness_of_guilt_driven_amending
20	0	44.602125	0
19	1	44.8307894736842	45.235
18	2	45.0044444444445	45.5225
17	3	45.1988235294118	45.5
16	4	45.36640625	45.868125
15	5	45.5993333333333	46.0545
14	6	45.8192857142857	46.28
13	7	45.9434615384615	46.4560714285714
12	8	46.2095833333333	46.6565625
11	9	46.4090909090909	46.8291666666667
10	10	46.419	47.051
9	11	46.8227777777778	47.2895454545454
8	12	47.0475	47.478125
7	13	47.1521428571428	47.6407692307692
6	14	47.22375	47.8114285714286
5	15	47.5765	48.0703333333333
4	16	47.71125	48.25484375
3	17	47.9191666666667	48.4633823529412
2	18	48.13875	48.6348611111111
1	19	48.235	48.8557894736842
0	20	0	49.0565
