num_of_shame_driven_hiding	num_of_Pavlov	average_fitness_of_shame_driven_hiding	average_fitness_of_Pavlov
20	0	49.5	0
19	1	49.4196052631579	37.31
18	2	49.3708333333333	38.35
17	3	49.2863235294118	38.8166666666667
16	4	49.17859375	39.27
15	5	49.1471666666667	39.382
14	6	49.0692857142857	39.03125
13	7	48.9715384615385	39.1871428571429
12	8	48.9097916666667	39.40125
11	9	48.8461363636364	39.5611111111111
10	10	48.79775	39.8185
9	11	48.6941666666667	39.9963636363636
8	12	48.62375	39.70625
7	13	48.5907142857143	39.7482692307692
6	14	48.49875	39.6628571428571
5	15	48.369	40.0526666666667
4	16	48.345625	39.844375
3	17	48.3233333333334	40.0214705882353
2	18	48.31375	40.0273611111111
1	19	48.23	39.4857894736842
0	20	0	39.61425
