num_of_shame_driven_hiding	num_of_guilt_driven_amending	average_fitness_of_shame_driven_hiding	average_fitness_of_guilt_driven_amending
20	0	49.5	0
19	1	49.5678947368421	47.64
18	2	49.6636111111111	47.8
17	3	49.7032352941176	47.8291666666667
16	4	49.7878125	47.940625
15	5	49.8811666666667	48.0075
14	6	49.9119642857143	48.0833333333333
13	7	50.0032692307692	48.1582142857143
12	8	50.0720833333333	48.18375
11	9	50.1602272727273	48.275
10	10	50.20225	48.365
9	11	50.2941666666667	48.4404545454545
8	12	50.326875	48.4804166666666
7	13	50.4432142857143	48.5705769230769
6	14	50.5304166666667	48.6458928571428
5	15	50.548	48.7041666666667
4	16	50.670625	48.78359375
3	17	50.7125	48.8510294117647
2	18	50.79875	48.92625
1	19	50.8575	48.9905263157895
0	20	0	49.05475
