num_of_shame_driven_hiding	num_of_shame_driven_denying	average_fitness_of_shame_driven_hiding	average_fitness_of_shame_driven_denying
20	0	49.5	0
19	1	49.3857894736842	46.6575
18	2	49.2383333333334	46.6575
17	3	49.0691176470588	46.6741666666666
16	4	48.90171875	46.52625
15	5	48.7818333333334	46.367
14	6	48.5948214285714	46.2633333333333
13	7	48.4523076923077	46.0889285714286
12	8	48.320625	45.936875
11	9	48.0961363636364	45.9119444444444
10	10	48.077	45.75675
9	11	47.8986111111111	45.6590909090909
8	12	47.7471875	45.6389583333333
7	13	47.6778571428571	45.4159615384615
6	14	47.48375	45.2842857142857
5	15	47.317	45.1061666666667
4	16	47.169375	45.04515625
3	17	47.0866666666667	44.9320588235294
2	18	46.9725	44.8047222222222
1	19	46.8	44.7392105263158
0	20	0	44.588125
