num_of_TFT_with_trembling_hand	num_of_shame_driven_hiding	average_fitness_of_TFT_with_trembling_hand	average_fitness_of_shame_driven_hiding
20	0	47.086125	0
19	1	47.0551315789474	48.925
18	2	47.0897222222222	48.94375
17	3	47.0938235294118	48.9575
16	4	47.13078125	48.943125
15	5	47.1215	48.9885
14	6	47.0958928571428	49.0520833333333
13	7	47.1434615384615	49.1057142857143
12	8	47.1770833333333	49.1275
11	9	47.2077272727273	49.1622222222222
10	10	47.2375	49.163
9	11	47.1536111111111	49.2181818181818
8	12	47.274375	49.2222916666667
7	13	47.3171428571429	49.2930769230769
6	14	47.2291666666667	49.3010714285714
5	15	47.3305	49.3048333333333
4	16	47.21875	49.3571875
3	17	47.2708333333333	49.4186764705882
2	18	47.30625	49.4275
1	19	47.43	49.4725
0	20	0	49.5
