num_of_tit_for_tat	num_of_shame_driven_hiding	average_fitness_of_tit_for_tat	average_fitness_of_shame_driven_hiding
20	0	50	0
19	1	49.9026315789474	51.5
18	2	49.8161111111111	51.425
17	3	49.6864705882353	51.3066666666667
16	4	49.575625	51.165
15	5	49.494	51.074
14	6	49.3664285714286	51.005
13	7	49.2607692307692	50.8771428571429
12	8	49.2225	50.8025
11	9	49.0445454545455	50.6888888888889
10	10	48.924	50.583
9	11	48.88	50.4636363636364
8	12	48.77	50.3758333333333
7	13	48.6371428571428	50.2569230769231
6	14	48.5133333333333	50.1878571428571
5	15	48.416	50.0293333333333
4	16	48.31	49.929375
3	17	48.2	49.8129411764706
2	18	48.055	49.7122222222222
1	19	48	49.5984210526316
0	20	0	49.5
