num_of_tit_for_tat	num_of_guilt_driven_amending	average_fitness_of_tit_for_tat	average_fitness_of_guilt_driven_amending
20	0	50	0
19	1	49.9646052631579	49.71
18	2	49.9272222222222	49.73
17	3	49.9076470588235	49.6225
16	4	49.86875	49.62125
15	5	49.8243333333333	49.551
14	6	49.7841071428572	49.5645833333333
13	7	49.7701923076923	49.4860714285714
12	8	49.71625	49.475625
11	9	49.7011363636364	49.4205555555555
10	10	49.666	49.40325
9	11	49.6241666666667	49.34
8	12	49.5984375	49.3347916666667
7	13	49.5803571428571	49.3248076923077
6	14	49.5504166666667	49.2478571428571
5	15	49.5025	49.2375
4	16	49.473125	49.19109375
3	17	49.395	49.1516176470588
2	18	49.38125	49.1330555555556
1	19	49.35	49.103552631579
0	20	0	49.05575
