num_of_tit_for_tat	num_of_Pavlov	average_fitness_of_tit_for_tat	average_fitness_of_Pavlov
20	0	50	0
19	1	49.8388157894737	42.0225
18	2	49.6566666666667	43.0075
17	3	49.5329411764706	42.1258333333333
16	4	49.294375	42.038125
15	5	49.1838333333333	41.971
14	6	48.9876785714286	42.2958333333333
13	7	48.8732692307692	42.3203571428572
12	8	48.5808333333333	41.8840625
11	9	48.4129545454545	41.6344444444444
10	10	48.3175	41.4075
9	11	48.2372222222222	41.7452272727273
8	12	47.888125	41.4970833333334
7	13	47.8675	41.3303846153846
6	14	47.6745833333333	41.0375
5	15	47.4015	41.0856666666667
4	16	47.348125	40.6521875
3	17	47.0958333333333	40.2688235294118
2	18	46.9025	40.1865277777778
1	19	46.75	39.7943421052631
0	20	0	39.469875
