num_of_generous_TFT	num_of_Pavlov	average_fitness_of_generous_TFT	average_fitness_of_Pavlov
20	0	150	0
19	1	149.588684210526	155.3475
18	2	149.168888888889	153.1575
17	3	148.814558823529	151.723333333333
16	4	148.391875	149.276875
15	5	148.097666666667	147.4265
14	6	147.670357142857	144.93
13	7	147.3225	142.98
12	8	146.976458333333	140.5290625
11	9	146.401590909091	137.285277777778
10	10	146.27	134.48275
9	11	145.737777777778	131.610227272727
8	12	145.2978125	129.211458333333
7	13	144.977857142857	125.769230769231
6	14	144.575	122.548035714286
5	15	144.07	119.431666666667
4	16	143.761875	116.2365625
3	17	143.5875	112.957352941177
2	18	142.8825	109.469166666667
1	19	142.955	105.824342105263
0	20	0	102.392125
