num_of_generous_TFT	num_of_always_trembling	average_fitness_of_generous_TFT	average_fitness_of_always_trembling
20	0	150	0
19	1	144.961842105263	163.955
18	2	139.741527777778	158.87375
17	3	134.624558823529	154.184166666667
16	4	129.64453125	149.635625
15	5	124.382833333333	144.5805
14	6	119.384285714286	139.880416666667
13	7	114.414615384615	135.596428571429
12	8	109.115416666667	130.9753125
11	9	104.2075	126.095555555556
10	10	99.1275000000001	121.67825
9	11	93.4541666666667	117.048863636364
8	12	88.635625	112.610625
7	13	83.3257142857143	107.550192307692
6	14	78.0875	103.266071428571
5	15	73.413	98.3146666666667
4	16	67.743125	94.00203125
3	17	62.1408333333333	89.3320588235294
2	18	58.4225	84.335
1	19	54.6075	79.5117105263158
0	20	0	74.9665
