num_of_generous_TFT	num_of_shame_driven_hiding	average_fitness_of_generous_TFT	average_fitness_of_shame_driven_hiding
20	0	150	0
19	1	149.899473684211	150.5
18	2	149.785	150.405
17	3	149.680588235294	150.3
16	4	149.6175	150.12
15	5	149.476	150.044
14	6	149.373571428571	149.945
13	7	149.300769230769	149.915714285714
12	8	149.140833333333	149.73375
11	9	149.055454545455	149.635555555556
10	10	148.948	149.558
9	11	148.836666666667	149.477272727273
8	12	148.8	149.3225
7	13	148.665714285714	149.265384615385
6	14	148.533333333333	149.147857142857
5	15	148.498	149.035333333333
4	16	148.33	148.928125
3	17	148.236666666667	148.788823529412
2	18	148.135	148.717222222222
1	19	148	148.607894736842
0	20	0	148.5
