num_of_generous_TFT	num_of_shame_driven_denying	average_fitness_of_generous_TFT	average_fitness_of_shame_driven_denying
20	0	150	0
19	1	149.346184210526	150.525
18	2	148.87	149.4575
17	3	148.310294117647	149.049166666667
16	4	147.6975	148.160625
15	5	147.017833333333	146.9815
14	6	146.343571428571	145.955416666667
13	7	145.669615384615	145.14
12	8	145.088958333333	144.4496875
11	9	144.754545454545	143.658333333333
10	10	143.80775	142.743
9	11	143.455277777778	141.735454545455
8	12	142.7446875	140.996458333333
7	13	142.186428571429	140.104230769231
6	14	141.813333333333	138.855
5	15	140.518	138.2615
4	16	140.2975	137.133125
3	17	139.711666666667	136.607352941177
2	18	139.97	135.488333333333
1	19	139.0525	134.897763157895
0	20	0	133.834125
