num_of_always_trembling	num_of_guilt_driven_amending	average_fitness_of_always_trembling	average_fitness_of_guilt_driven_amending
100	0	75.1126	0
99	1	75.5137878787879	64.055
98	2	75.8573724489796	64.92375
97	3	76.2619845360824	66.4716666666666
96	4	76.6418489583333	67.04375
95	5	77.0218157894737	67.653
94	6	77.516329787234	68.3145833333333
93	7	77.9850537634409	69.5317857142857
92	8	78.5363315217391	70.070625
91	9	78.7877747252747	71.1052777777778
90	10	79.3500555555555	72.03875
89	11	79.6598033707865	72.7722727272727
88	12	80.1096306818182	73.6441666666666
87	13	80.483591954023	74.9373076923077
86	14	80.8997965116279	75.1332142857143
85	15	81.3341764705882	76.2345
84	16	81.8380952380953	77.1340625
83	17	82.3515361445783	77.9497058823529
82	18	82.7282012195122	78.8754166666667
81	19	83.0862654320988	79.73
80	20	83.59496875	80.484375
79	21	83.9764873417721	81.1982142857143
78	22	84.3008012820513	82.0201136363637
77	23	84.8124675324675	82.9118478260869
76	24	85.1837171052632	83.8278125
75	25	85.6024666666667	84.5034
74	26	85.9649999999999	85.6775
73	27	86.5821232876713	86.3106481481482
72	28	86.9198958333333	87.0880357142857
71	29	87.4556690140845	87.8143965517242
70	30	87.7720357142857	88.8249166666667
69	31	88.1734420289855	89.7025
68	32	88.6149632352941	90.63546875
67	33	89.0445149253731	91.3777272727273
66	34	89.3769696969697	92.2496323529412
65	35	89.8249230769231	93.3142857142857
64	36	90.3072265625	93.8090277777778
63	37	90.7320238095239	94.8375675675676
62	38	91.2753225806452	95.541447368421
61	39	91.7516803278689	96.4798076923077
60	40	91.9614166666667	97.3109375
59	41	92.4239406779661	98.0760365853659
58	42	92.8944827586207	99.0013095238095
57	43	93.4025	99.7675
56	44	93.7448214285714	100.565852272727
55	45	94.11	101.482444444444
54	46	94.7277314814815	102.334619565217
53	47	94.9974056603774	103.018138297872
52	48	95.3259134615385	104.067135416667
51	49	95.6724019607843	104.852346938775
50	50	96.1982	105.68855
49	51	96.6812244897959	106.403823529412
48	52	97.0586979166667	107.378798076923
47	53	97.5144680851064	108.092594339623
46	54	97.9727717391304	108.978657407407
45	55	98.5168333333333	109.884090909091
44	56	98.9058522727273	110.689464285714
43	57	99.1688372093024	111.425438596491
42	58	99.5967261904762	112.364310344828
41	59	100.249390243902	113.255974576271
40	60	100.5743125	114.028083333333
39	61	100.951153846154	114.938032786885
38	62	101.420460526316	115.67185483871
37	63	101.743243243243	116.58873015873
36	64	102.234097222222	117.3941796875
35	65	102.610642857143	118.263807692308
34	66	103.093529411765	119.103901515152
33	67	103.385303030303	119.884514925373
32	68	103.728125	120.680955882353
31	69	104.441290322581	121.683188405797
30	70	104.806916666667	122.449428571429
29	71	105.33525862069	123.220246478873
28	72	105.538125	124.139618055556
27	73	105.883518518518	124.974794520548
26	74	106.572115384615	125.721418918919
25	75	107.1242	126.657066666667
24	76	107.3859375	127.425460526316
23	77	107.916086956522	128.270616883117
22	78	108.16	129.264615384615
21	79	108.671904761905	129.996962025317
20	80	109.050625	130.94375
19	81	109.455657894737	131.701512345679
18	82	109.967638888889	132.562774390244
17	83	110.317058823529	133.338313253012
16	84	110.86234375	134.256101190476
15	85	111.182	135.032735294118
14	86	111.70625	135.913604651163
13	87	111.996153846154	136.761379310345
12	88	112.344791666667	137.588238636364
11	89	112.845454545455	138.437134831461
10	90	113.24925	139.245638888889
9	91	113.715277777778	140.070631868132
8	92	113.888125	140.971114130435
7	93	114.728928571429	141.767983870968
6	94	114.919166666667	142.609867021277
5	95	115.175	143.458552631579
4	96	115.751875	144.313984375
3	97	115.973333333333	145.147474226804
2	98	116.72375	145.98987244898
1	99	117.045	146.815227272727
0	100	0	147.669025
