num_of_always_trembling	num_of_Pavlov	average_fitness_of_always_trembling	average_fitness_of_Pavlov
100	0	75.054875	0
99	1	75.5376515151516	74.1475
98	2	75.9318112244898	75.4275
97	3	76.2200773195876	76.2875
96	4	76.7601302083334	75.765625
95	5	77.1827631578948	76.7085
94	6	77.5417287234042	77.04375
93	7	77.9801344086021	77.2964285714286
92	8	78.4553532608696	77.6065625
91	9	78.8375274725275	78.4452777777778
90	10	79.3840833333333	78.8835
89	11	79.7379494382023	79.065
88	12	80.0502840909091	79.7077083333334
87	13	80.5826724137931	80.5040384615384
86	14	81.036511627907	80.7971428571429
85	15	81.4589705882353	80.7788333333333
84	16	81.8108333333333	81.25671875
83	17	82.2148795180723	81.9144117647059
82	18	82.6942073170732	82.28
81	19	83.0645987654322	82.683947368421
80	20	83.46615625	83.21175
79	21	83.9141772151899	83.489880952381
78	22	84.3102884615384	84.0955681818182
77	23	84.7983116883117	84.3593478260869
76	24	85.2448355263158	84.9579166666667
75	25	85.763	85.5473
74	26	86.0755405405405	85.7961538461539
73	27	86.5238698630137	86.1062037037037
72	28	86.8808333333333	86.8116071428571
71	29	87.2554929577465	87.0580172413793
70	30	87.7135	87.2676666666667
69	31	88.208152173913	87.8362096774194
68	32	88.6184191176471	88.21265625
67	33	88.877276119403	88.8277272727273
66	34	89.5247348484848	89.2018382352941
65	35	89.9488461538462	89.6433571428572
64	36	90.1432421875	89.8586805555556
63	37	90.7708333333333	90.4869594594595
62	38	91.1871370967742	90.9896052631579
61	39	91.5530737704918	91.4298717948718
60	40	92.021625	91.791125
59	41	92.5593220338983	92.2470731707316
58	42	92.94625	92.7329761904762
57	43	93.276798245614	93.3568023255814
56	44	93.7781250000001	93.6868749999999
55	45	94.2758636363637	94.0120555555555
54	46	94.5297222222222	94.4827173913044
53	47	94.9516981132075	95.0503191489361
52	48	95.4152403846154	95.3978125
51	49	95.8598529411765	95.7431632653062
50	50	96.2068	96.3427499999999
49	51	96.7994897959184	96.6321078431372
48	52	97.0794270833333	97.0384134615385
47	53	97.3943617021276	97.7394339622642
46	54	97.9760326086956	98.0125925925926
45	55	98.4262222222222	98.563
44	56	98.754375	98.9421875
43	57	99.2486627906977	99.4233333333333
42	58	99.6625595238095	99.9842241379311
41	59	100.086890243902	100.360127118644
40	60	100.4825625	100.765958333333
39	61	101.023269230769	101.219221311475
38	62	101.432631578947	101.802701612903
37	63	101.865	102.320238095238
36	64	102.341597222222	102.653671875
35	65	102.633357142857	103.120153846154
34	66	103.023161764706	103.561287878788
33	67	103.608409090909	104.095111940299
32	68	103.879609375	104.552205882353
31	69	104.212016129032	105.032862318841
30	70	104.71675	105.439357142857
29	71	105.289396551724	105.997570422535
28	72	105.505357142857	106.554236111111
27	73	106.009351851852	107.093698630137
26	74	106.4525	107.414425675676
25	75	106.9934	108.128733333333
24	76	107.22	108.435
23	77	107.64402173913	108.991461038961
22	78	108.092045454545	109.568878205128
21	79	108.8425	110.018987341772
20	80	108.86775	110.59934375
19	81	109.620789473684	111.092530864198
18	82	110.015833333333	111.546158536585
17	83	110.309558823529	112.225843373494
16	84	110.89796875	112.678452380952
15	85	111.317666666667	113.415235294118
14	86	111.488035714286	113.818081395349
13	87	112.098461538461	114.571149425287
12	88	112.33875	115.337386363636
11	89	113.008181818182	115.705898876404
10	90	113.24225	116.568361111111
9	91	113.920833333333	117.215824175824
8	92	114.0240625	117.94152173913
7	93	114.132857142857	118.823924731183
6	94	114.580833333333	119.581276595745
5	95	115.0695	120.668078947368
4	96	115.936875	121.755364583333
3	97	116.46	122.878762886598
2	98	116.17375	124.168801020408
1	99	117.3525	125.629621212121
0	100	0	127.607525
