num_of_always_cooperate	num_of_shame_driven_hiding	average_fitness_of_always_cooperate	average_fitness_of_shame_driven_hiding
100	0	150	0
99	1	149.978282828283	150.5
98	2	149.961632653061	150.475
97	3	149.940206185567	150.483333333333
96	4	149.918645833333	150.435
95	5	149.899578947368	150.43
94	6	149.881276595745	150.398333333333
93	7	149.857096774193	150.377142857143
92	8	149.835869565217	150.34125
91	9	149.812417582418	150.352222222222
90	10	149.805666666667	150.302
89	11	149.775842696629	150.303636363636
88	12	149.756022727273	150.275
87	13	149.744482758621	150.262307692308
86	14	149.716627906977	150.249285714286
85	15	149.703882352941	150.204
84	16	149.680238095238	150.210625
83	17	149.650843373494	150.159411764706
82	18	149.636951219512	150.16
81	19	149.616172839506	150.128947368421
80	20	149.593625	150.1165
79	21	149.564556962026	150.09
78	22	149.554358974359	150.060454545454
77	23	149.538051948052	150.062173913043
76	24	149.527894736842	150.06125
75	25	149.495066666667	150.018
74	26	149.478918918919	149.983846153846
73	27	149.469178082192	149.954074074074
72	28	149.433611111111	149.955714285714
71	29	149.422112676056	149.941724137931
70	30	149.400857142857	149.903
69	31	149.377246376812	149.897741935484
68	32	149.354852941177	149.8746875
67	33	149.33	149.848787878788
66	34	149.319393939394	149.835294117647
65	35	149.300461538461	149.829714285714
64	36	149.28234375	149.809722222222
63	37	149.27746031746	149.770810810811
62	38	149.235322580645	149.752368421053
61	39	149.212295081967	149.724871794872
60	40	149.2005	149.73425
59	41	149.190677966102	149.704146341463
58	42	149.151896551724	149.662142857143
57	43	149.139122807018	149.654418604651
56	44	149.112678571429	149.637727272727
55	45	149.094545454546	149.600666666667
54	46	149.068518518518	149.591739130435
53	47	149.060377358491	149.573829787234
52	48	149.038653846154	149.561041666667
51	49	149.008823529412	149.531428571429
50	50	148.9998	149.5194
49	51	148.972040816327	149.481568627451
48	52	148.9525	149.461730769231
47	53	148.945744680851	149.447169811321
46	54	148.907391304348	149.433703703704
45	55	148.896	149.413272727273
44	56	148.860227272727	149.403035714286
43	57	148.856279069767	149.365087719298
42	58	148.829047619048	149.333620689655
41	59	148.814390243902	149.321186440678
40	60	148.777	149.296666666667
39	61	148.784102564103	149.290163934426
38	62	148.770263157895	149.264032258065
37	63	148.722702702703	149.259523809524
36	64	148.717777777778	149.22828125
35	65	148.689714285714	149.212
34	66	148.662058823529	149.193636363636
33	67	148.665454545455	149.162686567164
32	68	148.6340625	149.1475
31	69	148.61935483871	149.147391304348
30	70	148.574333333333	149.109428571429
29	71	148.561379310345	149.080985915493
28	72	148.535714285714	149.062916666667
27	73	148.543703703704	149.035068493151
26	74	148.477692307692	149.020945945946
25	75	148.4996	149.0128
24	76	148.474583333333	148.976447368421
23	77	148.450434782609	148.96987012987
22	78	148.427272727273	148.937051282051
21	79	148.424761904762	148.913417721519
20	80	148.398	148.904125
19	81	148.35052631579	148.880987654321
18	82	148.343888888889	148.856707317073
17	83	148.310588235294	148.835060240964
16	84	148.308125	148.827619047619
15	85	148.300666666667	148.805294117647
14	86	148.282857142857	148.792325581395
13	87	148.274615384615	148.76091954023
12	88	148.205	148.744318181818
11	89	148.231818181818	148.719887640449
10	90	148.169	148.695555555556
9	91	148.167777777778	148.683516483517
8	92	148.1625	148.657608695652
7	93	148.132857142857	148.638602150538
6	94	148.113333333333	148.62414893617
5	95	148.084	148.600210526316
4	96	148.0275	148.585625
3	97	148.046666666667	148.558556701031
2	98	148.025	148.54
1	99	148	148.519292929293
0	100	0	148.5
