num_of_always_defect	num_of_always_trembling	average_fitness_of_always_defect	average_fitness_of_always_trembling
100	0	0	0
99	1	0.99020202020202	-25.09
98	2	2.02642857142857	-23.875
97	3	3.0201030927835	-23.01
96	4	4.0321875	-21.856875
95	5	5.04663157894737	-21.043
94	6	6.02936170212766	-19.8691666666667
93	7	7.13741935483871	-19.0528571428571
92	8	8.07489130434783	-18.12625
91	9	9.1	-16.9269444444444
90	10	10.1284444444444	-15.89725
89	11	11.0889887640449	-14.8109090909091
88	12	12.1176136363636	-13.9283333333333
87	13	13.1527586206897	-12.9311538461538
86	14	14.0912790697674	-11.7208928571429
85	15	15.1176470588235	-10.9438333333333
84	16	16.2046428571429	-9.83015625
83	17	17.2315662650602	-8.81029411764706
82	18	18.2168292682927	-7.79861111111111
81	19	19.2592592592593	-6.90381578947368
80	20	20.22875	-5.785375
79	21	21.2174683544304	-4.76214285714286
78	22	22.2182051282051	-3.85670454545454
77	23	23.2145454545455	-2.6354347826087
76	24	24.2801315789474	-1.8346875
75	25	25.2569333333333	-0.6154
74	26	26.1537837837838	0.198269230769231
73	27	27.2471232876712	1.1837962962963
72	28	28.2898611111111	2.20607142857143
71	29	29.3098591549296	3.42224137931035
70	30	30.2854285714286	4.22641666666667
69	31	31.4436231884058	5.40701612903226
68	32	32.3797058823529	6.3884375
67	33	33.3731343283582	7.24628787878788
66	34	34.394696969697	8.36051470588236
65	35	35.3324615384615	9.29642857142857
64	36	36.37078125	10.2426388888889
63	37	37.4192063492063	11.3877702702703
62	38	38.3264516129032	12.3926973684211
61	39	39.3434426229508	13.4999358974359
60	40	40.3083333333334	14.473125
59	41	41.4033898305085	15.3776829268293
58	42	42.4789655172414	16.4493452380952
57	43	43.3842105263158	17.5502906976744
56	44	44.38625	18.3760227272727
55	45	45.4325454545455	19.3857222222222
54	46	46.457037037037	20.6028804347826
53	47	47.4937735849057	21.6234574468085
52	48	48.3876923076923	22.6713020833333
51	49	49.5925490196079	23.3237755102041
50	50	50.4844	24.45375
49	51	51.3289795918367	25.3292647058824
48	52	52.5291666666667	26.6026923076923
47	53	53.4704255319149	27.5102358490566
46	54	54.589347826087	28.4168981481482
45	55	55.5608888888888	29.6541818181818
44	56	56.5395454545455	30.2732589285714
43	57	57.6955813953488	31.4807894736842
42	58	58.6683333333334	32.5469396551724
41	59	59.6187804878049	33.5778813559322
40	60	60.63975	34.5709583333333
39	61	61.8028205128205	35.6731967213115
38	62	62.486052631579	36.5172580645161
37	63	63.6464864864865	37.7629761904762
36	64	64.4602777777778	38.5930078125
35	65	65.69	39.4613846153846
34	66	66.5588235294118	40.6201893939394
33	67	67.5360606060606	41.6450373134328
32	68	68.7065625	42.780625
31	69	69.7441935483871	43.7581521739131
30	70	70.702	44.7667142857143
29	71	71.4889655172414	45.5777816901408
28	72	73.0375	46.7272222222222
27	73	73.6511111111111	47.7816438356164
26	74	74.8830769230769	48.6376689189189
25	75	75.518	49.7855
24	76	76.6795833333333	50.8274013157895
23	77	77.7591304347826	51.732012987013
22	78	79.0381818181818	52.6735576923077
21	79	79.6433333333333	53.7244936708861
20	80	80.6695	54.732625
19	81	81.6347368421053	55.9105864197531
18	82	82.6927777777777	56.9774390243903
17	83	83.9782352941176	57.8809939759036
16	84	84.921875	58.8075595238095
15	85	85.8733333333333	59.8325882352941
14	86	86.79	60.8100290697675
13	87	87.956923076923	61.8055747126437
12	88	88.9616666666667	62.8889204545455
11	89	89.8836363636364	63.873595505618
10	90	91.217	65.0825833333333
9	91	91.8788888888889	66.0036813186813
8	92	93.235	66.9361141304348
7	93	93.8185714285714	67.9556989247312
6	94	94.515	68.7589893617021
5	95	95.952	69.9734210526316
4	96	96.89	70.9354947916667
3	97	98.2233333333334	71.9652835051546
2	98	98.56	73.1246173469388
1	99	100.18	73.9391666666667
0	100	0	75.01345
