num_of_always_cooperate	num_of_guilt_driven_amending	average_fitness_of_always_cooperate	average_fitness_of_guilt_driven_amending
100	0	150	0
99	1	149.97898989899	150.5
98	2	149.957959183673	150.4625
97	3	149.938762886598	150.449166666667
96	4	149.918958333333	150.4075
95	5	149.899894736842	150.4235
94	6	149.877872340426	150.364583333333
93	7	149.858387096774	150.2925
92	8	149.844782608696	150.3103125
91	9	149.816263736264	150.297222222222
90	10	149.804	150.26125
89	11	149.780224719101	150.2275
88	12	149.753863636364	150.155833333333
87	13	149.739425287356	150.160769230769
86	14	149.717674418605	150.129642857143
85	15	149.702588235294	150.086166666667
84	16	149.677142857143	150.065
83	17	149.656626506024	150.037205882353
82	18	149.639756097561	150.00125
81	19	149.616790123457	149.988157894737
80	20	149.595125	149.96425
79	21	149.590759493671	149.922380952381
78	22	149.547179487179	149.892727272727
77	23	149.542597402597	149.859565217391
76	24	149.519473684211	149.828333333333
75	25	149.490933333333	149.8075
74	26	149.474054054054	149.775576923077
73	27	149.463698630137	149.7575
72	28	149.429861111111	149.717767857143
71	29	149.418591549296	149.708275862069
70	30	149.398	149.65575
69	31	149.372173913043	149.636693548387
68	32	149.355294117647	149.619375
67	33	149.327462686567	149.560227272727
66	34	149.313333333333	149.536617647059
65	35	149.308615384615	149.557571428571
64	36	149.2825	149.511736111111
63	37	149.266666666667	149.461081081081
62	38	149.242419354839	149.465921052632
61	39	149.224262295082	149.414743589744
60	40	149.183333333333	149.375875
59	41	149.177288135593	149.358353658537
58	42	149.174310344828	149.327261904762
57	43	149.142456140351	149.281802325581
56	44	149.126607142857	149.255909090909
55	45	149.091272727273	149.216222222222
54	46	149.083518518518	149.234673913043
53	47	149.047924528302	149.182074468085
52	48	149.035384615385	149.155833333333
51	49	149.009607843137	149.159030612245
50	50	148.9994	149.1097
49	51	148.971632653061	149.095343137255
48	52	148.957708333333	149.032884615385
47	53	148.947446808511	149.032830188679
46	54	148.920652173913	148.988518518519
45	55	148.883777777778	148.945
44	56	148.856590909091	148.912410714286
43	57	148.86511627907	148.911535087719
42	58	148.840714285714	148.849094827586
41	59	148.81487804878	148.840847457627
40	60	148.777	148.8135
39	61	148.777948717949	148.76762295082
38	62	148.751315789474	148.753548387097
37	63	148.731351351351	148.72119047619
36	64	148.716666666667	148.6990625
35	65	148.694285714286	148.674461538462
34	66	148.674411764706	148.637689393939
33	67	148.648484848485	148.617611940299
32	68	148.6196875	148.582794117647
31	69	148.608387096774	148.563514492754
30	70	148.582666666667	148.52525
29	71	148.541724137931	148.480669014085
28	72	148.526428571429	148.483263888889
27	73	148.555555555555	148.440479452055
26	74	148.509615384615	148.419628378378
25	75	148.4772	148.3881
24	76	148.460833333333	148.3675
23	77	148.451304347826	148.326071428571
22	78	148.416363636364	148.305480769231
21	79	148.411428571429	148.278417721519
20	80	148.377	148.24640625
19	81	148.364210526316	148.210895061728
18	82	148.345555555556	148.180304878049
17	83	148.336470588235	148.145451807229
16	84	148.306875	148.129523809524
15	85	148.289333333333	148.104970588235
14	86	148.272857142857	148.076453488372
13	87	148.252307692308	148.035028735632
12	88	148.216666666667	148.015625
11	89	148.188181818182	147.991966292135
10	90	148.186	147.968527777778
9	91	148.158888888889	147.94206043956
8	92	148.1475	147.905190217391
7	93	148.098571428571	147.861666666667
6	94	148.095	147.831941489362
5	95	148.082	147.817131578947
4	96	148.0625	147.783385416667
3	97	148.03	147.765206185567
2	98	148.02	147.725433673469
1	99	148.02	147.692424242424
0	100	0	147.6724
