num_of_always_trembling	num_of_shame_driven_denying	average_fitness_of_always_trembling	average_fitness_of_shame_driven_denying
100	0	75.06615	0
99	1	75.4997222222222	65.3625
98	2	75.8535459183673	64.76375
97	3	76.2282731958763	66.4108333333333
96	4	76.8072135416667	67.111875
95	5	77.1163684210526	68.1345
94	6	77.4773936170213	68.19
93	7	77.9970967741935	69.6614285714285
92	8	78.3338858695652	70.485625
91	9	78.8142582417582	71.0111111111111
90	10	79.1408055555556	72.06325
89	11	79.6242415730337	73.0536363636363
88	12	79.9588352272727	73.3947916666667
87	13	80.3933045977011	74.4515384615384
86	14	80.8487790697674	75.1614285714286
85	15	81.358205882353	76.0531666666667
84	16	81.7333928571429	76.8890625
83	17	82.3644277108434	77.5651470588235
82	18	82.5772865853659	78.7391666666667
81	19	82.935524691358	79.5375
80	20	83.230125	80.27525
79	21	83.825253164557	81.1689285714286
78	22	84.3532051282051	81.8109090909091
77	23	84.6322402597403	82.6845652173913
76	24	84.9382565789473	83.3383333333333
75	25	85.518	84.2803
74	26	85.8414189189189	85.0304807692308
73	27	86.3188698630137	85.9561111111111
72	28	86.6389236111111	86.6740178571429
71	29	87.1170070422535	87.6787931034483
70	30	87.5934285714286	88.3375833333333
69	31	87.8047463768116	89.0691129032258
68	32	88.3346323529412	90.01109375
67	33	88.8069776119403	90.8292424242424
66	34	89.3397348484849	91.64125
65	35	89.4980384615385	92.5342857142857
64	36	89.9712109375	93.2655555555556
63	37	90.5688888888888	94.0593243243243
62	38	90.9456451612904	94.9994078947368
61	39	91.3183196721311	95.7032051282052
60	40	91.554125	96.4760625
59	41	92.206906779661	97.487743902439
58	42	92.5714655172413	98.3084523809524
57	43	92.7911842105263	98.8352325581396
56	44	93.3590178571428	99.847159090909
55	45	93.9086818181818	100.719611111111
54	46	94.2760185185185	101.486739130435
53	47	94.6705188679245	102.21829787234
52	48	95.093125	103.026354166667
51	49	95.4658333333334	103.969387755102
50	50	95.97295	104.5591
49	51	96.2826530612245	105.510735294118
48	52	96.7984375	106.192932692308
47	53	97.1598936170213	107.14179245283
46	54	97.5973913043478	107.987453703704
45	55	97.8928888888889	108.723090909091
44	56	98.4672727272727	109.5753125
43	57	99.0123837209302	110.396228070175
42	58	99.3049404761905	111.228706896552
41	59	99.8540853658537	112.120211864407
40	60	100.0383125	112.915625
39	61	100.438525641026	113.768975409836
38	62	100.98822368421	114.50125
37	63	101.49972972973	115.338492063492
36	64	101.798819444444	116.13828125
35	65	102.285928571429	116.999038461538
34	66	102.660220588235	117.804090909091
33	67	103.048560606061	118.552537313433
32	68	103.499296875	119.474522058824
31	69	103.799435483871	120.210217391304
30	70	104.257166666667	121.03175
29	71	104.632931034483	121.949330985915
28	72	105.091428571429	122.556909722222
27	73	105.516574074074	123.47845890411
26	74	105.927307692308	124.342094594595
25	75	106.1507	125.1931
24	76	107.0234375	125.928815789474
23	77	107.475108695652	126.778474025974
22	78	107.838295454546	127.597596153846
21	79	107.83	128.481107594937
20	80	108.354125	129.222125
19	81	108.806052631579	130.093796296296
18	82	109.437916666667	130.875396341463
17	83	109.857647058824	131.718765060241
16	84	110.17125	132.538214285714
15	85	110.377666666667	133.307823529412
14	86	110.932321428571	134.191540697674
13	87	111.220192307692	134.992356321839
12	88	111.974583333333	135.782159090909
11	89	112.275909090909	136.645280898876
10	90	112.54575	137.413055555556
9	91	113.126111111111	138.169313186813
8	92	113.3903125	138.96625
7	93	113.999642857143	139.888521505376
6	94	114.257083333333	140.675585106383
5	95	114.5705	141.503394736842
4	96	115.51125	142.299739583333
3	97	115.333333333333	143.153737113402
2	98	115.39	143.953163265306
1	99	116.5825	144.701868686869
0	100	0	145.5667
