num_of_always_cooperate	num_of_Pavlov	average_fitness_of_always_cooperate	average_fitness_of_Pavlov
100	0	150	0
99	1	149.963131313131	168.2575
98	2	149.920918367347	168.6525
97	3	149.881649484536	166.3675
96	4	149.842708333333	166.691875
95	5	149.812631578947	166.352
94	6	149.761276595745	165.934166666667
93	7	149.71623655914	165.349285714286
92	8	149.68347826087	164.705
91	9	149.649340659341	164.923333333333
90	10	149.609	164.30875
89	11	149.573033707865	163.8025
88	12	149.521022727273	163.359583333333
87	13	149.480229885057	163.292692307692
86	14	149.429069767442	162.706428571429
85	15	149.385882352941	162.7045
84	16	149.359166666667	161.87125
83	17	149.308674698795	161.560294117647
82	18	149.27756097561	161.280416666667
81	19	149.25950617284	160.874736842105
80	20	149.206	160.446
79	21	149.139367088607	160.264523809524
78	22	149.10641025641	159.76125
77	23	149.076233766234	159.444891304348
76	24	149.029868421053	159.032916666667
75	25	148.991066666667	158.8001
74	26	148.950810810811	158.401057692308
73	27	148.935479452055	158.02712962963
72	28	148.848888888889	157.659732142857
71	29	148.82323943662	157.220344827586
70	30	148.780428571429	156.88275
69	31	148.738985507246	156.551451612903
68	32	148.703382352941	156.167109375
67	33	148.695970149254	155.936893939394
66	34	148.613636363636	155.317867647059
65	35	148.640769230769	155.151928571428
64	36	148.55921875	154.742361111111
63	37	148.497619047619	154.331486486486
62	38	148.463064516129	153.961381578947
61	39	148.414590163934	153.739423076923
60	40	148.415166666667	153.3221875
59	41	148.357627118644	152.874756097561
58	42	148.318793103448	152.37880952381
57	43	148.271052631579	152.126104651163
56	44	148.294642857143	151.749204545455
55	45	148.195636363636	151.290722222222
54	46	148.129259259259	150.981847826087
53	47	148.140566037736	150.533031914894
52	48	148.075	150.12
51	49	148.02431372549	149.897806122449
50	50	147.9848	149.42425
49	51	147.999183673469	148.974705882353
48	52	147.977708333333	148.672740384615
47	53	147.889361702128	148.210094339623
46	54	147.806956521739	147.824398148148
45	55	147.754	147.278681818182
44	56	147.744090909091	147.077098214286
43	57	147.73488372093	146.705745614035
42	58	147.640714285714	146.07400862069
41	59	147.652682926829	145.704194915254
40	60	147.6005	145.30675
39	61	147.562051282051	144.748155737705
38	62	147.496052631579	144.447741935484
37	63	147.517297297297	144.222857142857
36	64	147.476666666667	143.570546875
35	65	147.456857142857	143.239307692308
34	66	147.315588235294	142.891439393939
33	67	147.321515151515	142.548880597015
32	68	147.2565625	142.127977941176
31	69	147.216774193548	141.578224637681
30	70	147.275333333333	141.348321428571
29	71	147.130344827586	140.625281690141
28	72	147.083571428571	140.188333333333
27	73	147.069259259259	139.793869863014
26	74	146.989230769231	139.392905405405
25	75	147.012	139.067
24	76	146.874583333333	138.745361842105
23	77	146.946086956522	138.223149350649
22	78	146.873181818182	137.843846153846
21	79	146.860952380952	137.147848101266
20	80	146.695	136.719
19	81	146.837368421053	136.320061728395
18	82	146.782777777778	135.975579268293
17	83	146.679411764706	135.508403614458
16	84	146.6975	135.101666666667
15	85	146.559333333333	134.631441176471
14	86	146.509285714286	134.16476744186
13	87	146.503846153846	133.624626436782
12	88	146.464166666667	133.225767045455
11	89	146.472727272727	132.693679775281
10	90	146.427	132.294444444444
9	91	146.458888888889	131.817252747253
8	92	146.2975	131.180543478261
7	93	146.32	130.83064516129
6	94	146.256666666667	130.562287234043
5	95	146.182	129.893947368421
4	96	146.0375	129.697317708333
3	97	146.14	129.194201030928
2	98	146.175	128.691964285714
1	99	145.9	128.186388888889
0	100	0	127.718925
