num_of_always_cooperate	num_of_shame_driven_denying	average_fitness_of_always_cooperate	average_fitness_of_shame_driven_denying
100	0	150	0
99	1	149.963434343434	151.0475
98	2	149.925204081633	150.94875
97	3	149.881030927835	150.855
96	4	149.8534375	150.78125
95	5	149.805894736842	150.744
94	6	149.749574468085	150.757083333333
93	7	149.73376344086	150.704642857143
92	8	149.676847826087	150.62625
91	9	149.642527472527	150.543055555556
90	10	149.615888888889	150.5115
89	11	149.550674157303	150.464090909091
88	12	149.52625	150.36625
87	13	149.471494252874	150.295961538461
86	14	149.440697674419	150.29125
85	15	149.397176470588	150.214666666667
84	16	149.358571428571	150.1834375
83	17	149.331445783133	150.1275
82	18	149.272073170732	150.08
81	19	149.212345679012	150.018815789474
80	20	149.1895	149.956625
79	21	149.149493670886	149.914761904762
78	22	149.092051282051	149.799886363636
77	23	149.083376623377	149.81847826087
76	24	149.054868421053	149.717395833333
75	25	148.99	149.7352
74	26	148.972837837838	149.600865384615
73	27	148.926849315068	149.556296296296
72	28	148.882361111111	149.509017857143
71	29	148.855633802817	149.50025862069
70	30	148.766571428571	149.373833333333
69	31	148.752173913043	149.381693548387
68	32	148.723676470588	149.315234375
67	33	148.653731343284	149.264242424242
66	34	148.636060606061	149.215588235294
65	35	148.603384615385	149.118571428571
64	36	148.55796875	149.082361111111
63	37	148.54380952381	149.036148648649
62	38	148.44064516129	148.962697368421
61	39	148.435081967213	148.930320512821
60	40	148.380666666667	148.86875
59	41	148.334745762712	148.818231707317
58	42	148.292413793103	148.704107142857
57	43	148.272105263158	148.659941860465
56	44	148.21875	148.613636363636
55	45	148.193818181818	148.609277777778
54	46	148.141666666667	148.548043478261
53	47	148.078867924528	148.47914893617
52	48	148.080769230769	148.41265625
51	49	148.04	148.344183673469
50	50	147.9844	148.3247
49	51	147.956326530612	148.221029411765
48	52	147.894791666667	148.211057692308
47	53	147.83085106383	148.16108490566
46	54	147.812391304348	148.083055555556
45	55	147.795111111111	148.013727272727
44	56	147.725227272727	147.948258928571
43	57	147.655581395349	147.936184210526
42	58	147.701190476191	147.900344827586
41	59	147.641707317073	147.794957627119
40	60	147.598	147.790958333333
39	61	147.565897435897	147.712868852459
38	62	147.446578947368	147.678427419355
37	63	147.458918918919	147.609642857143
36	64	147.365555555556	147.5480859375
35	65	147.366857142857	147.510807692308
34	66	147.325882352941	147.413560606061
33	67	147.266060606061	147.349589552239
32	68	147.2728125	147.328382352941
31	69	147.317096774194	147.275942028986
30	70	147.197333333333	147.206785714286
29	71	147.105172413793	147.124929577465
28	72	147.099642857143	147.071666666667
27	73	147.110740740741	147.087671232877
26	74	147.041153846154	146.9925
25	75	146.9664	146.933633333333
24	76	146.984583333333	146.892763157895
23	77	146.876956521739	146.785032467532
22	78	146.881363636364	146.784903846154
21	79	146.802857142857	146.718860759494
20	80	146.7755	146.6756875
19	81	146.724210526316	146.616388888889
18	82	146.683333333333	146.550518292683
17	83	146.630588235294	146.505271084337
16	84	146.60125	146.428273809524
15	85	146.571333333333	146.383382352941
14	86	146.590714285714	146.334796511628
13	87	146.488461538462	146.26525862069
12	88	146.540833333333	146.221505681818
11	89	146.463636363636	146.175308988764
10	90	146.376	146.136194444444
9	91	146.267777777778	146.024340659341
8	92	146.37	146.032201086956
7	93	146.17	145.928548387097
6	94	146.238333333333	145.907207446808
5	95	146.168	145.837578947368
4	96	145.9725	145.777864583333
3	97	146.073333333333	145.749896907217
2	98	146.035	145.693469387755
1	99	146.04	145.634671717172
0	100	0	145.568
