num_of_always_defect	num_of_guilt_driven_amending	average_fitness_of_always_defect	average_fitness_of_guilt_driven_amending
100	0	0	0
99	1	0.863333333333332	-21.49
98	2	1.72551020408163	-19.90375
97	3	2.59783505154639	-17.8491666666667
96	4	3.4625	-16.196875
95	5	4.33136842105263	-14.6105
94	6	5.20627659574468	-12.9258333333333
93	7	6.05096774193548	-10.9575
92	8	6.91630434782609	-9.4465625
91	9	7.78164835164835	-7.65972222222222
90	10	8.64722222222222	-6.031
89	11	9.53101123595506	-4.36863636363636
88	12	10.3873863636364	-2.63645833333333
87	13	11.2822988505747	-0.967692307692308
86	14	12.1467441860465	0.767678571428572
85	15	12.9602352941176	2.4505
84	16	13.857380952381	4.16015625
83	17	14.7404819277108	5.79926470588235
82	18	15.5835365853659	7.65805555555555
81	19	16.4688888888889	9.28736842105263
80	20	17.31575	10.854
79	21	18.1862025316456	12.8183333333333
78	22	19.0382051282051	14.4779545454546
77	23	19.9268831168831	16.1847826086956
76	24	20.7952631578947	17.7020833333333
75	25	21.6513333333333	19.423
74	26	22.5272972972973	21.4883653846154
73	27	23.3553424657534	22.9668518518519
72	28	24.24375	24.6599107142857
71	29	25.1535211267606	26.1813793103448
70	30	26.044	28.3205
69	31	26.868115942029	29.6662096774194
68	32	27.7025	31.41578125
67	33	28.5825373134328	33.2963636363636
66	34	29.4086363636364	34.8511764705882
65	35	30.3324615384615	36.7917142857143
64	36	31.196875	38.4847916666667
63	37	31.9965079365079	40.0127027027027
62	38	32.9053225806452	41.7671052631579
61	39	33.797868852459	43.5292307692308
60	40	34.6513333333333	45.192375
59	41	35.5723728813559	46.9111585365854
58	42	36.3756896551724	48.5903571428571
57	43	37.2340350877193	50.1951744186047
56	44	38.0832142857143	52.0785795454545
55	45	38.9363636363636	53.7347222222222
54	46	39.8472222222222	55.4235326086956
53	47	40.6941509433962	57.0802127659574
52	48	41.5742307692308	58.8675520833333
51	49	42.4303921568627	60.6043367346939
50	50	43.234	62.23265
49	51	44.1408163265306	63.9645098039216
48	52	44.9983333333333	65.7781730769231
47	53	45.9065957446809	67.3891037735849
46	54	46.7786956521739	69.0233333333333
45	55	47.6226666666667	70.8224545454545
44	56	48.5256818181818	72.4400892857143
43	57	49.3839534883721	74.2078947368421
42	58	50.2526190476191	75.9152586206896
41	59	51.0978048780488	77.6966525423729
40	60	51.8955	79.366125
39	61	52.815641025641	81.0043032786885
38	62	53.7455263157895	82.7381451612903
37	63	54.555945945946	84.4467063492064
36	64	55.4011111111111	86.1898046875
35	65	56.2988571428572	87.8788461538462
34	66	57.0782352941176	89.6393181818182
33	67	58.0448484848485	91.2542537313433
32	68	58.839375	92.8684191176471
31	69	59.7022580645161	94.7947463768115
30	70	60.6606666666667	96.3253214285714
29	71	61.4979310344828	98.1332746478874
28	72	62.3292857142857	99.8551736111111
27	73	63.247037037037	101.479760273973
26	74	64.1165384615385	103.349121621622
25	75	64.9132	105.0112
24	76	65.8020833333333	106.648289473684
23	77	66.6086956521739	108.38
22	78	67.575	110.138846153846
21	79	68.3642857142857	111.763544303798
20	80	69.329	113.44221875
19	81	70.0626315789474	115.129783950617
18	82	71.0394444444444	116.927652439024
17	83	71.7917647058824	118.6675
16	84	72.795625	120.297619047619
15	85	73.5133333333333	122.114735294118
14	86	74.5642857142857	123.683808139535
13	87	75.3830769230769	125.455344827586
12	88	76.1875	127.256477272727
11	89	77.0036363636364	128.890028089888
10	90	77.854	130.56275
9	91	78.6266666666667	132.268241758242
8	92	79.71125	134.006277173913
7	93	80.4371428571428	135.690779569892
6	94	81.2066666666667	137.423510638298
5	95	82.334	139.114868421053
4	96	82.9625	140.821744791667
3	97	83.8033333333333	142.55087628866
2	98	84.79	144.215280612245
1	99	86.19	145.961691919192
0	100	0	147.671775
