num_of_always_defect	num_of_TFT_with_trembling_hand	average_fitness_of_always_defect	average_fitness_of_TFT_with_trembling_hand
100	0	0	0
99	1	0.869898989898989	-21.34
98	2	1.73122448979592	-19.86375
97	3	2.59876288659794	-18.0183333333333
96	4	3.45385416666667	-16.1875
95	5	4.32157894736842	-14.4915
94	6	5.19234042553192	-13.0920833333333
93	7	6.06537634408602	-11.2378571428571
92	8	6.92347826086957	-9.5346875
91	9	7.79494505494505	-7.85583333333333
90	10	8.65077777777778	-6.11925
89	11	9.5376404494382	-4.28318181818182
88	12	10.3845454545455	-2.66666666666667
87	13	11.2642528735632	-0.9025
86	14	12.0887209302326	0.7275
85	15	12.9872941176471	2.45533333333333
84	16	13.8638095238095	4.05546875
83	17	14.7267469879518	5.79558823529412
82	18	15.5815853658537	7.48847222222222
81	19	16.4345679012346	9.33934210526316
80	20	17.30675	10.913125
79	21	18.1920253164557	12.4378571428571
78	22	19.0582051282051	14.3020454545454
77	23	19.9297402597403	16.0016304347826
76	24	20.7831578947368	17.666875
75	25	21.6438666666667	19.3134
74	26	22.5382432432432	21.12375
73	27	23.4105479452055	22.8416666666667
72	28	24.2740277777778	24.6151785714286
71	29	25.0722535211268	26.1583620689655
70	30	25.966	28.0750833333333
69	31	26.8653623188406	29.6059677419355
68	32	27.7333823529412	31.302734375
67	33	28.5728358208955	32.9585606060606
66	34	29.4586363636364	34.6505882352941
65	35	30.3130769230769	36.437
64	36	31.1565625	38.0046527777778
63	37	32.0707936507937	39.9407432432432
62	38	32.9082258064516	41.585197368421
61	39	33.7988524590164	43.2974358974359
60	40	34.6791666666667	44.965
59	41	35.525593220339	46.6100609756097
58	42	36.3567241379311	48.385
57	43	37.2143859649123	49.8688953488372
56	44	38.1473214285714	51.89375
55	45	38.9847272727273	53.4266666666666
54	46	39.8155555555556	55.2570108695652
53	47	40.6764150943396	56.8329787234043
52	48	41.5546153846154	58.5451041666666
51	49	42.4101960784314	60.182193877551
50	50	43.3504	61.83675
49	51	44.1855102040816	63.6837254901961
48	52	45.043125	65.3958653846154
47	53	45.878085106383	67.2467452830189
46	54	46.8113043478261	68.7799537037037
45	55	47.6422222222222	70.3938181818182
44	56	48.5220454545455	72.1607142857143
43	57	49.3432558139535	73.9760087719298
42	58	50.2697619047619	75.5503879310345
41	59	51.0965853658537	77.1370762711864
40	60	51.96125	78.929125
39	61	52.8294871794872	80.6581147540983
38	62	53.7278947368421	82.3879032258065
37	63	54.5816216216216	83.9678968253968
36	64	55.365	85.6184765625
35	65	56.3214285714286	87.4619230769231
34	66	57.209705882353	89.2360984848484
33	67	58.0057575757575	90.8050373134328
32	68	58.9225	92.6626838235294
31	69	59.7461290322581	94.3271376811594
30	70	60.5963333333333	95.95425
29	71	61.4996551724138	97.7715492957747
28	72	62.4689285714286	99.3715625
27	73	63.2555555555555	101.026883561644
26	74	64.0311538461538	102.859290540541
25	75	64.9492	104.558966666667
24	76	65.8620833333333	106.107105263158
23	77	66.6104347826087	107.844448051948
22	78	67.535	109.483076923077
21	79	68.4033333333333	111.330221518987
20	80	69.171	112.95371875
19	81	70.1163157894737	114.68225308642
18	82	70.9338888888889	116.437743902439
17	83	71.81	118.202771084337
16	84	72.751875	119.79056547619
15	85	73.6846666666667	121.454205882353
14	86	74.4828571428572	123.269825581395
13	87	75.39	124.950114942529
12	88	76.2625	126.627784090909
11	89	77.2036363636363	128.326573033708
10	90	77.792	130.02025
9	91	78.9144444444444	131.70021978022
8	92	79.7325	133.428722826087
7	93	80.5471428571429	135.126129032258
6	94	81.225	136.826835106383
5	95	82.318	138.468605263158
4	96	83.3975	140.23640625
3	97	83.88	141.949020618557
2	98	85.14	143.587780612245
1	99	85.84	145.320631313131
0	100	0	147.027875
