num_of_always_cooperate	num_of_always_trembling	average_fitness_of_always_cooperate	average_fitness_of_always_trembling
100	0	150	0
99	1	148.985252525252	175.06
98	2	147.969183673469	173.92375
97	3	146.944742268041	172.92
96	4	145.934895833333	172.031875
95	5	144.949789473684	170.8965
94	6	143.935425531915	170.019583333333
93	7	142.947741935484	169.029285714286
92	8	141.967826086956	167.809375
91	9	140.891098901099	166.857222222222
90	10	139.867222222222	166.072
89	11	138.923370786517	164.874318181818
88	12	137.826818181818	163.748125
87	13	136.878620689655	162.98
86	14	135.811279069767	161.861428571429
85	15	134.882705882353	160.930666666667
84	16	133.800476190476	159.7375
83	17	132.772771084337	158.748676470588
82	18	131.884634146341	158.033472222222
81	19	130.796666666667	156.885657894737
80	20	129.756375	155.914625
79	21	128.852025316456	154.910476190476
78	22	127.771153846154	153.687159090909
77	23	126.865584415584	152.886086956522
76	24	125.796447368421	151.737395833333
75	25	124.720133333333	150.8699
74	26	123.837972972973	149.688557692308
73	27	122.793150684931	148.678148148148
72	28	121.700277777778	147.628660714286
71	29	120.67985915493	146.703189655172
70	30	119.592	145.82075
69	31	118.692608695652	144.743870967742
68	32	117.668676470588	143.69890625
67	33	116.642089552239	142.730833333333
66	34	115.640151515152	141.715735294118
65	35	114.706	140.602285714286
64	36	113.624375	139.610277777778
63	37	112.670317460317	138.715608108108
62	38	111.652258064516	137.744671052632
61	39	110.566557377049	136.598782051282
60	40	109.637833333333	135.677
59	41	108.63406779661	134.586463414634
58	42	107.590689655172	133.71130952381
57	43	106.490701754386	132.736976744186
56	44	105.583214285714	131.503011363636
55	45	104.683818181818	130.656888888889
54	46	103.61962962963	129.444945652174
53	47	102.563773584906	128.501968085106
52	48	101.529615384615	127.516354166667
51	49	100.383725490196	126.625612244898
50	50	99.4754	125.61125
49	51	98.4271428571429	124.224460784314
48	52	97.3385416666667	123.602836538462
47	53	96.5521276595744	122.458160377358
46	54	95.5276086956522	121.45625
45	55	94.4155555555555	120.457136363636
44	56	93.4125	119.492410714286
43	57	92.5225581395349	118.514561403509
42	58	91.3461904761905	117.271853448276
41	59	90.4912195121951	116.538771186441
40	60	89.25675	115.26525
39	61	88.1707692307692	114.412868852459
38	62	87.3507894736842	113.465201612903
37	63	86.477027027027	112.448333333333
36	64	85.3883333333333	111.408046875
35	65	84.3688571428571	110.233923076923
34	66	83.5091176470588	109.182575757576
33	67	82.2984848484848	108.292723880597
32	68	81.239375	107.38375
31	69	80.3222580645161	106.325253623188
30	70	79.2816666666667	105.310928571429
29	71	78.2951724137931	104.16661971831
28	72	77.2035714285714	103.111805555556
27	73	76.3388888888889	102.233116438356
26	74	75.3757692307693	101.222297297297
25	75	74.0916	100.246633333333
24	76	73.2258333333333	99.3152631578947
23	77	71.7978260869565	98.2826298701299
22	78	71.3845454545455	97.2810256410256
21	79	70.1433333333334	96.3004113924051
20	80	69.2695	95.2525
19	81	68.1973684210526	94.2242283950617
18	82	67.2294444444445	93.2499695121951
17	83	66.3623529411765	92.1153915662651
16	84	65.2225	91.0954761904762
15	85	63.7753333333333	90.0922941176471
14	86	63.365	89.1790406976744
13	87	62.1384615384615	88.1017528735632
12	88	61.15	87.1695454545454
11	89	59.9290909090909	86.1677528089887
10	90	59.371	85.1692777777778
9	91	58.56	84.0673351648352
8	92	56.94	83.2490760869565
7	93	56.6657142857143	82.1365053763441
6	94	55.4516666666667	81.0523138297872
5	95	53.796	80.0517368421053
4	96	53.17	78.9078645833333
3	97	51.9833333333333	78.0017010309278
2	98	50.1	77.0561224489796
1	99	49.81	76.0724242424243
0	100	0	74.864325
