num_of_always_cooperate	num_of_always_defect	average_fitness_of_always_cooperate	average_fitness_of_always_defect
100	0	150	0
99	1	148.020606060606	200
98	2	146	198.045
97	3	143.926082474227	196.073333333333
96	4	141.925520833333	194.0475
95	5	139.873052631579	191.552
94	6	137.860212765957	189.83
93	7	135.906021505376	187.935714285714
92	8	133.807608695652	185.77625
91	9	131.800879120879	183.995555555556
90	10	129.761666666667	181.655
89	11	127.744719101124	179.885454545454
88	12	125.792159090909	177.724166666667
87	13	123.715172413793	175.742307692308
86	14	121.702441860465	173.563571428571
85	15	119.744705882353	171.8
84	16	117.738214285714	169.735625
83	17	115.652409638554	167.491176470588
82	18	113.65987804878	165.699444444444
81	19	111.607283950617	163.503684210526
80	20	109.5835	161.6305
79	21	107.673417721519	159.652857142857
78	22	105.557692307692	157.72
77	23	103.541688311688	155.51
76	24	101.436710526316	153.68
75	25	99.4278666666666	151.6428
74	26	97.215	149.385
73	27	95.4202739726027	147.6
72	28	93.3725000000001	145.623928571429
71	29	91.4752112676056	143.313103448276
70	30	89.3927142857143	141.538333333333
69	31	87.4415942028985	139.504193548387
68	32	85.4339705882353	137.310625
67	33	83.3294029850746	135.450909090909
66	34	81.2130303030303	133.323529411765
65	35	79.3715384615385	131.394285714286
64	36	77.21859375	129.336666666667
63	37	75.2665079365079	127.35027027027
62	38	73.2574193548387	125.233157894737
61	39	71.1211475409836	123.314102564103
60	40	69.1705	121.18125
59	41	67.1161016949153	119.219756097561
58	42	65.3487931034483	117.168095238095
57	43	63.1210526315789	114.838837209302
56	44	61.2185714285714	113.118636363636
55	45	58.8514545454546	111.073555555556
54	46	57.0064814814814	109.022173913043
53	47	55.0094339622641	106.927021276596
52	48	52.9288461538462	105.121875
51	49	51.1358823529412	103.064897959184
50	50	49.0082	101.0188
49	51	46.9702040816327	99.0423529411765
48	52	45.03375	96.9746153846154
47	53	42.9112765957447	95.0356603773585
46	54	40.8632608695652	92.8494444444444
45	55	38.9453333333333	90.9745454545455
44	56	36.9381818181818	89.0207142857143
43	57	34.7832558139535	86.82
42	58	32.8145238095238	84.9110344827586
41	59	30.8358536585366	82.863220338983
40	60	28.775	80.9415
39	61	26.7502564102564	78.6929508196721
38	62	24.893947368421	76.7022580645161
37	63	22.3005405405405	74.5484126984127
36	64	20.6694444444444	72.75703125
35	65	18.6002857142857	70.5850769230769
34	66	16.7791176470588	68.7124242424243
33	67	14.8160606060606	66.7867164179105
32	68	12.61875	64.7225
31	69	10.528064516129	62.5366666666667
30	70	8.50733333333333	60.656
29	71	6.51275862068965	58.5532394366197
28	72	4.59	56.5144444444444
27	73	2.44851851851852	54.5786301369863
26	74	0.434615384615385	52.5058108108108
25	75	-1.6096	50.6598666666667
24	76	-3.52875	48.486447368421
23	77	-5.62173913043478	46.4575324675325
22	78	-7.79454545454546	44.4026923076923
21	79	-9.48238095238095	42.4772151898734
20	80	-11.5195	40.453125
19	81	-13.5631578947368	38.3935802469136
18	82	-15.88	36.3346341463415
17	83	-17.6205882352941	34.348313253012
16	84	-19.71625	32.3222619047619
15	85	-21.9993333333333	30.3436470588235
14	86	-23.8514285714286	28.2147674418605
13	87	-25.5484615384616	26.3242528735632
12	88	-27.85	24.2270454545455
11	89	-29.9836363636364	22.2519101123595
10	90	-31.64	20.2417777777778
9	91	-33.7655555555556	18.1962637362637
8	92	-35.91375	16.1435869565217
7	93	-37.8171428571429	14.1641935483871
6	94	-39.8	12.1613829787234
5	95	-41.922	10.1054736842105
4	96	-44.015	8.10364583333333
3	97	-45.9833333333333	6.08175257731959
2	98	-47.915	4.05724489795918
1	99	-50	1.99040404040404
0	100	0	0
