num_of_always_trembling	num_of_tit_for_tat	average_fitness_of_always_trembling	average_fitness_of_tit_for_tat
100	0	75.038725	0
99	1	75.3824242424242	64.69
98	2	75.9757142857143	65.24625
97	3	76.2859793814433	66.1808333333333
96	4	76.72640625	67.175
95	5	77.1827105263158	67.5109999999999
94	6	77.5935106382979	68.4654166666667
93	7	78.0458064516129	69.1364285714286
92	8	78.526902173913	70.2365625
91	9	78.7422802197802	71.3777777777778
90	10	79.3398888888889	71.94275
89	11	79.8136235955056	72.7259090909091
88	12	80.1865625	73.7908333333333
87	13	80.5072413793103	74.6759615384615
86	14	81.2263953488372	75.5601785714286
85	15	81.4302352941177	76.3835
84	16	81.9530059523809	77.16453125
83	17	82.4227108433735	78.0685294117647
82	18	82.6852743902439	79.2769444444444
81	19	83.333950617284	79.8168421052631
80	20	83.70503125	80.794625
79	21	84.056835443038	81.425
78	22	84.5686538461539	82.5446590909091
77	23	85.0189935064935	83.2627173913043
76	24	85.4826315789473	84.2646875
75	25	85.9532666666667	85.1056
74	26	86.2997972972973	86.0965384615385
73	27	86.5731849315068	86.8609259259259
72	28	87.0840277777777	87.7038392857143
71	29	87.8283098591549	88.3968965517241
70	30	88.1240714285714	89.5404166666667
69	31	88.5830072463769	90.1261290322581
68	32	88.8258823529412	91.163359375
67	33	89.3329104477612	92.1827272727273
66	34	89.7493939393939	92.8568382352941
65	35	90.1535769230769	93.5765714285714
64	36	90.663828125	94.5576388888889
63	37	91.0444444444444	95.5975675675676
62	38	91.4282258064516	96.2482236842106
61	39	91.9380737704918	97.1966666666667
60	40	92.3654583333333	98.0256875
59	41	92.7520762711865	98.885731707317
58	42	93.2577586206896	99.8320238095238
57	43	93.8103947368421	100.62476744186
56	44	94.2045089285714	101.551647727273
55	45	94.5473636363637	102.419555555556
54	46	95.0128703703704	103.31902173913
53	47	95.3275	104.08579787234
52	48	95.9410096153846	104.959322916667
51	49	96.2245588235294	105.920255102041
50	50	96.70465	106.70605
49	51	96.9648469387755	107.362352941176
48	52	97.7409895833333	108.369038461538
47	53	98.0427659574468	109.351462264151
46	54	98.3360869565217	110.163611111111
45	55	98.8192777777778	111.062636363636
44	56	99.4160227272727	111.8771875
43	57	99.6403488372093	112.689605263158
42	58	100.076904761905	113.596034482759
41	59	100.615426829268	114.388516949153
40	60	101.201	115.307833333333
39	61	101.482564102564	116.266680327869
38	62	101.976907894737	117.135403225806
37	63	102.261486486486	117.988253968254
36	64	102.892986111111	118.8792578125
35	65	103.246285714286	119.670884615385
34	66	103.674117647059	120.556136363636
33	67	104.312196969697	121.501455223881
32	68	104.625703125	122.273970588235
31	69	104.944032258064	123.077028985507
30	70	105.304416666667	124.012714285714
29	71	105.887672413793	124.934788732394
28	72	106.387946428571	125.74875
27	73	106.758240740741	126.569965753425
26	74	107.249903846154	127.520912162162
25	75	107.6233	128.4043
24	76	107.831041666667	129.231315789474
23	77	108.529456521739	130.106493506494
22	78	108.668295454545	130.96
21	79	109.315476190476	131.762056962025
20	80	109.722375	132.67359375
19	81	110.102763157895	133.515154320988
18	82	110.785138888889	134.396493902439
17	83	110.925441176471	135.213222891566
16	84	111.57875	136.197351190476
15	85	111.944333333333	137.008323529412
14	86	112.204464285714	137.931686046512
13	87	112.801538461538	138.707787356322
12	88	113.29875	139.628607954546
11	89	113.544318181818	140.486179775281
10	90	114.1075	141.322361111111
9	91	114.545833333333	142.187252747253
8	92	114.79125	143.061358695652
7	93	115.542857142857	143.950537634409
6	94	115.638333333333	144.819414893617
5	95	116.6805	145.680289473684
4	96	116.589375	146.52578125
3	97	117.045	147.4
2	98	117.45875	148.280484693878
1	99	118.04	149.138787878788
0	100	0	150
