num_of_guilt_driven_amending	num_of_Pavlov	average_fitness_of_guilt_driven_amending	average_fitness_of_Pavlov
100	0	147.676825	0
99	1	147.654242424242	129.33
98	2	147.634744897959	128.03125
97	3	147.617216494845	126.240833333333
96	4	147.598541666667	128.014375
95	5	147.571368421053	127.286
94	6	147.545611702128	127.355833333333
93	7	147.533924731183	127.1375
92	8	147.504293478261	126.764375
91	9	147.489230769231	127.206388888889
90	10	147.479222222222	127.2375
89	11	147.446966292135	127.2525
88	12	147.442982954545	127.687708333333
87	13	147.420488505747	127.5925
86	14	147.393575581395	127.480892857143
85	15	147.374	127.836
84	16	147.361101190476	127.45890625
83	17	147.359578313253	127.372205882353
82	18	147.316737804878	127.080277777778
81	19	147.309475308642	127.485921052632
80	20	147.289875	127.471
79	21	147.266360759494	127.360595238095
78	22	147.249423076923	127.175568181818
77	23	147.225876623377	127.019891304348
76	24	147.210197368421	128.005833333333
75	25	147.172333333333	127.5842
74	26	147.18152027027	127.405480769231
73	27	147.162089041096	127.315833333333
72	28	147.087465277778	127.446428571429
71	29	147.111338028169	127.418017241379
70	30	147.081928571429	127.352083333333
69	31	147.058297101449	127.434516129032
68	32	147.054485294118	127.45328125
67	33	147.060074626866	127.593863636364
66	34	147.047424242424	127.851029411765
65	35	146.988346153846	127.334071428571
64	36	146.98546875	127.416527777778
63	37	146.97630952381	127.313716216216
62	38	146.927459677419	127.346578947368
61	39	146.905573770492	127.853333333333
60	40	146.892041666667	127.5639375
59	41	146.878389830508	127.40993902439
58	42	146.840043103448	127.631130952381
57	43	146.861929824561	127.68011627907
56	44	146.827901785714	127.607613636364
55	45	146.826409090909	127.129388888889
54	46	146.76462962963	127.372391304348
53	47	146.762877358491	127.559042553191
52	48	146.745673076923	127.509270833333
51	49	146.738431372549	127.555765306122
50	50	146.70915	127.54315
49	51	146.672244897959	127.462892156863
48	52	146.663645833333	127.978221153846
47	53	146.619893617021	127.086273584906
46	54	146.641576086957	127.671574074074
45	55	146.610611111111	127.400545454545
44	56	146.577329545455	127.705535714286
43	57	146.587209302326	127.577105263158
42	58	146.520178571429	127.436293103448
41	59	146.554573170732	127.847838983051
40	60	146.5083125	127.381416666667
39	61	146.544807692308	127.482950819672
38	62	146.445065789474	127.5
37	63	146.4275	127.665873015873
36	64	146.465902777778	127.594296875
35	65	146.428571428571	127.726653846154
34	66	146.37375	127.770833333333
33	67	146.352121212121	127.782014925373
32	68	146.34890625	127.534926470588
31	69	146.315322580645	127.63884057971
30	70	146.316916666667	127.777857142857
29	71	146.286724137931	127.555
28	72	146.297410714286	127.582916666667
27	73	146.296759259259	127.47948630137
26	74	146.274615384615	127.69597972973
25	75	146.2238	127.533233333333
24	76	146.221041666667	127.841151315789
23	77	146.149347826087	127.809675324675
22	78	146.159431818182	127.631730769231
21	79	146.129880952381	127.865632911392
20	80	146.077375	127.70053125
19	81	146.110526315789	127.751543209877
18	82	146.069305555556	127.658780487805
17	83	146.125735294118	127.474006024096
16	84	146.04703125	127.585892857143
15	85	146.0035	127.863323529412
14	86	146.111607142857	127.843720930233
13	87	145.955961538462	127.651724137931
12	88	145.961458333333	127.676107954545
11	89	145.897045454545	127.660786516854
10	90	145.969	127.553972222222
9	91	145.928888888889	127.749532967033
8	92	145.91125	127.668994565217
7	93	145.817142857143	127.533387096774
6	94	145.827083333333	127.494441489362
5	95	145.8565	127.673789473684
4	96	145.81375	127.88859375
3	97	145.6575	127.869664948454
2	98	145.7375	127.72137755102
1	99	145.7175	127.639646464646
0	100	0	127.766175
