num_of_shame_driven_hiding	num_of_Pavlov	average_fitness_of_shame_driven_hiding	average_fitness_of_Pavlov
100	0	148.5	0
99	1	148.490202020202	127.9025
98	2	148.478341836735	127.59125
97	3	148.46956185567	127.415
96	4	148.463541666667	126.3625
95	5	148.448184210526	127.1715
94	6	148.437765957447	126.436666666667
93	7	148.424193548387	127.182857142857
92	8	148.417418478261	127.09
91	9	148.410741758242	127.364444444444
90	10	148.399277777778	126.504
89	11	148.38547752809	126.856363636364
88	12	148.375284090909	127.176041666667
87	13	148.371522988506	127.188846153846
86	14	148.359912790698	126.565892857143
85	15	148.348470588235	126.789333333333
84	16	148.341220238095	127.21421875
83	17	148.325301204819	127.407352941176
82	18	148.322225609756	126.959444444444
81	19	148.314567901235	127.044342105263
80	20	148.29940625	127.165625
79	21	148.290569620253	127.228452380952
78	22	148.281891025641	126.8675
77	23	148.259642857143	127.2575
76	24	148.258059210526	127.086979166667
75	25	148.246866666667	127.1513
74	26	148.245033783784	127.009615384615
73	27	148.235034246575	127.094259259259
72	28	148.217465277778	127.369107142857
71	29	148.214154929578	127.403793103448
70	30	148.22075	127.202166666667
69	31	148.191086956522	127.196451612903
68	32	148.177977941176	127.0871875
67	33	148.180373134328	127.492651515151
66	34	148.156856060606	127.109779411765
65	35	148.138961538462	126.867857142857
64	36	148.13671875	127.363055555556
63	37	148.13123015873	127.310743243243
62	38	148.11310483871	127.157434210526
61	39	148.107418032787	127.502051282051
60	40	148.103833333333	127.20725
59	41	148.087288135593	127.245670731707
58	42	148.069482758621	127.093988095238
57	43	148.059912280702	127.021976744186
56	44	148.065267857143	127.587102272727
55	45	148.046772727273	127.475611111111
54	46	148.033888888889	127.290652173913
53	47	148.021226415094	127.106010638298
52	48	148.023461538462	127.427916666667
51	49	148.01	127.466173469388
50	50	147.9818	127.22905
49	51	147.993214285714	127.638774509804
48	52	147.9915625	127.023317307692
47	53	147.974255319149	127.541603773585
46	54	147.964836956522	127.388981481482
45	55	147.973944444444	127.519863636364
44	56	147.942215909091	127.469508928571
43	57	147.948139534884	127.407763157895
42	58	147.915119047619	127.51150862069
41	59	147.907804878049	127.330338983051
40	60	147.88025	127.442375
39	61	147.902756410256	127.541803278689
38	62	147.895723684211	127.411129032258
37	63	147.867432432432	127.311666666667
36	64	147.843819444444	127.4885546875
35	65	147.859785714286	127.371576923077
34	66	147.833014705882	127.558106060606
33	67	147.812651515152	127.489067164179
32	68	147.81828125	127.765772058824
31	69	147.798306451613	127.290362318841
30	70	147.797916666667	127.73075
29	71	147.78224137931	127.528978873239
28	72	147.794464285714	127.368263888889
27	73	147.778148148148	127.564760273973
26	74	147.714615384615	127.626283783784
25	75	147.7555	127.318533333333
24	76	147.745520833333	127.364473684211
23	77	147.724239130435	127.652175324675
22	78	147.735681818182	127.774967948718
21	79	147.699880952381	127.716297468354
20	80	147.704	127.5715625
19	81	147.718421052632	127.541203703704
18	82	147.705416666667	127.536463414634
17	83	147.671617647059	127.703373493976
16	84	147.66375	127.667827380952
15	85	147.665	127.514323529412
14	86	147.61375	127.695843023256
13	87	147.610576923077	127.737816091954
12	88	147.626458333333	127.654602272727
11	89	147.638636363636	127.660056179775
10	90	147.59375	127.692861111111
9	91	147.617222222222	127.791510989011
8	92	147.5946875	127.746956521739
7	93	147.518214285714	127.596747311828
6	94	147.61375	127.595265957447
5	95	147.605	127.859447368421
4	96	147.56625	127.49421875
3	97	147.519166666667	127.567396907216
2	98	147.4975	127.694923469388
1	99	147.595	127.568434343434
0	100	0	127.5819
