num_of_shame_driven_denying	num_of_guilt_driven_amending	average_fitness_of_shame_driven_denying	average_fitness_of_guilt_driven_amending
100	0	145.56725	0
99	1	145.602702020202	146.1
98	2	145.607117346939	146.015
97	3	145.63881443299	145.905
96	4	145.649739583333	145.961875
95	5	145.647973684211	146.0255
94	6	145.66960106383	145.964166666667
93	7	145.687553763441	145.921428571429
92	8	145.729375	146.114375
91	9	145.738956043956	146.146111111111
90	10	145.764027777778	146.1995
89	11	145.741769662921	146.062954545455
88	12	145.767414772727	146.091666666667
87	13	145.784712643678	146.071730769231
86	14	145.783139534884	146.110357142857
85	15	145.824029411765	146.178166666667
84	16	145.868214285714	146.17515625
83	17	145.90156626506	146.204411764706
82	18	145.907317073171	146.256111111111
81	19	145.863487654321	146.239473684211
80	20	145.927375	146.223875
79	21	145.907405063291	146.31869047619
78	22	145.966025641026	146.30375
77	23	146.005162337662	146.309891304348
76	24	146.011611842105	146.341145833333
75	25	145.9899	146.3347
74	26	146.075101351351	146.39625
73	27	146.041301369863	146.382407407407
72	28	146.068958333333	146.365446428571
71	29	146.051830985916	146.430603448276
70	30	146.093571428571	146.429166666667
69	31	146.126086956522	146.432096774194
68	32	146.123345588235	146.4940625
67	33	146.147052238806	146.452045454545
66	34	146.161401515152	146.517058823529
65	35	146.2255	146.506357142857
64	36	146.1982421875	146.58
63	37	146.253690476191	146.568648648649
62	38	146.220080645161	146.555394736842
61	39	146.291639344262	146.578782051282
60	40	146.301416666667	146.60575
59	41	146.293983050847	146.666646341463
58	42	146.291206896552	146.65375
57	43	146.344956140351	146.690930232558
56	44	146.303258928571	146.71125
55	45	146.349136363636	146.672666666667
54	46	146.365092592593	146.658532608696
53	47	146.398113207547	146.71585106383
52	48	146.447596153846	146.734114583333
51	49	146.450343137255	146.764642857143
50	50	146.466	146.79005
49	51	146.488673469388	146.784705882353
48	52	146.509010416667	146.829326923077
47	53	146.453776595745	146.831650943396
46	54	146.531576086956	146.8625
45	55	146.531111111111	146.867545454545
44	56	146.537215909091	146.894419642857
43	57	146.547034883721	146.927280701754
42	58	146.582380952381	146.91
41	59	146.623414634146	146.956059322034
40	60	146.63475	146.947208333333
39	61	146.634166666667	146.973729508197
38	62	146.660657894737	146.974717741935
37	63	146.68027027027	146.987896825397
36	64	146.711666666667	147.00625
35	65	146.676071428571	147.055
34	66	146.727794117647	147.059204545455
33	67	146.768560606061	147.100335820896
32	68	146.7909375	147.104338235294
31	69	146.818467741936	147.120144927536
30	70	146.827833333333	147.151607142857
29	71	146.846982758621	147.146056338028
28	72	146.809553571429	147.190138888889
27	73	146.87287037037	147.201952054795
26	74	146.916057692308	147.212162162162
25	75	146.9366	147.2049
24	76	146.9271875	147.226085526316
23	77	146.98347826087	147.272142857143
22	78	146.964204545455	147.288782051282
21	79	146.940595238095	147.299113924051
20	80	146.9835	147.3230625
19	81	146.956447368421	147.350802469136
18	82	147.043472222222	147.351067073171
17	83	147.060147058824	147.390331325301
16	84	147.04265625	147.392589285714
15	85	147.121666666667	147.410705882353
14	86	147.117321428571	147.441802325581
13	87	147.075576923077	147.447816091954
12	88	147.107291666667	147.459659090909
11	89	147.207272727273	147.473146067416
10	90	147.16575	147.492277777778
9	91	147.222222222222	147.525741758242
8	92	147.23125	147.547472826087
7	93	147.2075	147.543629032258
6	94	147.246666666667	147.574574468085
5	95	147.293	147.580578947368
4	96	147.1975	147.603229166667
3	97	147.258333333333	147.607809278351
2	98	147.225	147.650331632653
1	99	147.1825	147.657222222222
0	100	0	147.680825
