num_of_shame_driven_hiding	num_of_guilt_driven_amending	average_fitness_of_shame_driven_hiding	average_fitness_of_guilt_driven_amending
100	0	148.5	0
99	1	148.503232323232	147.3875
98	2	148.505739795918	147.37
97	3	148.508453608247	147.388333333333
96	4	148.511796875	147.345625
95	5	148.514657894737	147.3305
94	6	148.517925531915	147.40875
93	7	148.520510752688	147.445357142857
92	8	148.522880434783	147.40375
91	9	148.527307692307	147.386944444444
90	10	148.530111111111	147.40825
89	11	148.531573033708	147.367045454545
88	12	148.533181818182	147.4225
87	13	148.537816091954	147.403461538462
86	14	148.541220930232	147.46875
85	15	148.543	147.460666666667
84	16	148.547648809524	147.399375
83	17	148.54936746988	147.44
82	18	148.551463414634	147.447222222222
81	19	148.556666666667	147.427894736842
80	20	148.55765625	147.454375
79	21	148.560632911392	147.431904761905
78	22	148.56608974359	147.46
77	23	148.565584415585	147.416956521739
76	24	148.570263157895	147.425416666667
75	25	148.569066666667	147.4535
74	26	148.576722972973	147.426634615385
73	27	148.578116438356	147.440648148148
72	28	148.579618055556	147.456428571429
71	29	148.583309859155	147.474310344828
70	30	148.586142857143	147.460416666667
69	31	148.589746376812	147.449919354839
68	32	148.592757352941	147.480859375
67	33	148.595298507463	147.473257575758
66	34	148.60053030303	147.478014705882
65	35	148.600346153846	147.487357142857
64	36	148.6041796875	147.487361111111
63	37	148.606944444445	147.480743243243
62	38	148.608346774194	147.498684210526
61	39	148.61262295082	147.475961538462
60	40	148.6185	147.487125
59	41	148.617372881356	147.482195121951
58	42	148.620344827586	147.510357142857
57	43	148.625043859649	147.499593023256
56	44	148.629776785714	147.486818181818
55	45	148.6335	147.500333333333
54	46	148.633287037037	147.515869565217
53	47	148.633254716981	147.518670212766
52	48	148.642355769231	147.507760416667
51	49	148.644754901961	147.515459183673
50	50	148.6435	147.52855
49	51	148.647959183673	147.53431372549
48	52	148.647291666667	147.544615384615
47	53	148.654042553192	147.534952830189
46	54	148.660108695652	147.540601851852
45	55	148.660444444444	147.542454545455
44	56	148.662329545455	147.555848214286
43	57	148.669302325581	147.547280701754
42	58	148.668095238095	147.550689655172
41	59	148.666829268293	147.541355932203
40	60	148.674	147.56675
39	61	148.681858974359	147.562581967213
38	62	148.682565789474	147.553548387097
37	63	148.686283783784	147.546865079365
36	64	148.682986111111	147.573984375
35	65	148.695357142857	147.568192307692
34	66	148.690955882353	147.569242424242
33	67	148.701818181818	147.564589552239
32	68	148.69671875	147.572058823529
31	69	148.699112903226	147.584130434783
30	70	148.698833333333	147.580607142857
29	71	148.70474137931	147.577887323944
28	72	148.705714285714	147.5775
27	73	148.714907407407	147.589178082192
26	74	148.716346153846	147.621047297297
25	75	148.7166	147.582533333333
24	76	148.726145833333	147.620032894737
23	77	148.729456521739	147.596623376623
22	78	148.728977272727	147.605384615385
21	79	148.723214285714	147.608797468354
20	80	148.732625	147.61209375
19	81	148.734736842105	147.613456790123
18	82	148.736388888889	147.616493902439
17	83	148.741029411765	147.6225
16	84	148.7375	147.626964285714
15	85	148.738	147.637823529412
14	86	148.747857142857	147.630784883721
13	87	148.758269230769	147.639885057471
12	88	148.750833333333	147.630482954545
11	89	148.754318181818	147.643174157303
10	90	148.769	147.642444444444
9	91	148.769444444444	147.652664835165
8	92	148.7575	147.658858695652
7	93	148.767142857143	147.652580645161
6	94	148.766666666667	147.663377659575
5	95	148.791	147.644710526316
4	96	148.76625	147.663697916667
3	97	148.784166666667	147.668530927835
2	98	148.76375	147.662806122449
1	99	148.7925	147.673535353535
0	100	0	147.6611
