num_of_TFT_with_trembling_hand	num_of_Pavlov	average_fitness_of_TFT_with_trembling_hand	average_fitness_of_Pavlov
100	0	147.029325	0
99	1	147.020757575758	128.2675
98	2	147.013545918367	126.14125
97	3	147.017783505155	128.098333333333
96	4	146.99625	126.601875
95	5	146.983473684211	127.461
94	6	146.972845744681	126.635416666667
93	7	146.969059139785	126.943571428571
92	8	146.957907608696	127.1696875
91	9	146.944175824176	127.621388888889
90	10	146.917694444444	127.89525
89	11	146.917078651685	127.144772727273
88	12	146.896903409091	127.235833333333
87	13	146.898390804598	127.097692307692
86	14	146.893313953488	127.093928571429
85	15	146.867705882353	127.438166666667
84	16	146.852589285714	127.0375
83	17	146.877680722892	127.443529411765
82	18	146.85868902439	127.588888888889
81	19	146.851049382716	127.263815789474
80	20	146.82015625	127.23075
79	21	146.789082278481	126.943928571429
78	22	146.815608974359	127.090568181818
77	23	146.799253246753	127.145652173913
76	24	146.770625	126.858020833333
75	25	146.778133333333	127.1423
74	26	146.76347972973	127.116346153846
73	27	146.746130136986	127.025462962963
72	28	146.727986111111	127.418571428571
71	29	146.748204225352	127.56
70	30	146.766214285714	127.12425
69	31	146.72518115942	127.121370967742
68	32	146.729044117647	127.59625
67	33	146.724701492537	127.303181818182
66	34	146.683674242424	127.365073529412
65	35	146.686115384615	127.636142857143
64	36	146.6705078125	127.540694444444
63	37	146.654325396825	127.755743243243
62	38	146.662217741935	127.269539473684
61	39	146.645	127.488717948718
60	40	146.629916666667	127.334875
59	41	146.621440677966	127.348353658537
58	42	146.6375	127.135654761905
57	43	146.61201754386	127.260174418605
56	44	146.568526785714	127.447045454545
55	45	146.575909090909	127.236944444445
54	46	146.578611111111	127.410543478261
53	47	146.573349056604	127.778404255319
52	48	146.565480769231	127.380520833333
51	49	146.548382352941	127.55112244898
50	50	146.50475	127.3813
49	51	146.517193877551	127.513529411765
48	52	146.499375	127.425865384615
47	53	146.451276595745	127.367688679245
46	54	146.467554347826	127.5125
45	55	146.467222222222	127.316954545455
44	56	146.441136363636	127.700758928571
43	57	146.451686046512	127.675438596491
42	58	146.404107142857	127.147629310345
41	59	146.441707317073	127.456440677966
40	60	146.444125	127.603708333333
39	61	146.391602564103	127.303852459016
38	62	146.402828947368	127.515241935484
37	63	146.370472972973	127.511984126984
36	64	146.410138888889	127.3430078125
35	65	146.334357142857	127.607423076923
34	66	146.332352941176	127.537348484848
33	67	146.348181818182	127.35552238806
32	68	146.3309375	127.620919117647
31	69	146.335887096774	127.485108695652
30	70	146.309083333333	127.452
29	71	146.320344827586	127.580281690141
28	72	146.281785714286	127.516215277778
27	73	146.263333333333	127.402089041096
26	74	146.254711538462	127.481655405405
25	75	146.2875	127.4929
24	76	146.270625	127.517368421053
23	77	146.21347826087	127.37301948052
22	78	146.220795454545	127.696698717949
21	79	146.224404761905	127.560474683544
20	80	146.215625	127.75159375
19	81	146.215657894737	127.873796296296
18	82	146.216805555556	127.745396341463
17	83	146.244852941176	127.582289156627
16	84	146.161875	127.744821428571
15	85	146.172666666667	127.589205882353
14	86	146.128928571429	127.835552325581
13	87	146.167115384615	127.901810344828
12	88	146.188541666667	127.400539772727
11	89	146.063409090909	127.693623595506
10	90	146.1075	127.626972222222
9	91	146.068611111111	127.396428571429
8	92	146.0534375	127.575
7	93	146.2375	127.826075268817
6	94	146.097916666667	127.650106382979
5	95	146.1675	127.854052631579
4	96	146.10625	127.655651041667
3	97	146.129166666667	127.61837628866
2	98	146.09875	127.642525510204
1	99	146.025	127.704141414141
0	100	0	127.572425
