num_of_TFT_with_trembling_hand	num_of_shame_driven_hiding	average_fitness_of_TFT_with_trembling_hand	average_fitness_of_shame_driven_hiding
100	0	147.0464	0
99	1	147.03452020202	148.2075
98	2	147.029336734694	148.26125
97	3	147.049639175258	148.249166666667
96	4	147.036276041667	148.189375
95	5	147.056552631579	148.1975
94	6	147.043936170213	148.239166666667
93	7	147.030967741936	148.23
92	8	147.055788043478	148.218125
91	9	147.035521978022	148.237777777778
90	10	147.066833333333	148.24625
89	11	147.060056179775	148.251363636364
88	12	147.057982954545	148.236041666667
87	13	147.075086206897	148.252884615385
86	14	147.07011627907	148.267142857143
85	15	147.074588235294	148.273666666667
84	16	147.078363095238	148.2653125
83	17	147.080120481928	148.285735294118
82	18	147.072012195122	148.249166666667
81	19	147.070895061728	148.262368421053
80	20	147.0820625	148.292625
79	21	147.094272151899	148.278571428571
78	22	147.094166666667	148.296022727273
77	23	147.093474025974	148.281739130435
76	24	147.093585526316	148.282916666667
75	25	147.1063	148.2874
74	26	147.113581081081	148.297692307692
73	27	147.101164383562	148.309259259259
72	28	147.112569444444	148.278214285714
71	29	147.10426056338	148.303706896552
70	30	147.112464285714	148.292333333333
69	31	147.102101449275	148.284596774194
68	32	147.120735294118	148.292890625
67	33	147.098097014925	148.309242424242
66	34	147.141818181818	148.306102941176
65	35	147.128423076923	148.315071428571
64	36	147.145234375	148.316666666667
63	37	147.14496031746	148.311621621622
62	38	147.163830645161	148.315657894737
61	39	147.134549180328	148.331794871795
60	40	147.146791666667	148.3225
59	41	147.134872881356	148.323231707317
58	42	147.140043103448	148.341666666667
57	43	147.153289473684	148.336976744186
56	44	147.147544642857	148.341306818182
55	45	147.150590909091	148.332333333333
54	46	147.175925925926	148.349130434783
53	47	147.158443396226	148.338829787234
52	48	147.144807692308	148.35265625
51	49	147.148823529412	148.361887755102
50	50	147.1547	148.3586
49	51	147.160918367347	148.351960784314
48	52	147.184947916667	148.352403846154
47	53	147.147925531915	148.363962264151
46	54	147.188260869565	148.377083333333
45	55	147.168222222222	148.370090909091
44	56	147.147159090909	148.383794642857
43	57	147.200290697674	148.39052631579
42	58	147.147678571429	148.380431034483
41	59	147.170609756098	148.384788135593
40	60	147.202125	148.377208333333
39	61	147.189551282051	148.385983606557
38	62	147.191644736842	148.385927419355
37	63	147.217972972973	148.396031746032
36	64	147.192638888889	148.383203125
35	65	147.193214285714	148.401961538461
34	66	147.209117647059	148.407840909091
33	67	147.235984848485	148.401791044776
32	68	147.18125	148.392867647059
31	69	147.211209677419	148.404637681159
30	70	147.197416666667	148.41275
29	71	147.188793103448	148.414753521127
28	72	147.220982142857	148.411875
27	73	147.236111111111	148.420582191781
26	74	147.232211538462	148.426385135135
25	75	147.2516	148.430366666667
24	76	147.254791666667	148.428322368421
23	77	147.24097826087	148.436720779221
22	78	147.25	148.435256410256
21	79	147.232261904762	148.440221518987
20	80	147.234875	148.43765625
19	81	147.243684210526	148.440648148148
18	82	147.215555555556	148.451829268293
17	83	147.265294117647	148.447138554217
16	84	147.2484375	148.454523809524
15	85	147.254666666667	148.4565
14	86	147.291428571429	148.458953488372
13	87	147.268846153846	148.458534482759
12	88	147.300208333333	148.467613636364
11	89	147.2575	148.467612359551
10	90	147.26375	148.475833333333
9	91	147.286111111111	148.469203296703
8	92	147.26875	148.47902173913
7	93	147.286428571429	148.480268817204
6	94	147.292083333333	148.483457446808
5	95	147.307	148.484921052632
4	96	147.27875	148.490677083333
3	97	147.25	148.491804123711
2	98	147.3225	148.493137755102
1	99	147.3225	148.497373737374
0	100	0	148.5
