num_of_TFT_with_trembling_hand	num_of_shame_driven_denying	average_fitness_of_TFT_with_trembling_hand	average_fitness_of_shame_driven_denying
100	0	147.02975	0
99	1	147.003383838384	146.7275
98	2	147.015433673469	146.71125
97	3	146.978453608247	146.686666666667
96	4	146.987135416667	146.766875
95	5	146.978605263158	146.643
94	6	146.976462765958	146.6525
93	7	146.962956989247	146.701428571429
92	8	146.923097826087	146.635
91	9	146.927967032967	146.62
90	10	146.911555555556	146.6705
89	11	146.917134831461	146.637954545455
88	12	146.902613636364	146.633333333333
87	13	146.885833333333	146.630961538462
86	14	146.869680232558	146.586428571429
85	15	146.844323529412	146.6115
84	16	146.828482142857	146.618125
83	17	146.804759036145	146.544411764706
82	18	146.830243902439	146.572222222222
81	19	146.809197530864	146.554342105263
80	20	146.78384375	146.53825
79	21	146.802310126582	146.534166666667
78	22	146.766121794872	146.465227272727
77	23	146.747792207792	146.523043478261
76	24	146.764309210526	146.4109375
75	25	146.722433333333	146.5242
74	26	146.719864864865	146.497307692308
73	27	146.716643835616	146.430740740741
72	28	146.6628125	146.383035714286
71	29	146.699788732394	146.415
70	30	146.681642857143	146.398583333333
69	31	146.654239130435	146.36935483871
68	32	146.656286764706	146.39609375
67	33	146.648097014925	146.379242424242
66	34	146.664128787879	146.324191176471
65	35	146.643153846154	146.3475
64	36	146.5794921875	146.331527777778
63	37	146.589801587302	146.378445945946
62	38	146.579475806452	146.300263157895
61	39	146.545532786885	146.295897435897
60	40	146.564	146.3225
59	41	146.568516949153	146.26493902439
58	42	146.540517241379	146.247678571429
57	43	146.52298245614	146.291802325581
56	44	146.520044642857	146.193068181818
55	45	146.465636363636	146.294888888889
54	46	146.505740740741	146.20375
53	47	146.451037735849	146.19670212766
52	48	146.443461538462	146.240520833333
51	49	146.477647058823	146.194693877551
50	50	146.4469	146.12735
49	51	146.429132653061	146.16112745098
48	52	146.439583333333	146.141778846154
47	53	146.374042553191	146.144198113208
46	54	146.391141304348	146.127916666667
45	55	146.396222222222	146.176727272727
44	56	146.367045454545	146.120892857143
43	57	146.354825581395	146.063201754386
42	58	146.318809523809	146.088965517241
41	59	146.304512195122	146.081313559322
40	60	146.331125	146.027666666667
39	61	146.302948717949	146.032295081967
38	62	146.342236842105	146.064838709677
37	63	146.268243243243	145.986547619048
36	64	146.303888888889	145.99546875
35	65	146.257857142857	145.990461538462
34	66	146.253308823529	145.947159090909
33	67	146.228106060606	145.970597014925
32	68	146.19671875	145.947977941176
31	69	146.21064516129	145.958695652174
30	70	146.203	145.945571428571
29	71	146.173362068966	145.92264084507
28	72	146.158392857143	145.906284722222
27	73	146.176111111111	145.933424657534
26	74	146.112980769231	145.888074324324
25	75	146.1226	145.866433333333
24	76	146.148541666667	145.8575
23	77	146.141739130435	145.854318181818
22	78	146.107272727273	145.826923076923
21	79	146.078452380952	145.842816455696
20	80	146.064375	145.85303125
19	81	146.057105263158	145.812654320988
18	82	146.056527777778	145.781219512195
17	83	146.034117647059	145.791506024096
16	84	146.0190625	145.740267857143
15	85	146.062833333333	145.739088235294
14	86	145.987857142857	145.713662790698
13	87	146.007884615385	145.740718390805
12	88	145.944791666667	145.696335227273
11	89	146.033409090909	145.706095505618
10	90	145.8945	145.680555555556
9	91	145.996944444444	145.676428571429
8	92	145.9096875	145.684483695652
7	93	145.823571428571	145.691048387097
6	94	145.839583333333	145.646569148936
5	95	145.8045	145.623868421053
4	96	145.926875	145.6090625
3	97	145.8225	145.611597938144
2	98	145.82125	145.566862244898
1	99	145.965	145.571388888889
0	100	0	145.535
