num_of_tit_for_tat	num_of_TFT_with_trembling_hand	average_fitness_of_tit_for_tat	average_fitness_of_TFT_with_trembling_hand
100	0	150	0
99	1	149.97797979798	149.21
98	2	149.956607142857	149.2775
97	3	149.929639175258	149.296666666667
96	4	149.909739583333	149.233125
95	5	149.874210526316	149.153
94	6	149.868510638298	149.1975
93	7	149.843198924731	149.12
92	8	149.818451086956	149.123125
91	9	149.790851648352	149.1325
90	10	149.764305555556	149.087
89	11	149.749606741573	149.073181818182
88	12	149.722329545454	149.006458333333
87	13	149.690114942529	148.993461538462
86	14	149.674825581395	148.980892857143
85	15	149.666176470588	148.939833333333
84	16	149.632857142857	148.96328125
83	17	149.600030120482	148.932352941177
82	18	149.576707317073	148.887083333333
81	19	149.563950617284	148.883421052632
80	20	149.56025	148.836
79	21	149.525917721519	148.851666666667
78	22	149.49266025641	148.794318181818
77	23	149.467532467532	148.827173913043
76	24	149.439539473684	148.703020833333
75	25	149.437666666667	148.7372
74	26	149.406351351351	148.671634615385
73	27	149.364246575342	148.709814814815
72	28	149.361597222222	148.662767857143
71	29	149.329542253521	148.636465517241
70	30	149.320142857143	148.592416666667
69	31	149.287934782609	148.601370967742
68	32	149.266544117647	148.62609375
67	33	149.247350746269	148.590303030303
66	34	149.225113636364	148.543308823529
65	35	149.206423076923	148.537071428571
64	36	149.1808984375	148.483402777778
63	37	149.148849206349	148.475067567567
62	38	149.1175	148.477828947368
61	39	149.089508196721	148.389102564103
60	40	149.086875	148.4001875
59	41	149.05436440678	148.37743902439
58	42	149.040172413793	148.333869047619
57	43	149.027807017544	148.320290697674
56	44	148.992633928571	148.296079545455
55	45	148.964181818182	148.283833333333
54	46	148.950185185185	148.257554347826
53	47	148.907028301887	148.248670212766
52	48	148.916682692308	148.199375
51	49	148.881862745098	148.178979591837
50	50	148.87125	148.161
49	51	148.835510204082	148.149656862745
48	52	148.801041666667	148.116201923077
47	53	148.783670212766	148.078679245283
46	54	148.770652173913	148.100416666667
45	55	148.704333333333	148.043045454545
44	56	148.704261363636	148.034598214286
43	57	148.716744186047	148.020745614035
42	58	148.662976190476	148.000215517241
41	59	148.643170731707	147.960847457627
40	60	148.631375	147.962166666667
39	61	148.607948717949	147.925942622951
38	62	148.578815789474	147.901572580645
37	63	148.540067567568	147.887777777778
36	64	148.56	147.8447265625
35	65	148.527071428571	147.830884615385
34	66	148.487573529412	147.800984848485
33	67	148.46303030303	147.770111940299
32	68	148.453515625	147.767242647059
31	69	148.41564516129	147.728804347826
30	70	148.375333333333	147.712428571429
29	71	148.352327586207	147.686197183099
28	72	148.370357142857	147.688680555556
27	73	148.336111111111	147.65397260274
26	74	148.297980769231	147.639695945946
25	75	148.2547	147.594766666667
24	76	148.235520833333	147.577006578947
23	77	148.275869565217	147.540681818182
22	78	148.196931818182	147.521826923077
21	79	148.1875	147.501265822785
20	80	148.134625	147.4874375
19	81	148.155	147.457438271605
18	82	148.124166666667	147.424115853659
17	83	148.075441176471	147.413885542169
16	84	148.06546875	147.424077380952
15	85	148.055166666667	147.381470588235
14	86	147.982857142857	147.35636627907
13	87	148.002692307692	147.317787356322
12	88	148.031458333333	147.307670454546
11	89	147.922727272727	147.27595505618
10	90	147.913	147.260555555556
9	91	147.910555555556	147.237857142857
8	92	147.89125	147.230081521739
7	93	147.942857142857	147.198306451613
6	94	147.842916666667	147.173882978723
5	95	147.8255	147.139421052632
4	96	147.78875	147.122109375
3	97	147.789166666667	147.101159793814
2	98	147.7475	147.070790816327
1	99	147.73	147.040378787879
0	100	0	147.047875
