num_of_tit_for_tat	num_of_Pavlov	average_fitness_of_tit_for_tat	average_fitness_of_Pavlov
100	0	150	0
99	1	149.9675	135.92
98	2	149.935153061225	134.37375
97	3	149.909536082474	133.963333333333
96	4	149.880078125	133.605
95	5	149.845526315789	133.423
94	6	149.815319148936	133.275833333333
93	7	149.781639784946	133.393571428571
92	8	149.753695652174	133.94375
91	9	149.735796703297	133.853611111111
90	10	149.696694444444	133.85275
89	11	149.674943820225	133.800227272727
88	12	149.643806818182	133.029375
87	13	149.616005747126	133.816730769231
86	14	149.563982558139	132.883928571428
85	15	149.564882352941	133.130333333333
84	16	149.529196428571	132.551875
83	17	149.48906626506	132.784411764706
82	18	149.456402439024	132.502777777778
81	19	149.438827160494	133.201052631579
80	20	149.3933125	132.3635
79	21	149.366550632911	132.445238095238
78	22	149.315032051282	132.508636363636
77	23	149.317564935065	132.511630434783
76	24	149.278059210526	132.230729166667
75	25	149.229266666667	132.1804
74	26	149.229695945946	132.331057692308
73	27	149.178698630137	132.190462962963
72	28	149.170729166667	132.165892857143
71	29	149.147676056338	132.115431034483
70	30	149.096428571429	132.15175
69	31	149.07036231884	131.253870967742
68	32	149.039007352941	131.674296875
67	33	149.010708955224	131.920227272727
66	34	148.969166666667	131.743897058824
65	35	148.9385	131.851214285714
64	36	148.916328125	131.187986111111
63	37	148.883888888889	131.5075
62	38	148.856370967742	131.123092105263
61	39	148.842090163934	131.038269230769
60	40	148.829458333333	131.098375
59	41	148.798940677966	131.166341463415
58	42	148.723620689655	131.047083333333
57	43	148.690219298246	131.068430232558
56	44	148.691116071429	130.975397727273
55	45	148.665409090909	130.697722222222
54	46	148.632777777778	130.727608695652
53	47	148.571603773585	130.579574468085
52	48	148.551298076923	130.816302083333
51	49	148.529215686274	130.724744897959
50	50	148.5104	130.95645
49	51	148.464846938775	130.261568627451
48	52	148.437708333333	130.306490384615
47	53	148.421968085106	130.550235849057
46	54	148.388097826087	130.347314814815
45	55	148.337777777778	130.346954545455
44	56	148.283125	130.215446428571
43	57	148.283081395349	129.867280701754
42	58	148.242678571429	130.073275862069
41	59	148.19987804878	130.018559322034
40	60	148.162125	130.379208333333
39	61	148.190384615385	130.212827868852
38	62	148.15572368421	130.092298387097
37	63	148.083851351351	129.738888888889
36	64	148.049375	129.69859375
35	65	148.022214285714	129.658692307692
34	66	148.007867647059	129.771401515151
33	67	147.994015151515	129.524253731343
32	68	147.93828125	129.402389705882
31	69	147.935564516129	129.488876811594
30	70	147.880333333333	129.162785714286
29	71	147.840172413793	129.377007042254
28	72	147.848839285714	129.141041666667
27	73	147.796481481482	129.406780821918
26	74	147.791634615385	129.127027027027
25	75	147.7383	129.120633333333
24	76	147.738229166667	128.968486842105
23	77	147.687065217391	129.052207792208
22	78	147.648863636364	128.930192307692
21	79	147.602261904762	128.739367088608
20	80	147.585125	128.54659375
19	81	147.564736842105	129.030432098765
18	82	147.526388888889	128.737652439024
17	83	147.556617647059	128.587560240964
16	84	147.48921875	128.711964285714
15	85	147.425166666667	128.547852941176
14	86	147.40125	128.350319767442
13	87	147.356346153846	128.401810344828
12	88	147.374166666667	128.2659375
11	89	147.367045454545	128.166348314607
10	90	147.278	128.203555555556
9	91	147.276944444444	128.164313186813
8	92	147.2165625	128.239565217391
7	93	147.198214285714	128.056801075269
6	94	147.102916666667	128.157978723404
5	95	147.088	127.966973684211
4	96	147.10875	127.969140625
3	97	147.036666666667	127.88074742268
2	98	146.995	127.93
1	99	146.9425	127.703813131313
0	100	0	127.559175
