num_of_tit_for_tat	num_of_shame_driven_denying	average_fitness_of_tit_for_tat	average_fitness_of_shame_driven_denying
100	0	150	0
99	1	149.963232323232	148.9925
98	2	149.931658163265	149.04625
97	3	149.899613402062	148.966666666667
96	4	149.86234375	148.833125
95	5	149.831289473684	148.9395
94	6	149.779069148936	148.822083333333
93	7	149.760510752688	148.7675
92	8	149.719266304348	148.8365625
91	9	149.681318681319	148.811111111111
90	10	149.652388888889	148.64725
89	11	149.606573033708	148.613863636364
88	12	149.584744318182	148.650833333333
87	13	149.55367816092	148.525769230769
86	14	149.488284883721	148.553392857143
85	15	149.454558823529	148.5535
84	16	149.458988095238	148.50328125
83	17	149.402108433735	148.432352941176
82	18	149.364268292683	148.43
81	19	149.327592592593	148.392894736842
80	20	149.28553125	148.428375
79	21	149.269525316456	148.336547619048
78	22	149.222820512821	148.272613636364
77	23	149.195422077922	148.238369565217
76	24	149.178355263158	148.126354166667
75	25	149.107233333333	148.1682
74	26	149.070067567568	148.159615384615
73	27	149.062979452055	148.106944444444
72	28	149.013888888889	148.013571428571
71	29	148.962042253521	147.96775862069
70	30	148.936321428571	147.994333333333
69	31	148.938514492754	147.947661290323
68	32	148.866654411765	147.951328125
67	33	148.833395522388	147.892954545455
66	34	148.793977272727	147.788602941176
65	35	148.800846153846	147.851785714286
64	36	148.7410546875	147.79
63	37	148.683174603175	147.746013513513
62	38	148.647217741935	147.751184210526
61	39	148.65012295082	147.698653846154
60	40	148.576333333333	147.6958125
59	41	148.578305084746	147.580121951219
58	42	148.506681034483	147.487380952381
57	43	148.477543859649	147.526802325581
56	44	148.427410714286	147.493693181818
55	45	148.424318181818	147.462444444444
54	46	148.387175925926	147.452119565218
53	47	148.334575471698	147.378138297872
52	48	148.317451923077	147.357708333333
51	49	148.236666666667	147.369948979592
50	50	148.21305	147.28975
49	51	148.187806122449	147.296764705882
48	52	148.201979166667	147.209134615385
47	53	148.153670212766	147.192924528302
46	54	148.106413043478	147.161157407407
45	55	148.083777777778	147.088363636364
44	56	148.036306818182	147.027991071429
43	57	148.0125	147.015570175439
42	58	147.960119047619	147.0275
41	59	147.899817073171	146.977288135593
40	60	147.9008125	146.941875
39	61	147.853846153846	146.954262295082
38	62	147.854671052632	146.865483870968
37	63	147.762094594595	146.879563492063
36	64	147.774027777778	146.7843359375
35	65	147.668571428571	146.781692307692
34	66	147.659411764706	146.71053030303
33	67	147.643106060606	146.682201492537
32	68	147.57453125	146.709595588235
31	69	147.550403225806	146.671739130435
30	70	147.489083333333	146.579071428571
29	71	147.497155172414	146.609471830986
28	72	147.461517857143	146.521215277778
27	73	147.422685185185	146.477328767123
26	74	147.412788461539	146.453310810811
25	75	147.3499	146.424833333333
24	76	147.294791666667	146.398289473684
23	77	147.261956521739	146.34487012987
22	78	147.237954545454	146.279775641026
21	79	147.21869047619	146.302816455696
20	80	147.21925	146.2455625
19	81	147.138026315789	146.211512345679
18	82	147.099722222222	146.202347560976
17	83	147.095147058823	146.134277108434
16	84	147.044375	146.133511904762
15	85	147.070333333333	146.101558823529
14	86	146.936607142857	146.060988372093
13	87	146.900192307692	146.005545977011
12	88	146.82	145.951875
11	89	146.809545454545	145.930056179775
10	90	146.8575	145.929694444445
9	91	146.783055555556	145.876043956044
8	92	146.7540625	145.840923913043
7	93	146.740357142857	145.819327956989
6	94	146.719166666667	145.803111702128
5	95	146.6725	145.735710526316
4	96	146.589375	145.715677083333
3	97	146.613333333333	145.67956185567
2	98	146.5975	145.622908163265
1	99	146.6125	145.590303030303
0	100	0	145.58085
