num_of_tit_for_tat	num_of_shame_driven_hiding	average_fitness_of_tit_for_tat	average_fitness_of_shame_driven_hiding
100	0	150	0
99	1	149.981818181818	150.5
98	2	149.959387755102	150.49
97	3	149.939484536082	150.456666666667
96	4	149.918125	150.44
95	5	149.895052631579	150.428
94	6	149.876276595745	150.373333333333
93	7	149.861505376344	150.384285714286
92	8	149.843804347826	150.3525
91	9	149.815164835165	150.353333333333
90	10	149.796222222222	150.334
89	11	149.779213483146	150.306363636364
88	12	149.765	150.288333333333
87	13	149.741264367816	150.255384615385
86	14	149.726627906977	150.237857142857
85	15	149.687411764706	150.220666666667
84	16	149.672261904762	150.20125
83	17	149.66108433735	150.188235294118
82	18	149.643292682927	150.163888888889
81	19	149.625925925926	150.155789473684
80	20	149.60975	150.0975
79	21	149.577468354431	150.110952380952
78	22	149.554615384615	150.071363636364
77	23	149.537532467532	150.044782608696
76	24	149.523684210526	150.02625
75	25	149.4888	150.0384
74	26	149.483648648649	150.013076923077
73	27	149.44095890411	149.976666666667
72	28	149.439444444444	149.944285714286
71	29	149.411126760563	149.957931034483
70	30	149.403142857143	149.909666666667
69	31	149.387536231884	149.923870967742
68	32	149.350441176471	149.85625
67	33	149.332686567164	149.866666666667
66	34	149.329090909091	149.819411764706
65	35	149.3	149.811142857143
64	36	149.2753125	149.792222222222
63	37	149.233015873016	149.787297297297
62	38	149.23435483871	149.757894736842
61	39	149.219344262295	149.716153846154
60	40	149.182	149.714
59	41	149.171355932203	149.700487804878
58	42	149.160344827586	149.687619047619
57	43	149.15350877193	149.640697674419
56	44	149.124107142857	149.641136363636
55	45	149.095454545455	149.623555555556
54	46	149.070185185185	149.584565217391
53	47	149.05358490566	149.57914893617
52	48	149.033461538461	149.570833333333
51	49	149.012156862745	149.543673469388
50	50	149.0038	149.5174
49	51	148.967755102041	149.480392156863
48	52	148.962916666667	149.469807692308
47	53	148.942340425532	149.465471698113
46	54	148.913695652174	149.425185185185
45	55	148.896222222222	149.409090909091
44	56	148.871590909091	149.382678571429
43	57	148.851860465116	149.384385964912
42	58	148.845	149.357931034483
41	59	148.831707317073	149.342881355932
40	60	148.787	149.301
39	61	148.770256410256	149.275245901639
38	62	148.754736842105	149.275
37	63	148.707027027027	149.26126984127
36	64	148.713611111111	149.2290625
35	65	148.706571428571	149.211538461538
34	66	148.663529411765	149.190606060606
33	67	148.648181818182	149.16776119403
32	68	148.6146875	149.148970588235
31	69	148.616129032258	149.117246376812
30	70	148.597	149.107
29	71	148.569655172414	149.08323943662
28	72	148.516428571429	149.061944444444
27	73	148.531481481481	149.065616438356
26	74	148.528076923077	149.030810810811
25	75	148.478	149.0084
24	76	148.470833333333	148.983421052632
23	77	148.45347826087	148.954935064935
22	78	148.417272727273	148.948076923077
21	79	148.395238095238	148.927721518987
20	80	148.3655	148.90275
19	81	148.363684210526	148.894938271605
18	82	148.363888888889	148.86012195122
17	83	148.334705882353	148.842530120482
16	84	148.303125	148.842023809524
15	85	148.271333333333	148.801294117647
14	86	148.281428571429	148.789186046512
13	87	148.231538461538	148.75816091954
12	88	148.2025	148.746590909091
11	89	148.225454545455	148.716966292135
10	90	148.166	148.712111111111
9	91	148.152222222222	148.683296703297
8	92	148.1425	148.661956521739
7	93	148.131428571428	148.642795698925
6	94	148.096666666667	148.626276595745
5	95	148.084	148.602421052632
4	96	148.0575	148.586770833333
3	97	148.04	148.55969072165
2	98	148.015	148.541224489796
1	99	148	148.521313131313
0	100	0	148.5
