num_of_tit_for_tat	num_of_guilt_driven_amending	average_fitness_of_tit_for_tat	average_fitness_of_guilt_driven_amending
100	0	150	0
99	1	149.983762626263	149.33
98	2	149.964362244898	149.3275
97	3	149.947886597938	149.364166666667
96	4	149.928828125	149.29
95	5	149.914947368421	149.2885
94	6	149.889707446808	149.292916666667
93	7	149.885268817204	149.254642857143
92	8	149.854755434783	149.2396875
91	9	149.841593406593	149.243055555556
90	10	149.828555555556	149.261
89	11	149.803426966292	149.18
88	12	149.796477272727	149.133125
87	13	149.781091954023	149.149615384615
86	14	149.755494186047	149.13375
85	15	149.730852941177	149.1555
84	16	149.713214285714	149.11890625
83	17	149.702981927711	149.100147058824
82	18	149.690548780488	149.052638888889
81	19	149.680895061728	149.059342105263
80	20	149.6628125	149.05
79	21	149.643702531646	149.009761904762
78	22	149.623044871795	148.989318181818
77	23	149.614383116883	148.990108695652
76	24	149.582861842105	148.969583333333
75	25	149.5555	148.9512
74	26	149.560371621622	148.948557692308
73	27	149.545308219178	148.910740740741
72	28	149.514722222222	148.929821428571
71	29	149.495	148.905172413793
70	30	149.479142857143	148.853333333333
69	31	149.451775362319	148.870806451613
68	32	149.452941176471	148.7965625
67	33	149.421753731343	148.811287878788
66	34	149.401818181818	148.805588235294
65	35	149.396153846154	148.773785714286
64	36	149.376171875	148.784930555556
63	37	149.360396825397	148.741756756757
62	38	149.346733870968	148.729342105263
61	39	149.336803278688	148.703076923077
60	40	149.306041666667	148.678375
59	41	149.29906779661	148.703170731707
58	42	149.274612068965	148.646488095238
57	43	149.268070175439	148.611220930232
56	44	149.242544642857	148.631988636364
55	45	149.216409090909	148.603888888889
54	46	149.202083333333	148.568804347826
53	47	149.204905660377	148.578457446809
52	48	149.166057692308	148.586666666667
51	49	149.156323529412	148.524795918367
50	50	149.14345	148.54245
49	51	149.125714285714	148.510588235294
48	52	149.099010416667	148.463701923077
47	53	149.085265957447	148.472311320755
46	54	149.068206521739	148.46712962963
45	55	149.044111111111	148.414545454546
44	56	149.039772727273	148.410803571429
43	57	149.03761627907	148.408552631579
42	58	148.986785714286	148.387715517241
41	59	148.986707317073	148.363220338983
40	60	148.952875	148.349
39	61	148.95858974359	148.306844262295
38	62	148.927894736842	148.323951612903
37	63	148.914054054054	148.291825396825
36	64	148.902569444444	148.3001171875
35	65	148.872785714286	148.275384615385
34	66	148.864632352941	148.241174242424
33	67	148.839166666667	148.227425373134
32	68	148.833203125	148.215992647059
31	69	148.812419354839	148.220036231884
30	70	148.785833333333	148.184071428571
29	71	148.769655172414	148.154507042254
28	72	148.779464285714	148.143784722222
27	73	148.743425925926	148.139178082192
26	74	148.727596153846	148.122668918919
25	75	148.7053	148.107366666667
24	76	148.6659375	148.087960526316
23	77	148.668260869565	148.058279220779
22	78	148.668863636364	148.05108974359
21	79	148.643214285714	148.020506329114
20	80	148.626	148.022375
19	81	148.593157894737	147.984104938272
18	82	148.570833333333	147.989695121951
17	83	148.575441176471	147.954518072289
16	84	148.53765625	147.932380952381
15	85	148.5265	147.924
14	86	148.49375	147.898110465116
13	87	148.521730769231	147.897816091954
12	88	148.475208333333	147.890284090909
11	89	148.472954545455	147.843792134832
10	90	148.4625	147.844694444444
9	91	148.423055555556	147.828406593407
8	92	148.4328125	147.807255434783
7	93	148.389642857143	147.808440860215
6	94	148.373333333333	147.768936170213
5	95	148.357	147.757184210526
4	96	148.33875	147.748515625
3	97	148.3375	147.717783505155
2	98	148.325	147.699693877551
1	99	148.2925	147.683535353535
0	100	0	147.6768
