num_of_generous_TFT	num_of_guilt_driven_amending	average_fitness_of_generous_TFT	average_fitness_of_guilt_driven_amending
50	0	150	0
49	1	149.823469387755	150.7325
48	2	149.62234375	150.34625
47	3	149.420372340426	150.141666666667
46	4	149.235760869565	149.818125
45	5	149.056277777778	149.675
44	6	148.852954545455	149.216666666667
43	7	148.662325581395	149.14
42	8	148.478154761905	148.8325
41	9	148.324695121951	148.603888888889
40	10	148.0969375	148.278
39	11	147.924038461538	148.0125
38	12	147.711842105263	147.808541666667
37	13	147.594662162162	147.4475
36	14	147.369166666667	147.288214285714
35	15	147.156857142857	147.017833333333
34	16	146.987279411765	146.70671875
33	17	146.776666666667	146.482647058824
32	18	146.615234375	146.194305555556
31	19	146.485564516129	145.913026315789
30	20	146.23575	145.628625
29	21	146.018965517241	145.450476190476
28	22	145.887589285714	145.146931818182
27	23	145.641666666667	144.984130434783
26	24	145.407115384615	144.665833333333
25	25	145.2973	144.3823
24	26	145.085729166667	144.125769230769
23	27	144.916304347826	143.888981481481
22	28	144.760568181818	143.585089285714
21	29	144.529761904762	143.358189655172
20	30	144.375	143.08675
19	31	144.17052631579	142.802903225806
18	32	143.980833333333	142.617734375
17	33	143.726176470588	142.306287878788
16	34	143.57359375	142.143676470588
15	35	143.4325	141.770571428571
14	36	143.25375	141.608263888889
13	37	143.067692307692	141.320472972973
12	38	142.867916666667	141.048486842105
11	39	142.704090909091	140.757307692308
10	40	142.4435	140.5001875
9	41	142.295555555556	140.246097560976
8	42	142.12375	139.985595238095
7	43	141.92	139.709069767442
6	44	141.754583333333	139.439318181818
5	45	141.4885	139.202833333333
4	46	141.373125	138.967445652174
3	47	141.175	138.682659574468
2	48	140.93125	138.394166666667
1	49	140.84	138.159795918367
0	50	0	137.8897
