num_of_generous_TFT	num_of_Pavlov	average_fitness_of_generous_TFT	average_fitness_of_Pavlov
50	0	150	0
49	1	149.537295918367	157.7625
48	2	149.096666666667	157.21375
47	3	148.653989361702	155.959166666667
46	4	148.211467391304	154.566875
45	5	147.743666666667	153.7385
44	6	147.311647727273	152.553333333333
43	7	146.936337209302	151.356785714286
42	8	146.385119047619	150.0734375
41	9	145.873597560976	149.166388888889
40	10	145.53725	148.1475
39	11	145.164294871795	147.050454545455
38	12	144.484802631579	145.585833333333
37	13	144.2025	144.606538461538
36	14	143.715208333333	143.347678571429
35	15	143.291714285714	142.386666666667
34	16	142.814558823529	141.02828125
33	17	142.411742424242	139.792205882353
32	18	141.816015625	138.651944444444
31	19	141.514112903226	137.558815789474
30	20	140.776083333333	136.411625
29	21	140.566379310345	135.013690476191
28	22	140.138482142857	133.917272727273
27	23	139.676481481481	132.678586956522
26	24	139.078076923077	131.742604166667
25	25	138.8963	130.3271
24	26	138.428229166667	129.122403846154
23	27	137.881086956522	127.934722222222
22	28	137.430227272727	126.753928571429
21	29	136.870595238095	125.507327586207
20	30	136.469375	124.344916666667
19	31	136.327763157895	123.028387096774
18	32	135.368333333333	122.221328125
17	33	135.108235294118	120.858409090909
16	34	134.54765625	119.783382352941
15	35	134.077333333333	118.403785714286
14	36	133.758571428571	117.184166666667
13	37	133.218076923077	115.812972972973
12	38	133.013125	114.838092105263
11	39	132.482272727273	113.551602564103
10	40	131.76975	112.332375
9	41	131.234444444444	111.092682926829
8	42	131.2778125	109.934583333333
7	43	130.711071428571	108.631104651163
6	44	129.925	107.688068181818
5	45	129.738	106.096055555556
4	46	129.1925	104.85972826087
3	47	128.894166666667	103.768244680851
2	48	128.50125	102.594947916667
1	49	127.8575	101.2675
0	50	0	99.91125
