num_of_generous_TFT	num_of_shame_driven_denying	average_fitness_of_generous_TFT	average_fitness_of_shame_driven_denying
50	0	150	0
49	1	149.414948979592	152.2425
48	2	148.943072916667	151.4775
47	3	148.378244680851	150.756666666667
46	4	147.793260869565	150.269375
45	5	147.266111111111	149.45
44	6	146.716704545455	148.642083333333
43	7	146.086511627907	147.985
42	8	145.624523809524	147.21
41	9	145.064207317073	146.705277777778
40	10	144.44175	145.95475
39	11	144.030256410256	145.016818181818
38	12	143.471907894737	144.753541666667
37	13	142.977972972973	143.99
36	14	142.322361111111	143.303392857143
35	15	141.575357142857	142.429
34	16	141.13625	141.8709375
33	17	140.574848484849	141.121029411765
32	18	140.131484375	140.512638888889
31	19	139.453387096774	139.686842105263
30	20	139.025	138.92675
29	21	138.419137931034	138.167380952381
28	22	137.809285714286	137.496363636364
27	23	137.407037037037	136.629782608696
26	24	136.822788461538	136.287291666667
25	25	136.041	135.5988
24	26	135.714895833333	134.715673076923
23	27	135.098695652174	134.056574074074
22	28	134.500795454545	133.425714285714
21	29	133.855119047619	132.763965517241
20	30	133.1035	132.02225
19	31	132.825789473684	131.29185483871
18	32	132.309861111111	130.50953125
17	33	131.836764705882	129.760303030303
16	34	131.18140625	129.099632352941
15	35	130.615666666667	128.653857142857
14	36	130.071964285714	127.744930555556
13	37	129.482307692308	127.27054054054
12	38	129.085833333333	126.333815789474
11	39	128.759090909091	125.886923076923
10	40	127.86875	125.018625
9	41	127.231388888889	124.196219512195
8	42	126.9328125	123.671547619048
7	43	126.178571428571	122.933313953488
6	44	126.20125	122.331704545455
5	45	125.0685	121.393722222222
4	46	124.69	120.925760869565
3	47	124.093333333333	120.209840425532
2	48	123.72375	119.361822916667
1	49	123.2925	118.670408163265
0	50	0	118.08845
