num_of_generous_TFT	num_of_tit_for_tat	average_fitness_of_generous_TFT	average_fitness_of_tit_for_tat
50	0	100	0
49	1	100	100
48	2	100	100
47	3	100	100
46	4	100	100
45	5	100	100
44	6	100	100
43	7	100	100
42	8	100	100
41	9	100	100
40	10	100	100
39	11	100	100
38	12	100	100
37	13	100	100
36	14	100	100
35	15	100	100
34	16	100	100
33	17	100	100
32	18	100	100
31	19	100	100
30	20	100	100
29	21	100	100
28	22	100	100
27	23	100	100
26	24	100	100
25	25	100	100
24	26	100	100
23	27	100	100
22	28	100	100
21	29	100	100
20	30	100	100
19	31	100	100
18	32	100	100
17	33	100	100
16	34	100	100
15	35	100	100
14	36	100	100
13	37	100	100
12	38	100	100
11	39	100	100
10	40	100	100
9	41	100	100
8	42	100	100
7	43	100	100
6	44	100	100
5	45	100	100
4	46	100	100
3	47	100	100
2	48	100	100
1	49	100	100
0	50	0	100
