num_of_generous_TFT	num_of_shame_driven_denying	average_fitness_of_generous_TFT	average_fitness_of_shame_driven_denying
50	0	100	0
49	1	99.8970408163265	101.185
48	2	99.7938541666667	100.8
47	3	99.7078723404256	100.725
46	4	99.5988043478261	100.63
45	5	99.477	100.587
44	6	99.395	100.358333333333
43	7	99.2817441860466	100.148571428571
42	8	99.1826190476191	100.2075
41	9	99.1231707317073	100.013888888889
40	10	98.95025	99.929
39	11	98.8928205128205	99.7990909090909
38	12	98.7375	99.5520833333333
37	13	98.6	99.4723076923076
36	14	98.4930555555555	99.435
35	15	98.4901428571429	99.2966666666667
34	16	98.3722058823529	99.2171875
33	17	98.2866666666666	99.0350000000001
32	18	98.1425	98.8552777777778
31	19	97.9832258064517	98.8431578947368
30	20	97.951	98.603
29	21	97.9093103448276	98.6090476190477
28	22	97.775	98.4604545454545
27	23	97.6503703703703	98.3682608695652
26	24	97.5721153846154	98.1706250000001
25	25	97.5288	98.1169999999999
24	26	97.3460416666667	97.9415384615384
23	27	97.3323913043478	97.9272222222222
22	28	97.1777272727273	97.7030357142857
21	29	96.9590476190476	97.6058620689655
20	30	97.04875	97.4943333333333
19	31	96.8436842105263	97.3645161290322
18	32	96.8372222222222	97.24421875
17	33	96.6582352941176	97.1642424242424
16	34	96.4490625	96.9473529411765
15	35	96.5196666666666	96.8675714285714
14	36	96.3103571428572	96.8079166666667
13	37	96.2084615384615	96.6427027027027
12	38	96.0679166666667	96.5598684210526
11	39	96.0595454545455	96.4223076923077
10	40	95.8704999999999	96.282875
9	41	95.81	96.1813414634146
8	42	95.76875	96.0476190476191
7	43	95.6028571428571	95.9472093023255
6	44	95.5650000000001	95.8473863636363
5	45	95.487	95.6614444444444
4	46	95.17	95.5496739130435
3	47	95.3616666666667	95.4632978723404
2	48	94.9175	95.3210416666667
1	49	94.58	95.2089795918367
0	50	0	95.0887
