num_of_generous_TFT	num_of_shame_driven_hiding	average_fitness_of_generous_TFT	average_fitness_of_shame_driven_hiding
50	0	100	0
49	1	99.9591836734693	101
48	2	99.9229166666666	100.95
47	3	99.8774468085106	100.916666666667
46	4	99.8380434782608	100.885
45	5	99.8022222222222	100.868
44	6	99.7675000000001	100.805
43	7	99.7223255813954	100.775714285714
42	8	99.6716666666667	100.70375
41	9	99.6404878048782	100.666666666667
40	10	99.6015	100.614
39	11	99.5417948717949	100.586363636364
38	12	99.4921052631579	100.561666666667
37	13	99.4551351351351	100.498461538462
36	14	99.4486111111111	100.493571428571
35	15	99.4068571428571	100.415333333333
34	16	99.34	100.3775
33	17	99.3078787878787	100.33
32	18	99.2503125	100.296111111111
31	19	99.2190322580645	100.263157894737
30	20	99.1893333333333	100.2245
29	21	99.143448275862	100.205238095238
28	22	99.1064285714286	100.127272727273
27	23	99.0640740740741	100.117826086957
26	24	99.0042307692308	100.059583333333
25	25	99.0004	100.0228
24	26	98.94375	99.983076923077
23	27	98.9034782608696	99.9355555555555
22	28	98.8809090909091	99.9021428571428
21	29	98.8190476190476	99.8675862068966
20	30	98.771	99.829
19	31	98.7442105263157	99.7854838709678
18	32	98.7027777777778	99.709375
17	33	98.654705882353	99.7209090909092
16	34	98.614375	99.6520588235294
15	35	98.5353333333334	99.6234285714286
14	36	98.5278571428572	99.5766666666666
13	37	98.4646153846154	99.5332432432433
12	38	98.455	99.5063157894736
11	39	98.3727272727273	99.4433333333333
10	40	98.365	99.4105
9	41	98.328888888889	99.3639024390243
8	42	98.26625	99.3309523809523
7	43	98.2371428571428	99.2900000000001
6	44	98.23	99.2340909090909
5	45	98.182	99.2082222222222
4	46	98.12	99.165652173913
3	47	98.1033333333333	99.1272340425532
2	48	98.055	99.0799999999999
1	49	98	99.0402040816328
0	50	0	99
