num_of_generous_TFT	num_of_TFT_with_trembling_hand	average_fitness_of_generous_TFT	average_fitness_of_TFT_with_trembling_hand
50	0	100	0
49	1	99.9580612244897	100.255
48	2	99.9176041666666	100.3025
47	3	99.8682978723405	100.24
46	4	99.8219565217392	100.1425
45	5	99.7761111111111	100.042
44	6	99.7373863636363	100.041666666667
43	7	99.6970930232558	99.975
42	8	99.6611904761904	99.938125
41	9	99.6162195121951	99.7833333333334
40	10	99.5525	99.7450000000001
39	11	99.5133333333333	99.7159090909091
38	12	99.4531578947369	99.6125
37	13	99.4258108108107	99.5626923076923
36	14	99.3999999999999	99.4732142857142
35	15	99.3332857142857	99.394
34	16	99.2916176470588	99.3384375
33	17	99.2478787878788	99.2591176470589
32	18	99.19484375	99.2366666666667
31	19	99.1579032258065	99.1821052631579
30	20	99.1105	99.03375
29	21	99.1029310344828	99.0066666666667
28	22	99.0153571428572	98.9404545454546
27	23	99.01	98.8247826086957
26	24	98.9376923076923	98.836875
25	25	98.898	98.7858
24	26	98.875	98.6638461538462
23	27	98.8067391304348	98.5677777777777
22	28	98.7863636363636	98.5841071428571
21	29	98.6947619047619	98.4331034482758
20	30	98.671	98.4073333333333
19	31	98.6405263157894	98.3491935483871
18	32	98.5869444444444	98.28734375
17	33	98.5582352941177	98.2110606060606
16	34	98.5125	98.1364705882353
15	35	98.4643333333334	98.0765714285714
14	36	98.4017857142857	98.0118055555556
13	37	98.3476923076923	97.8933783783784
12	38	98.2829166666667	97.8534210526316
11	39	98.3136363636364	97.7719230769231
10	40	98.243	97.7325
9	41	98.2061111111111	97.6374390243903
8	42	98.118125	97.5911904761905
7	43	98.0635714285714	97.5145348837209
6	44	98.06	97.4502272727273
5	45	98.001	97.4137777777778
4	46	97.925	97.3407608695652
3	47	97.9783333333333	97.2581914893617
2	48	97.855	97.160625
1	49	97.81	97.1045918367347
0	50	0	97.062
