num_of_generous_TFT	num_of_always_defect	average_fitness_of_generous_TFT	average_fitness_of_always_defect
50	0	100	0
49	1	96.6744897959183	125.12
48	2	93.4229166666668	121.535
47	3	90.0948936170213	119.156666666667
46	4	86.7703260869565	116.1375
45	5	83.3801111111111	113.87
44	6	80.1214772727273	111.885
43	7	76.886511627907	109.225714285714
42	8	73.5055952380952	106.28625
41	9	70.1874390243903	103.663333333333
40	10	66.9015	101.317
39	11	63.6361538461538	98.7363636363636
38	12	60.2475	96.2483333333334
37	13	56.9541891891892	93.7146153846154
36	14	53.6422222222222	91.24
35	15	50.3864285714286	88.496
34	16	47.0048529411765	86.3175
33	17	43.5680303030303	83.5405882352941
32	18	40.37421875	81.1255555555555
31	19	37.1404838709678	78.7063157894737
30	20	33.9445	75.9585
29	21	30.8020689655172	73.6695238095238
28	22	27.2757142857143	70.8845454545454
27	23	24.1125925925926	68.3973913043478
26	24	20.7338461538461	65.7154166666667
25	25	17.2274	63.2616
24	26	14.0875	60.9526923076923
23	27	10.8167391304348	58.0718518518519
22	28	7.50295454545454	55.8225
21	29	4.00166666666667	53.1810344827586
20	30	0.7565	50.5513333333333
19	31	-2.42105263157895	48.2635483870968
18	32	-5.72222222222222	45.5340625
17	33	-9.00794117647058	42.9981818181818
16	34	-12.4515625	40.7314705882353
15	35	-15.7883333333333	38.0962857142857
14	36	-19.0582142857143	35.1977777777778
13	37	-22.4626923076923	32.932972972973
12	38	-25.835	30.3960526315789
11	39	-28.8086363636364	27.9374358974359
10	40	-32.575	25.2335
9	41	-35.6266666666667	22.8604878048781
8	42	-39.04	20.2159523809524
7	43	-42.3742857142857	17.7332558139535
6	44	-45.4783333333333	15.2079545454545
5	45	-48.88	12.5986666666667
4	46	-52.17	10.1610869565217
3	47	-55.3133333333334	7.59574468085106
2	48	-58.78	5.04125
1	49	-61.745	2.54489795918367
0	50	0	0
