num_of_generous_TFT	num_of_guilt_driven_amending	average_fitness_of_generous_TFT	average_fitness_of_guilt_driven_amending
50	0	100	0
49	1	99.9705102040815	100.275
48	2	99.9355208333333	100.1725
47	3	99.8973404255319	100.206666666667
46	4	99.8653260869565	100.1825
45	5	99.8465555555556	100.108
44	6	99.81125	99.9991666666666
43	7	99.7663953488372	99.9857142857143
42	8	99.7346428571429	99.985
41	9	99.6893902439024	99.875
40	10	99.674125	99.861
39	11	99.6321794871795	99.8281818181819
38	12	99.6043421052631	99.7475
37	13	99.5785135135135	99.736923076923
36	14	99.5348611111112	99.6939285714286
35	15	99.5052857142857	99.653
34	16	99.4627941176471	99.63125
33	17	99.4372727272727	99.5923529411765
32	18	99.40109375	99.5797222222222
31	19	99.3667741935484	99.4913157894737
30	20	99.3195	99.4755
29	21	99.3027586206897	99.4183333333334
28	22	99.2648214285714	99.3909090909091
27	23	99.2477777777778	99.3536956521739
26	24	99.2048076923077	99.3358333333334
25	25	99.1712	99.2869999999999
24	26	99.1220833333333	99.2626923076924
23	27	99.1076086956522	99.2279629629629
22	28	99.0836363636364	99.14
21	29	99.0580952380952	99.1029310344828
20	30	99.0225	99.076
19	31	98.9771052631579	99.041129032258
18	32	98.955	99.00296875
17	33	98.9088235294118	98.9490909090909
16	34	98.88625	98.9269117647058
15	35	98.8616666666666	98.8837142857143
14	36	98.8228571428572	98.8268055555556
13	37	98.7673076923077	98.784054054054
12	38	98.7354166666666	98.738552631579
11	39	98.7	98.6957692307692
10	40	98.691	98.652875
9	41	98.6677777777778	98.6360975609756
8	42	98.611875	98.5889285714285
7	43	98.5778571428571	98.5403488372093
6	44	98.555	98.5414772727273
5	45	98.527	98.4762222222222
4	46	98.47875	98.435
3	47	98.4433333333333	98.3853191489362
2	48	98.4625	98.3354166666667
1	49	98.39	98.3090816326531
0	50	0	98.2881
