num_of_always_trembling	num_of_Pavlov	average_fitness_of_always_trembling	average_fitness_of_Pavlov
50	0	75.0818	0
49	1	75.1206632653061	75.34
48	2	75.3755208333333	75.245
47	3	75.9886170212766	75.3966666666666
46	4	76.1036413043478	75.704375
45	5	76.3063333333333	76.0825
44	6	76.7521022727273	76.5654166666667
43	7	76.9052325581395	76.4528571428571
42	8	77.2304166666666	76.8659375
41	9	77.7678658536585	77.6297222222222
40	10	77.9690625	77.60225
39	11	78.1765384615385	77.6756818181818
38	12	78.6432236842106	78.3891666666667
37	13	78.8953378378378	78.8142307692308
36	14	79.2913194444445	78.5603571428571
35	15	79.5882857142857	79.0481666666667
34	16	79.5229411764705	79.6140625
33	17	79.9997727272727	79.6529411764706
32	18	80.295546875	79.9090277777778
31	19	80.5865322580645	80.3522368421053
30	20	81.1145	80.73925
29	21	81.2173275862069	80.9172619047619
28	22	81.5390178571428	81.5318181818182
27	23	81.8375	81.2679347826087
26	24	81.9673076923077	81.6921875
25	25	82.5851	82.3586
24	26	82.85625	82.3725
23	27	82.9589130434783	82.7525
22	28	83.4135227272727	82.8491071428571
21	29	83.5110714285715	83.6268103448276
20	30	83.9235	83.639
19	31	84.1993421052632	83.8112096774193
18	32	84.7344444444445	84.379765625
17	33	84.7686764705882	84.3118181818181
16	34	85.01046875	84.9531617647059
15	35	85.1905	85.201
14	36	85.4858928571429	85.3546527777778
13	37	85.94	85.8006081081081
12	38	86.1160416666667	86.3411842105263
11	39	86.5813636363636	86.4819230769231
10	40	86.87675	86.7913749999999
9	41	87.0536111111111	86.9789634146341
8	42	87.7284375	87.4001785714286
7	43	88.0175	87.7123255813953
6	44	88.0941666666667	87.9150568181818
5	45	88.26	88.3723888888889
4	46	88.92	88.5633152173913
3	47	88.9833333333333	88.7685106382979
2	48	88.63875	88.9541666666667
1	49	90.1575	89.433775510204
0	50	0	89.6945
