num_of_always_cooperate	num_of_guilt_driven_amending	average_fitness_of_always_cooperate	average_fitness_of_guilt_driven_amending
50	0	150	0
49	1	149.26693877551	158.7
48	2	148.593958333333	157.7125
47	3	147.884468085106	156.653333333333
46	4	147.16347826087	155.761875
45	5	146.459777777778	154.938
44	6	145.737272727273	153.863333333333
43	7	145.026279069767	152.809285714286
42	8	144.312142857143	151.9821875
41	9	143.53756097561	150.958055555556
40	10	142.915	149.95475
39	11	142.191282051282	149.020681818182
38	12	141.471578947368	148.021458333333
37	13	140.742702702703	147.093653846154
36	14	140.162222222222	146.049464285714
35	15	139.403142857143	145.065166666667
34	16	138.585882352941	144.23484375
33	17	137.97303030303	143.060294117647
32	18	137.208125	142.207916666667
31	19	136.570322580645	141.093684210526
30	20	135.869666666667	140.23175
29	21	135.013448275862	139.205119047619
28	22	134.353928571429	138.399204545454
27	23	133.744814814815	137.349782608696
26	24	132.938076923077	136.429479166667
25	25	132.3124	135.4298
24	26	131.537916666667	134.476346153846
23	27	130.813043478261	133.411018518519
22	28	130.166363636364	132.497142857143
21	29	129.431428571429	131.540172413793
20	30	128.759	130.484333333333
19	31	128.040526315789	129.516774193548
18	32	127.475	128.58296875
17	33	126.640588235294	127.56303030303
16	34	125.7575	126.576397058824
15	35	125.126666666667	125.635285714286
14	36	124.475714285714	124.760763888889
13	37	123.565384615385	123.620337837838
12	38	123.04	122.771973684211
11	39	122.358181818182	121.788782051282
10	40	121.528	120.7915625
9	41	120.854444444444	119.792682926829
8	42	120.08875	118.847202380952
7	43	119.434285714286	117.964186046512
6	44	118.72	116.92875
5	45	118.148	115.900944444444
4	46	117.32	115.036684782609
3	47	116.71	114.026489361702
2	48	115.905	113.001041666667
1	49	115.36	111.989897959184
0	50	0	111.04075
