num_of_always_cooperate	num_of_TFT_with_trembling_hand	average_fitness_of_always_cooperate	average_fitness_of_TFT_with_trembling_hand
50	0	150	0
49	1	149.18306122449	160
48	2	148.3725	158.5575
47	3	147.552765957447	157.300833333333
46	4	146.764130434783	155.825625
45	5	145.976888888889	154.515
44	6	145.115	153.105833333333
43	7	144.309302325581	151.816071428571
42	8	143.396904761905	150.47875
41	9	142.672926829268	148.877222222222
40	10	141.8595	147.69575
39	11	140.997435897436	146.203409090909
38	12	140.215	145.072083333333
37	13	139.414594594595	143.750384615385
36	14	138.516944444444	142.36
35	15	137.817142857143	140.949666666667
34	16	136.93	139.675625
33	17	136.165454545455	138.121764705882
32	18	135.309375	137.099583333333
31	19	134.458064516129	135.432763157895
30	20	133.732666666667	134.159625
29	21	132.821379310345	132.754523809524
28	22	132.107142857143	131.669545454545
27	23	131.254074074074	130.1525
26	24	130.407307692308	128.858229166667
25	25	129.612	127.4326
24	26	128.772083333333	126.096538461538
23	27	127.93347826087	124.690833333333
22	28	127.264090909091	123.425535714286
21	29	126.232380952381	122.076120689655
20	30	125.5815	120.611916666667
19	31	124.823684210526	119.392822580645
18	32	123.915555555555	117.795625
17	33	122.991176470588	116.55803030303
16	34	122.238125	115.240514705882
15	35	121.348	113.857
14	36	120.577857142857	112.452430555556
13	37	119.912307692308	111.206148648649
12	38	119.035	109.910986842105
11	39	118.189090909091	108.533012820513
10	40	117.331	107.053125
9	41	116.527777777778	105.837195121951
8	42	115.705	104.328928571429
7	43	115.044285714286	103.036976744186
6	44	114.123333333333	101.666590909091
5	45	113.38	100.229388888889
4	46	112.55	98.8757065217391
3	47	111.696666666667	97.5104255319149
2	48	110.83	96.14546875
1	49	110	94.9426530612245
0	50	0	93.54925
