num_of_always_defect	num_of_guilt_driven_amending	average_fitness_of_always_defect	average_fitness_of_guilt_driven_amending
50	0	0	0
49	1	0.961428571428572	-11.7975
48	2	1.92416666666667	-9.23
47	3	2.89021276595744	-6.78333333333333
46	4	3.85673913043478	-4.191875
45	5	4.81622222222222	-1.657
44	6	5.78363636363636	0.75375
43	7	6.74860465116279	3.16642857142857
42	8	7.70666666666666	5.7709375
41	9	8.67195121951219	8.15222222222222
40	10	9.62325	10.62
39	11	10.5882051282051	13.3625
38	12	11.5676315789474	15.8622916666667
37	13	12.5013513513514	18.2534615384615
36	14	13.5008333333333	20.8119642857143
35	15	14.4325714285714	23.2906666666667
34	16	15.3788235294118	25.90140625
33	17	16.3639393939394	28.3192647058824
32	18	17.3203125	30.815
31	19	18.2883870967742	33.4660526315789
30	20	19.2643333333333	35.86075
29	21	20.2455172413793	38.3746428571429
28	22	21.1878571428571	40.9467045454545
27	23	22.1722222222222	43.4340217391305
26	24	23.1296153846154	45.8942708333333
25	25	24.0912	48.3421
24	26	24.99125	50.9622115384615
23	27	26.0039130434783	53.4558333333333
22	28	26.9904545454545	55.8047321428571
21	29	27.9457142857143	58.2977586206897
20	30	28.8745	60.8584166666667
19	31	29.8589473684211	63.3196774193548
18	32	30.7927777777778	65.915546875
17	33	31.774705882353	68.3593181818182
16	34	32.754375	70.9008088235294
15	35	33.7326666666667	73.4905
14	36	34.7114285714286	75.9340972222222
13	37	35.6623076923077	78.5155405405405
12	38	36.5741666666667	80.9895394736842
11	39	37.4936363636364	83.5401923076923
10	40	38.485	86.0256875
9	41	39.4844444444444	88.5470731707317
8	42	40.495	90.9661904761905
7	43	41.4242857142857	93.583488372093
6	44	42.4366666666667	95.9922727272727
5	45	43.262	98.5076666666667
4	46	44.215	101.076956521739
3	47	45.1566666666667	103.557659574468
2	48	46.195	106.056979166667
1	49	47.15	108.641275510204
0	50	0	111.1185
