num_of_always_defect	num_of_shame_driven_denying	average_fitness_of_always_defect	average_fitness_of_shame_driven_denying
50	0	0	0
49	1	0.960612244897959	-11.7825
48	2	1.929375	-10.21375
47	3	2.88723404255319	-8.49083333333334
46	4	3.85	-7.1375
45	5	4.82177777777778	-5.3745
44	6	5.77931818181818	-3.93708333333333
43	7	6.74046511627907	-2.49035714285714
42	8	7.70738095238095	-0.5678125
41	9	8.6580487804878	1.10888888888889
40	10	9.6455	2.448
39	11	10.5907692307692	4.28659090909091
38	12	11.5615789473684	5.86708333333333
37	13	12.5051351351351	7.52365384615384
36	14	13.4947222222222	9.0975
35	15	14.4322857142857	10.6148333333333
34	16	15.4223529411765	12.3825
33	17	16.359696969697	13.8652941176471
32	18	17.3534375	15.6123611111111
31	19	18.2948387096774	16.9984210526316
30	20	19.2746666666667	18.77425
29	21	20.2110344827586	20.3685714285714
28	22	21.1939285714286	21.9797727272727
27	23	22.1437037037037	23.6576086956522
26	24	23.1319230769231	24.9411458333333
25	25	24.0704	26.8354
24	26	25.0279166666667	28.4202884615385
23	27	25.995652173913	29.9808333333333
22	28	26.9713636363636	31.4433928571429
21	29	27.9066666666667	33.2306034482759
20	30	28.854	34.7745833333333
19	31	29.8147368421053	36.6016129032258
18	32	30.8611111111111	37.990703125
17	33	31.7858823529412	39.6729545454546
16	34	32.755	41.0843382352941
15	35	33.692	42.6947857142857
14	36	34.6535714285714	44.3697916666667
13	37	35.6769230769231	45.9012837837838
12	38	36.6283333333333	47.7428289473684
11	39	37.56	49.1791025641026
10	40	38.463	50.9371875
9	41	39.5466666666667	52.5836585365854
8	42	40.43625	54.075119047619
7	43	41.5142857142857	55.7404069767442
6	44	42.3816666666667	57.3430681818182
5	45	43.332	59.0426666666667
4	46	44.345	60.5538586956522
3	47	45.17	62.1371276595745
2	48	46.125	63.75625
1	49	47.15	65.3092346938775
0	50	0	67.00085
