num_of_always_cooperate	num_of_Pavlov	average_fitness_of_always_cooperate	average_fitness_of_Pavlov
50	0	150	0
49	1	148.599795918367	173.7675
48	2	147.15375	173.21375
47	3	145.660425531915	171.124166666667
46	4	144.221304347826	169.93875
45	5	142.822888888889	167.498
44	6	141.318863636364	166.27
43	7	139.834186046512	164.418571428571
42	8	138.470952380952	162.6853125
41	9	136.999756097561	160.937222222222
40	10	135.452	159.29425
39	11	134.120256410257	157.3125
38	12	132.783421052632	155.807916666667
37	13	131.322162162162	153.878076923077
36	14	129.831944444444	152.292142857143
35	15	128.279142857143	150.6545
34	16	126.928823529412	148.7034375
33	17	125.14696969697	147.228676470588
32	18	123.7990625	145.218194444445
31	19	122.636774193548	143.586710526316
30	20	121.177666666667	141.8685
29	21	119.673448275862	140.20119047619
28	22	118.409285714286	138.493636363636
27	23	116.816296296296	136.833804347826
26	24	115.269230769231	134.9671875
25	25	114.0576	133.2106
24	26	112.5675	131.685192307692
23	27	110.758695652174	129.893888888889
22	28	109.625454545455	127.832767857143
21	29	108.103333333333	126.1425
20	30	106.6235	124.54925
19	31	105.362105263158	122.786451612903
18	32	104.080555555556	121.01765625
17	33	102.111764705882	119.436515151515
16	34	100.396875	117.699926470588
15	35	99.6806666666666	115.928928571429
14	36	97.7492857142857	114.098888888889
13	37	96.6384615384616	112.370202702703
12	38	95.2325	110.785921052632
11	39	93.5245454545455	109.016474358974
10	40	92.485	107.3890625
9	41	90.7166666666667	105.551463414634
8	42	89.505	103.647619047619
7	43	88.2771428571429	102.07511627907
6	44	86.5366666666667	100.250625
5	45	84.9799999999999	98.388
4	46	83.165	96.6229891304348
3	47	81.4733333333333	95.0227659574469
2	48	79.64	93.28453125
1	49	79.61	91.4707653061225
0	50	0	89.8957
