num_of_always_trembling	num_of_guilt_driven_amending	average_fitness_of_always_trembling	average_fitness_of_guilt_driven_amending
50	0	75.07595	0
49	1	75.3090816326531	71.845
48	2	75.3768229166667	72.99625
47	3	75.603829787234	73.9041666666666
46	4	75.9239130434782	74.3625
45	5	76.2509444444445	75.085
44	6	76.5031818181818	75.8970833333333
43	7	76.8381976744186	76.6921428571429
42	8	77.0920833333333	77.6190625
41	9	77.1806707317073	78.2033333333333
40	10	77.5233125	79.251
39	11	77.7789102564103	80.1452272727273
38	12	77.8604605263158	80.7364583333333
37	13	78.3787837837838	81.5209615384615
36	14	78.4293055555556	82.6375
35	15	78.6493571428571	83.1526666666667
34	16	78.9251470588235	83.8428125
33	17	79.390303030303	84.7522058823529
32	18	79.46265625	85.5795833333333
31	19	79.6589516129032	86.403552631579
30	20	79.9533333333333	87.18825
29	21	80.2835344827587	87.8279761904762
28	22	80.5150892857143	88.6146590909091
27	23	80.6875925925926	89.4251086956521
26	24	81.0464423076923	90.4542708333333
25	25	81.3294	91.1098
24	26	81.4079166666667	91.9179807692308
23	27	81.9896739130435	92.7283333333334
22	28	82.0481818181818	93.5476785714286
21	29	82.1848809523809	94.1953448275862
20	30	82.478625	95.1818333333333
19	31	82.6611842105263	95.7576612903226
18	32	83.0713888888889	96.635078125
17	33	83.2282352941177	97.567196969697
16	34	83.6503125	98.3026470588236
15	35	83.9811666666667	99.1102142857143
14	36	84.005	99.891875
13	37	84.2107692307693	100.774527027027
12	38	84.651875	101.397960526316
11	39	84.7888636363636	102.213461538462
10	40	84.982	103.0641875
9	41	85.3663888888888	103.879695121951
8	42	85.7575	104.640119047619
7	43	85.5221428571428	105.47988372093
6	44	86.1616666666667	106.281420454545
5	45	86.3995	107.004166666667
4	46	86.525625	107.938097826087
3	47	86.6625	108.686968085106
2	48	87.07625	109.464583333333
1	49	88.13	110.19943877551
0	50	0	111.03605
