num_of_always_trembling	num_of_shame_driven_hiding	average_fitness_of_always_trembling	average_fitness_of_shame_driven_hiding
50	0	75.20275	0
49	1	75.0651530612245	73.3575
48	2	75.445625	75.025
47	3	75.4270212765957	75.0025
46	4	75.4525	75.899375
45	5	75.708	76.847
44	6	75.6494318181818	76.8920833333333
43	7	75.6688372093023	77.56
42	8	76.0009523809524	78.31
41	9	75.7483536585366	79.2816666666667
40	10	76.059	79.54125
39	11	76.4411538461539	80.1275
38	12	76.3197368421053	80.8985416666667
37	13	76.303445945946	81.5211538461538
36	14	76.5669444444445	82.39125
35	15	76.6818571428571	82.6126666666667
34	16	76.6152941176471	83.41546875
33	17	76.7774242424242	84.2136764705882
32	18	77.046875	84.9288888888889
31	19	76.9791129032258	85.3848684210527
30	20	77.0276666666666	86.21175
29	21	77.1756034482759	86.9580952380952
28	22	77.1630357142857	87.8235227272727
27	23	77.3055555555556	88.6014130434783
26	24	77.2343269230769	89.0017708333333
25	25	77.6774	89.7815
24	26	77.7252083333333	90.6571153846154
23	27	77.7768478260869	91.4135185185185
22	28	77.7059090909091	91.9877678571429
21	29	78.0942857142857	92.8710344827586
20	30	77.9845	93.7863333333333
19	31	77.7065789473684	94.4762096774194
18	32	78.0145833333333	95.129609375
17	33	78.1955882352941	96.0237121212122
16	34	78.24359375	96.65625
15	35	78.072	97.5847857142858
14	36	78.0637499999999	98.3390277777778
13	37	78.2040384615385	99.2681756756757
12	38	78.2564583333334	100.187960526316
11	39	78.2972727272727	101.044358974359
10	40	78.792	102.0883125
9	41	78.7430555555555	102.623048780488
8	42	78.248125	103.42619047619
7	43	78.7092857142857	104.179186046512
6	44	78.5983333333333	104.595397727273
5	45	78.666	104.876388888889
4	46	79.269375	104.385
3	47	78.7933333333334	102.935904255319
2	48	78.58875	100.3734375
1	49	78.37	96.3293367346939
0	50	0	91.3157
