num_of_always_defect	num_of_TFT_with_trembling_hand	average_fitness_of_always_defect	average_fitness_of_TFT_with_trembling_hand
50	0	0	0
49	1	0.956122448979592	-11.78
48	2	1.92916666666667	-9.49375
47	3	2.88851063829787	-7.56583333333333
46	4	3.84260869565217	-5.3175
45	5	4.82422222222222	-3.0265
44	6	5.77113636363636	-1.18625
43	7	6.72441860465116	1.10607142857143
42	8	7.71023809523809	3.1396875
41	9	8.67097560975609	5.27416666666667
40	10	9.62375	7.75475
39	11	10.6102564102564	9.77113636363636
38	12	11.5563157894737	11.8091666666667
37	13	12.5218918918919	14.0034615384615
36	14	13.4825	15.9055357142857
35	15	14.4517142857143	18.2986666666667
34	16	15.4320588235294	20.48515625
33	17	16.369696969697	22.5179411764706
32	18	17.3171875	24.7786111111111
31	19	18.3058064516129	26.9018421052631
30	20	19.25	28.862125
29	21	20.188275862069	31.1183333333333
28	22	21.1639285714286	33.3346590909091
27	23	22.1462962962963	35.5385869565217
26	24	23.1107692307692	37.5930208333333
25	25	24.0992	39.7929
24	26	25.0308333333333	42.0745192307692
23	27	25.9669565217391	44.1036111111111
22	28	26.9477272727273	46.1985714285714
21	29	27.9404761904762	48.3685344827586
20	30	28.8635	50.4984166666667
19	31	29.8889473684211	52.6333870967742
18	32	30.7894444444444	54.831171875
17	33	31.7611764705882	56.9146969696969
16	34	32.7575	59.1605147058824
15	35	33.7166666666667	61.3951428571429
14	36	34.6571428571429	63.4336805555555
13	37	35.6553846153846	65.6241891891892
12	38	36.4991666666667	67.7405921052631
11	39	37.5281818181818	69.906217948718
10	40	38.593	71.997375
9	41	39.5122222222222	74.0975609756097
8	42	40.455	76.1827380952381
7	43	41.5314285714286	78.4141279069768
6	44	42.435	80.6345454545455
5	45	43.4	82.6469444444445
4	46	44.2925	84.8542391304348
3	47	45.27	87.1971808510639
2	48	46.395	89.2029166666667
1	49	47.46	91.3463265306122
0	50	0	93.56325
