num_of_always_trembling	num_of_shame_driven_denying	average_fitness_of_always_trembling	average_fitness_of_shame_driven_denying
50	0	74.95315	0
49	1	74.882193877551	77.235
48	2	74.6381770833333	77.09125
47	3	74.696914893617	76.135
46	4	74.4743478260869	76.47
45	5	74.172	76.393
44	6	73.9824431818182	76.0166666666667
43	7	74.010988372093	75.9228571428571
42	8	73.6563690476191	75.3515625
41	9	73.477743902439	75.2508333333333
40	10	73.5135	75.24175
39	11	73.3646153846153	75.1154545454545
38	12	72.9954605263158	75.0214583333333
37	13	72.942972972973	74.4525
36	14	72.7391666666666	74.4476785714286
35	15	72.7000714285714	74.0331666666667
34	16	72.5956617647059	74.146875
33	17	72.4606818181818	73.4173529411765
32	18	72.14796875	73.4316666666667
31	19	71.8823387096774	73.2086842105263
30	20	71.7395833333333	73.123875
29	21	71.5324137931035	73.0902380952381
28	22	71.6469642857143	72.5644318181818
27	23	71.2850925925926	72.1689130434783
26	24	71.2276923076923	72.0228125
25	25	71.0445000000001	72.0102
24	26	70.9294791666667	71.8382692307692
23	27	70.6054347826087	71.3577777777778
22	28	70.3584090909091	71.5675
21	29	70.3415476190476	71.2393965517241
20	30	70.316125	71.1354166666666
19	31	70.4486842105263	70.8725806451613
18	32	69.9925	70.768828125
17	33	69.7491176470588	70.3587878787878
16	34	69.51484375	70.3418382352941
15	35	69.3645	70.2064285714285
14	36	69.6017857142857	69.92875
13	37	69.19	69.7552702702702
12	38	69.1585416666667	69.3606578947368
11	39	68.6840909090909	69.2702564102564
10	40	68.82575	68.9393125
9	41	68.4727777777778	68.877743902439
8	42	68.43375	68.6430952380953
7	43	67.6596428571429	68.2788372093023
6	44	68.1154166666667	68.2655113636364
5	45	68.21	68.0592777777778
4	46	68.226875	67.7666847826087
3	47	67.7725	67.7379255319149
2	48	66.83375	67.3097395833333
1	49	66.1575	67.0494897959184
0	50	0	66.89935
