num_of_always_cooperate	num_of_shame_driven_denying	average_fitness_of_always_cooperate	average_fitness_of_shame_driven_denying
50	0	150	0
49	1	148.121020408163	172.705
48	2	146.309375	170.4125
47	3	144.445319148936	168.783333333333
46	4	142.580434782609	166.20875
45	5	140.769111111111	164.1965
44	6	138.822272727273	162.172083333333
43	7	137.002790697674	159.5875
42	8	135.165952380952	157.930625
41	9	133.107317073171	155.268611111111
40	10	131.432	153.32625
39	11	129.56	151.407727272727
38	12	127.765	148.921875
37	13	125.975675675676	146.742884615385
36	14	123.966666666667	144.644464285714
35	15	122.262285714286	142.409666666667
34	16	120.450294117647	140.08890625
33	17	118.422424242424	138.188235294118
32	18	116.7075	136.197361111111
31	19	114.952580645161	133.438157894737
30	20	112.949	131.7285
29	21	110.946206896552	129.533571428571
28	22	109.203214285714	127.276818181818
27	23	107.453703703704	124.990652173913
26	24	104.981923076923	123.121145833333
25	25	103.3644	120.8227
24	26	102.03375	118.945865384615
23	27	99.945652173913	116.568703703704
22	28	98.1295454545455	114.789732142857
21	29	96.3128571428571	112.166982758621
20	30	94.5225	110.03325
19	31	92.4221052631579	108.016370967742
18	32	91.0444444444445	105.87421875
17	33	89.0317647058823	103.793409090909
16	34	86.445	101.534338235294
15	35	85.336	99.218
14	36	83.3921428571428	97.2859722222222
13	37	81.6723076923077	95.0656756756757
12	38	79.4766666666666	92.8151315789474
11	39	77.9027272727273	90.6521153846154
10	40	76.318	88.631875
9	41	73.3044444444445	86.3137195121951
8	42	71.27	84.4295833333333
7	43	70.1428571428572	82.3052325581396
6	44	68.4533333333333	80.0176136363637
5	45	66.366	77.7812222222222
4	46	64.5325	75.4571195652174
3	47	64.3066666666667	73.4975
2	48	61	71.33609375
1	49	59.75	68.9266836734694
0	50	0	66.83345
