num_of_guilt_driven_amending	num_of_Pavlov	average_fitness_of_guilt_driven_amending	average_fitness_of_Pavlov
50	0	111.03875	0
49	1	110.670510204082	87.69
48	2	110.24484375	87.725
47	3	109.80335106383	87.9433333333334
46	4	109.284239130435	87.91
45	5	108.868	87.875
44	6	108.569772727273	88.0795833333333
43	7	108.054651162791	88.0328571428571
42	8	107.675	87.951875
41	9	107.119817073171	88.2497222222222
40	10	106.808875	88.23575
39	11	106.446346153846	88.0181818181818
38	12	105.757894736842	87.9283333333333
37	13	105.482162162162	88.2744230769231
36	14	105.088125	88.2291071428571
35	15	104.593642857143	88.2695
34	16	104.267941176471	88.47984375
33	17	103.568333333333	88.4902941176471
32	18	103.390390625	88.4548611111111
31	19	102.991774193548	88.5111842105263
30	20	102.281666666667	88.464375
29	21	102.101810344828	88.4945238095238
28	22	101.511875	88.4986363636364
27	23	101.206296296296	88.6555434782609
26	24	100.680769230769	88.8308333333333
25	25	100.3352	88.5963
24	26	99.8279166666666	88.8285576923077
23	27	99.4292391304348	88.9475925925926
22	28	99.0145454545455	88.9359821428572
21	29	98.8146428571429	88.8571551724138
20	30	97.85675	89.0846666666666
19	31	97.8069736842106	89.11
18	32	97.3840277777778	88.978828125
17	33	96.9386764705882	89.0852272727273
16	34	96.37390625	89.1716176470588
15	35	95.9293333333333	89.1192142857143
14	36	95.405	89.071875
13	37	95.0834615384615	89.4395945945946
12	38	94.8770833333334	89.1382236842105
11	39	94.3795454545454	89.2002564102564
10	40	94.284	89.4789375
9	41	93.4163888888889	89.3926219512195
8	42	92.991875	89.5121428571429
7	43	92.5492857142857	89.5377325581395
6	44	91.9970833333334	89.4192613636364
5	45	92.1495	89.6166111111111
4	46	91.705625	89.5733695652174
3	47	91.0741666666667	89.7158510638298
2	48	90.58875	89.7155729166667
1	49	90.345	89.8028571428571
0	50	0	89.84845
