num_of_shame_driven_denying	num_of_guilt_driven_amending	average_fitness_of_shame_driven_denying	average_fitness_of_guilt_driven_amending
50	0	66.9634	0
49	1	67.7718367346938	75.2475
48	2	68.2966666666667	77.09625
47	3	68.8579787234043	77.3158333333333
46	4	69.4457608695652	77.675
45	5	70.1719444444444	78.784
44	6	70.6840909090909	79.82125
43	7	71.2913372093023	80.1492857142857
42	8	71.9676785714285	81.11125
41	9	72.5214634146341	81.4375
40	10	73.11125	82.58825
39	11	73.8738461538462	83.3468181818182
38	12	74.5206578947368	84.14625
37	13	75.0468243243243	84.3726923076923
36	14	75.7114583333333	85.355
35	15	76.1270714285714	85.8718333333333
34	16	77.0115441176471	86.561875
33	17	77.8073484848484	87.3755882352941
32	18	78.2128125	88.1697222222222
31	19	79.0424193548387	88.6205263157895
30	20	79.30725	89.534375
29	21	79.9075862068965	90.2140476190476
28	22	80.6827678571429	91.19125
27	23	81.184537037037	91.6435869565218
26	24	82.09125	92.5223958333333
25	25	82.7253	93.2051
24	26	83.0566666666666	93.9303846153846
23	27	83.8311956521739	94.6410185185185
22	28	84.535	95.3466964285714
21	29	85.0702380952381	96.1061206896552
20	30	85.63875	96.7561666666666
19	31	86.2675	97.4253225806452
18	32	87.1136111111111	98.106328125
17	33	87.2729411764706	98.8990151515151
16	34	88.51921875	99.6071323529412
15	35	88.5105	100.3005
14	36	89.4948214285715	101.084444444444
13	37	89.9811538461538	101.817567567568
12	38	90.8839583333333	102.458486842105
11	39	91.3663636363637	103.215448717949
10	40	91.96525	103.804
9	41	92.7213888888889	104.715426829268
8	42	93.126875	105.369285714286
7	43	93.8760714285714	106.12011627907
6	44	94.33375	106.841193181818
5	45	94.6825	107.502444444444
4	46	95.57625	108.148152173913
3	47	96.1641666666666	108.884680851064
2	48	96.5425	109.565104166667
1	49	97.6575	110.351734693878
0	50	0	111.0788
