num_of_shame_driven_hiding	num_of_Pavlov	average_fitness_of_shame_driven_hiding	average_fitness_of_Pavlov
50	0	91.27295	0
49	1	95.5186224489796	79.53
48	2	99.049375	79.4775
47	3	101.836595744681	79.2566666666667
46	4	104.31777173913	80.045
45	5	105.830888888889	80.006
44	6	107.223238636364	80.4883333333333
43	7	107.894360465116	80.7021428571428
42	8	108.372976190476	80.7075
41	9	108.670243902439	81.0783333333333
40	10	108.848125	81.34725
39	11	108.817692307692	81.7056818181818
38	12	108.659539473684	81.79125
37	13	108.379391891892	82.4361538461538
36	14	108.404027777778	82.5280357142857
35	15	108.161857142857	82.6101666666666
34	16	107.970294117647	82.7128125
33	17	107.885833333333	82.8664705882353
32	18	107.480078125	83.3469444444444
31	19	107.407016129032	83.6160526315789
30	20	107.430333333333	83.4763749999999
29	21	107.058189655172	84.0896428571429
28	22	106.80125	84.4757954545455
27	23	106.645925925926	84.4154347826087
26	24	106.561153846154	84.7552083333333
25	25	106.1011	84.906
24	26	105.935	85.1665384615385
23	27	105.871413043478	85.3420370370371
22	28	105.916931818182	85.8172321428572
21	29	105.746666666667	85.8018103448276
20	30	105.43075	85.9924166666667
19	31	105.426842105263	86.1103225806452
18	32	105.032083333333	86.32078125
17	33	104.789558823529	86.7675757575757
16	34	104.74640625	86.6055147058823
15	35	104.641333333333	86.9377142857143
14	36	104.771607142857	87.2716666666667
13	37	104.550192307692	87.3706081081081
12	38	104.27875	87.7130263157895
11	39	104.203863636364	87.7523717948718
10	40	103.953	88.0500625
9	41	103.413055555556	88.1507926829268
8	42	103.7221875	88.246369047619
7	43	103.563571428571	88.4922093023256
6	44	103.13875	88.734375
5	45	102.9375	88.9375
4	46	103.24	89.3190217391304
3	47	102.985	89.2472872340425
2	48	102.545	89.4128645833333
1	49	102.785	89.6071428571429
0	50	0	89.82405
