num_of_shame_driven_denying	num_of_Pavlov	average_fitness_of_shame_driven_denying	average_fitness_of_Pavlov
50	0	66.8598	0
49	1	67.6673469387755	67.1975
48	2	68.29234375	67.8375
47	3	69.1275531914894	68.0016666666667
46	4	69.70375	68.335
45	5	70.4731666666667	69.6055
44	6	71.0967045454545	69.3758333333333
43	7	71.8241279069767	69.8428571428572
42	8	72.6341666666667	70.635625
41	9	73.3166463414634	70.9836111111111
40	10	74.0865	71.244
39	11	74.5294871794872	72.0465909090909
38	12	75.5305921052632	72.27875
37	13	76.1806081081081	72.9107692307693
36	14	77.0109722222222	73.2894642857143
35	15	77.834	73.613
34	16	78.2811764705882	73.8534375
33	17	79.1209848484849	74.3842647058823
32	18	79.991796875	74.9427777777778
31	19	80.6691935483871	75.3830263157895
30	20	81.3014166666667	75.983875
29	21	81.8738793103448	76.4166666666666
28	22	82.5623214285714	77.1472727272727
27	23	83.2477777777778	77.5263043478261
26	24	84.1753846153847	77.7546875
25	25	84.66	78.241
24	26	85.5134375	78.8060576923077
23	27	85.8978260869565	79.4585185185185
22	28	86.9985227272727	79.8745535714285
21	29	87.265	80.213275862069
20	30	88.16525	80.7876666666667
19	31	88.8564473684211	81.0564516129032
18	32	89.7780555555556	81.5925
17	33	90.067794117647	82.1351515151515
16	34	91.11875	82.3872058823529
15	35	91.7716666666666	82.7987142857143
14	36	92.65125	83.3599305555556
13	37	93.1423076923077	83.9635810810811
12	38	93.72625	84.3831578947368
11	39	94.6259090909091	84.7037179487179
10	40	95.536	85.0180625
9	41	95.9075	85.8415243902439
8	42	96.573125	86.2327380952381
7	43	97.2278571428571	86.5401744186047
6	44	98.2733333333333	86.9180681818182
5	45	98.939	87.5652222222222
4	46	99.776875	87.876847826087
3	47	100.704166666667	88.3398936170213
2	48	101.08875	88.8102604166667
1	49	102.23	89.356887755102
0	50	0	89.7277
