num_of_shame_driven_hiding	num_of_shame_driven_denying	average_fitness_of_shame_driven_hiding	average_fitness_of_shame_driven_denying
50	0	91.09225	0
49	1	91.1995408163265	75.595
48	2	91.1071354166667	76.29625
47	3	91.0618617021277	75.4508333333333
46	4	90.8103260869565	75.33125
45	5	90.6647777777778	75.1865
44	6	90.5132954545454	75.19
43	7	90.5248255813954	74.8421428571428
42	8	90.023869047619	74.625625
41	9	89.5512195121951	74.5516666666667
40	10	89.2676875	74.5055
39	11	88.9499358974359	73.7686363636363
38	12	88.3950657894736	73.8583333333333
37	13	88.2538513513513	73.2403846153846
36	14	87.7709722222222	73.2257142857143
35	15	87.4385	73.0886666666667
34	16	86.9744117647059	72.9409375
33	17	86.6102272727272	72.7089705882353
32	18	86.091640625	72.5427777777778
31	19	85.8795161290323	72.0186842105263
30	20	85.3665833333334	72.09275
29	21	84.7777586206897	71.8266666666667
28	22	84.4817857142857	71.6514772727272
27	23	84.125462962963	71.3138043478261
26	24	83.7223076923077	71.2760416666667
25	25	83.5253	71.084
24	26	83.1564583333333	70.9652884615385
23	27	82.5436956521739	70.6511111111111
22	28	81.9464772727273	70.5186607142857
21	29	81.8979761904762	70.2288793103449
20	30	81.822625	70.12025
19	31	81.6319736842105	69.9181451612904
18	32	81.1772222222223	69.927421875
17	33	80.552794117647	69.639393939394
16	34	80.4734375	69.6140441176471
15	35	80.1633333333334	69.4568571428571
14	36	79.4803571428571	69.0825
13	37	79.3898076923077	68.8518918918919
12	38	79.2897916666667	68.7507236842106
11	39	79.0856818181818	68.6771153846154
10	40	78.72475	68.588375
9	41	78.6847222222222	68.2536585365854
8	42	77.6990625	68.07625
7	43	77.4278571428571	68.1608720930233
6	44	77.3129166666667	67.9042613636364
5	45	77.244	67.6826111111111
4	46	76.745	67.5935869565217
3	47	76.1566666666667	67.4604787234042
2	48	75.62625	67.3582291666667
1	49	75.485	67.157806122449
0	50	0	67.20145
