num_of_TFT_with_trembling_hand	num_of_shame_driven_hiding	average_fitness_of_TFT_with_trembling_hand	average_fitness_of_shame_driven_hiding
50	0	93.48325	0
49	1	93.5351020408163	104.05
48	2	93.5379166666667	104.05375
47	3	93.386914893617	104.221666666667
46	4	93.4748913043478	104.184375
45	5	93.3578888888889	104.3465
44	6	93.3603977272727	104.234166666667
43	7	93.2656976744186	104.159642857143
42	8	93.2145833333334	104.3153125
41	9	93.1928658536586	104.313055555556
40	10	93.2055	104.46525
39	11	93.1875	104.394318181818
38	12	93.1636184210527	104.5625
37	13	93.1193918918919	104.649038461538
36	14	93.0594444444445	104.648928571429
35	15	93.0435714285714	104.579833333333
34	16	92.9919117647059	104.7246875
33	17	92.8991666666667	104.749117647059
32	18	92.92421875	104.673472222222
31	19	92.8656451612903	105.026447368421
30	20	92.8855	104.987375
29	21	92.9661206896552	105.019285714286
28	22	92.7821428571428	105.009431818182
27	23	92.7652777777778	105.045108695652
26	24	92.7551923076923	105.227395833333
25	25	92.7611	105.377
24	26	92.6727083333333	105.216057692308
23	27	92.7176086956522	105.2875
22	28	92.5861363636363	105.292410714286
21	29	92.6892857142857	105.4075
20	30	92.58125	105.61175
19	31	92.5519736842105	105.590483870968
18	32	92.5668055555556	105.728671875
17	33	92.6335294117647	105.739015151515
16	34	92.51453125	105.875441176471
15	35	92.5503333333333	105.786714285714
14	36	92.3373214285714	106.076111111111
13	37	92.4530769230769	105.855878378378
12	38	92.3045833333333	106.186118421053
11	39	92.5963636363637	106.07358974359
10	40	92.378	106.139375
9	41	92.4111111111111	106.092256097561
8	42	92.1746875	106.155714285714
7	43	91.9639285714286	106.094709302326
6	44	92.2487500000001	106.042329545455
5	45	92.16	105.721388888889
4	46	91.9	105.321467391304
3	47	92.2416666666667	104.177659574468
2	48	92.5375	102.206770833333
1	49	92.8	98.6187244897959
0	50	0	91.20475
