num_of_TFT_with_trembling_hand	num_of_guilt_driven_amending	average_fitness_of_TFT_with_trembling_hand	average_fitness_of_guilt_driven_amending
50	0	93.5577	0
49	1	93.7830102040817	96.7675
48	2	93.9716666666667	97.06
47	3	94.2467021276596	97.4541666666667
46	4	94.4869565217391	97.430625
45	5	94.7664444444444	98.008
44	6	95.0847159090909	97.9758333333333
43	7	95.2724418604651	98.2907142857142
42	8	95.5991071428572	98.5709375
41	9	95.9439634146341	98.7744444444445
40	10	96.1488125	99.21325
39	11	96.468141025641	99.4034090909091
38	12	96.6765789473685	99.745
37	13	96.9408783783784	100.100576923077
36	14	97.0752777777778	100.287142857143
35	15	97.4460714285715	100.6605
34	16	97.7664705882352	101.04078125
33	17	97.9705303030303	101.324117647059
32	18	98.285078125	101.464861111111
31	19	98.5033870967742	101.884736842105
30	20	98.6550833333333	102.1405
29	21	99.1306034482759	102.341071428571
28	22	99.3541964285714	102.844772727273
27	23	99.3529629629629	102.990434782609
26	24	99.8016346153846	103.31375
25	25	100.1425	103.5823
24	26	100.3440625	104.073653846154
23	27	100.611413043478	104.26287037037
22	28	100.931363636364	104.550892857143
21	29	101.02630952381	104.891551724138
20	30	101.19325	105.167666666667
19	31	101.632105263158	105.442822580645
18	32	101.822222222222	105.673828125
17	33	102.218970588235	106.020909090909
16	34	102.463125	106.2675
15	35	102.590666666667	106.603928571429
14	36	102.900178571429	106.874791666667
13	37	103.024615384615	107.248040540541
12	38	103.406041666667	107.458289473684
11	39	103.910227272727	107.766282051282
10	40	103.9285	108.1129375
9	41	104.227222222222	108.38762195122
8	42	104.47125	108.758095238095
7	43	104.709642857143	109.054709302326
6	44	105.240833333333	109.297954545455
5	45	105.218	109.575722222222
4	46	105.239375	109.868315217391
3	47	105.656666666667	110.120904255319
2	48	106.1825	110.460625
1	49	106.4975	110.791071428571
0	50	0	111.09465
