num_of_TFT_with_trembling_hand	num_of_shame_driven_denying	average_fitness_of_TFT_with_trembling_hand	average_fitness_of_shame_driven_denying
50	0	93.5719	0
49	1	93.2724489795919	85.4625
48	2	92.7531250000001	84.99375
47	3	92.4278191489362	84.3866666666667
46	4	92.0509782608696	84.618125
45	5	91.5382777777778	83.763
44	6	91.2645454545454	83.4433333333333
43	7	90.8397674418604	83.2160714285714
42	8	90.5349404761904	82.585625
41	9	90.1090853658537	82.6152777777778
40	10	89.7541875	81.939
39	11	89.3578205128205	81.6388636363636
38	12	89.0798684210526	81.3339583333333
37	13	88.5266216216216	81.2805769230769
36	14	88.2068055555556	80.4375
35	15	87.8980714285714	80.181
34	16	87.4499264705883	79.68375
33	17	87.2370454545455	79.534705882353
32	18	86.69875	79.1030555555556
31	19	86.5072580645161	78.7075
30	20	86.1481666666667	78.180625
29	21	85.7523275862069	77.7011904761905
28	22	85.2661607142857	77.4540909090909
27	23	84.7192592592593	77.1745652173913
26	24	84.5823076923077	76.81375
25	25	84.1317	76.3968
24	26	83.7375	75.9617307692308
23	27	83.1995652173913	75.5069444444444
22	28	83.1019318181818	75.1794642857143
21	29	82.3511904761905	74.8131034482759
20	30	82.2145	74.1205833333333
19	31	81.7731578947368	74.1466935483871
18	32	81.62125	73.691640625
17	33	81.5166176470588	73.2990151515152
16	34	80.8353125	73.1668382352941
15	35	80.4996666666666	72.6900714285714
14	36	80.1358928571429	72.2970833333333
13	37	79.6211538461538	71.7279054054054
12	38	79.0641666666667	71.4676315789474
11	39	78.8988636363636	71.1146153846154
10	40	78.64625	70.5731875
9	41	77.9022222222222	70.4776829268293
8	42	77.7571875	69.9164880952381
7	43	76.8396428571428	69.6030232558139
6	44	76.9829166666666	69.2710795454545
5	45	76.5	68.8147222222222
4	46	75.914375	68.5274456521739
3	47	76.5883333333333	68.0446808510638
2	48	75.285	67.5653125
1	49	75.4425	67.4455612244898
0	50	0	66.8768
