num_of_TFT_with_trembling_hand	num_of_Pavlov	average_fitness_of_TFT_with_trembling_hand	average_fitness_of_Pavlov
50	0	93.5602	0
49	1	93.530612244898	83.1325
48	2	93.5845833333333	83.155
47	3	93.5704255319149	83.505
46	4	93.5186956521739	83.435
45	5	93.4656111111111	83.6075
44	6	93.5417045454546	83.5579166666666
43	7	93.6237790697675	84.0825
42	8	93.6634523809524	84.0378125
41	9	93.6305487804878	84.2747222222222
40	10	93.474125	84.17375
39	11	93.5580769230769	84.6234090909091
38	12	93.5563815789474	84.448125
37	13	93.6488513513514	84.7521153846154
36	14	93.6390277777778	85.0573214285714
35	15	93.6465	85.1373333333333
34	16	93.720955882353	85.3371875
33	17	93.6365909090909	85.0869117647059
32	18	93.618046875	85.3354166666666
31	19	93.6363709677419	85.4896052631579
30	20	93.7489166666666	85.991875
29	21	93.7441379310345	85.6525
28	22	93.8348214285714	85.8171590909091
27	23	93.7230555555555	86.0227173913043
26	24	93.8097115384615	86.4237499999999
25	25	93.81	86.2549
24	26	93.6310416666666	86.6595192307692
23	27	93.7771739130435	86.6216666666666
22	28	93.6054545454546	86.7677678571428
21	29	93.8991666666667	86.9368103448276
20	30	93.75025	87.0731666666667
19	31	93.6914473684211	87.2306451612903
18	32	93.8198611111111	87.444921875
17	33	93.7914705882353	87.4314393939394
16	34	93.80015625	87.5044117647059
15	35	93.9283333333333	87.6746428571428
14	36	93.7555357142857	87.9202777777777
13	37	93.7676923076923	88.0011486486487
12	38	93.851875	88.2421052631579
11	39	93.9081818181818	88.4153205128205
10	40	94.23825	88.4849375
9	41	94.0044444444444	88.596524390244
8	42	93.9296875	88.6178571428572
7	43	94.0175	88.7540116279069
6	44	93.5366666666666	89.0276136363637
5	45	93.797	88.9786111111111
4	46	94.20625	89.214402173913
3	47	94.0141666666667	89.2903723404255
2	48	93.69625	89.4536458333333
1	49	93.465	89.7436224489796
0	50	0	89.8095
