num_of_tit_for_tat	num_of_shame_driven_denying	average_fitness_of_tit_for_tat	average_fitness_of_shame_driven_denying
50	0	150	0
49	1	148.460408163265	110.22
48	2	146.957395833333	108.46875
47	3	145.411010638298	107.810833333333
46	4	143.904456521739	107.044375
45	5	142.357722222222	106.2435
44	6	140.882840909091	105.1625
43	7	139.251569767442	103.756785714286
42	8	137.82619047619	103.003125
41	9	136.253414634146	102.729722222222
40	10	134.7785	101.53225
39	11	133.065961538462	100.6375
38	12	131.738355263158	99.7091666666667
37	13	129.983175675676	98.8528846153847
36	14	128.533611111111	98.2401785714285
35	15	127.203428571429	97.2946666666667
34	16	125.537132352941	96.3690625
33	17	124.082424242424	95.5233823529412
32	18	122.620625	94.4680555555556
31	19	120.780403225806	93.6830263157894
30	20	119.323583333333	92.7895
29	21	117.987413793103	92.0616666666666
28	22	116.339732142857	91.1201136363636
27	23	114.626481481481	90.3066304347826
26	24	113.378269230769	89.2823958333333
25	25	111.9048	88.6245
24	26	110.287604166667	87.7580769230769
23	27	108.639456521739	87.0318518518518
22	28	107.155227272727	85.99375
21	29	105.585952380952	85.1009482758621
20	30	104.14175	84.2741666666666
19	31	102.513947368421	83.0938709677419
18	32	101.012222222222	82.619375
17	33	99.6626470588236	81.7562878787879
16	34	98.0996875	80.9604411764706
15	35	96.8096666666666	79.9282857142857
14	36	94.78875	78.9029861111111
13	37	93.39	78.1704054054054
12	38	92.0975	77.1192105263158
11	39	90.2181818181818	76.3228205128205
10	40	88.5105	75.6050625
9	41	86.8077777777778	74.6181707317073
8	42	85.4928125	73.9472619047619
7	43	84.6117857142857	73.1155813953488
6	44	82.4983333333334	72.0874431818182
5	45	80.7475	71.2744444444445
4	46	79.4325	70.3570652173913
3	47	78.0091666666667	69.4837765957447
2	48	77.735	68.6902604166667
1	49	74.84	67.8765816326531
0	50	0	67.0783
