num_of_tit_for_tat	num_of_shame_driven_hiding	average_fitness_of_tit_for_tat	average_fitness_of_shame_driven_hiding
50	0	150	0
49	1	149.452244897959	160
48	2	148.876875	159.43
47	3	148.314042553191	158.836666666667
46	4	147.726086956522	158.23
45	5	147.141555555556	157.686
44	6	146.547272727273	157.12
43	7	145.935581395349	156.374285714286
42	8	145.387857142857	155.87375
41	9	144.775609756098	155.205555555556
40	10	144.1745	154.59225
39	11	143.479743589744	154.023863636364
38	12	142.906315789474	153.410833333333
37	13	142.230810810811	152.676346153846
36	14	141.599166666667	152.096964285714
35	15	140.985428571429	151.246666666667
34	16	140.377352941176	150.44140625
33	17	139.679696969697	149.512058823529
32	18	139.015625	148.682361111111
31	19	138.36	147.580131578947
30	20	137.657666666667	146.609375
29	21	136.959655172414	145.170714285714
28	22	136.233571428571	143.900340909091
27	23	135.61	142.650760869565
26	24	134.88	141.22125
25	25	134.0656	139.6305
24	26	133.390833333333	138.325673076923
23	27	132.638260869565	136.598703703704
22	28	131.963636363636	134.975
21	29	131.189047619048	132.998879310345
20	30	130.236	131.104583333333
19	31	129.392105263158	129.402741935484
18	32	128.677777777778	127.670078125
17	33	127.809411764706	125.402196969697
16	34	126.929375	123.699632352941
15	35	126.102	121.718785714286
14	36	125.225	119.526666666667
13	37	124.226923076923	117.744932432432
12	38	123.2875	115.698618421053
11	39	122.398181818182	113.648717948718
10	40	121.304	111.883625
9	41	120.157777777778	109.98512195122
8	42	119.0575	107.68375
7	43	118.011428571429	105.543546511628
6	44	117.063333333333	103.476818181818
5	45	115.75	101.573555555556
4	46	114.43	99.4022826086957
3	47	113.04	97.4860638297873
2	48	111.67	95.4452083333333
1	49	110	93.2815816326531
0	50	0	91.115
