num_of_tit_for_tat	num_of_TFT_with_trembling_hand	average_fitness_of_tit_for_tat	average_fitness_of_TFT_with_trembling_hand
50	0	150	0
49	1	149.037857142857	122.695
48	2	148.1009375	122.83875
47	3	147.102393617021	121.766666666667
46	4	146.109130434783	121.34375
45	5	145.1455	120.6105
44	6	144.169261363636	119.9375
43	7	143.174360465116	119.533928571429
42	8	142.270892857143	118.9659375
41	9	141.18006097561	118.298611111111
40	10	140.4711875	117.70275
39	11	139.288076923077	116.879772727273
38	12	138.375789473684	116.490208333333
37	13	137.436283783784	115.671923076923
36	14	136.454513888889	115.427142857143
35	15	135.424071428571	114.574166666667
34	16	134.616544117647	114.06828125
33	17	133.569015151515	113.561764705882
32	18	132.568515625	112.8975
31	19	131.565403225806	112.379605263158
30	20	130.86225	111.7995
29	21	129.790517241379	111.014047619048
28	22	128.635178571429	110.560795454545
27	23	127.747222222222	109.922934782609
26	24	126.693461538462	109.275
25	25	125.7771	108.6186
24	26	124.902604166667	107.868653846154
23	27	123.964891304348	107.603981481481
22	28	123.020340909091	106.885089285714
21	29	121.868571428571	106.196293103448
20	30	120.8165	105.803166666667
19	31	120.045657894737	104.966129032258
18	32	119.009722222222	104.4640625
17	33	118.116764705882	103.777575757576
16	34	116.93765625	103.145220588235
15	35	116.339666666667	102.472285714286
14	36	115.037678571429	101.908194444444
13	37	114.201538461538	101.335202702703
12	38	113.100416666667	100.724013157895
11	39	112.307954545455	100.065512820513
10	40	111.40825	99.4750625
9	41	110.283888888889	99.0375609756098
8	42	109.3325	98.3470833333334
7	43	108.508571428571	97.7513372093023
6	44	107.305	97.1294886363636
5	45	106.415	96.4561666666667
4	46	105.2875	95.9610869565218
3	47	104.7275	95.3779787234043
2	48	103.9375	94.7075
1	49	102.1475	94.0528571428572
0	50	0	93.5059
