num_of_tit_for_tat	num_of_Pavlov	average_fitness_of_tit_for_tat	average_fitness_of_Pavlov
50	0	150	0
49	1	148.901836734694	99.1
48	2	147.774947916667	101.115
47	3	146.719734042553	100.48
46	4	145.645217391304	99.848125
45	5	144.513111111111	99.0575
44	6	143.395454545455	99.1766666666666
43	7	142.3175	98.4382142857143
42	8	141.218988095238	98.1859375
41	9	140.154207317073	98.3588888888889
40	10	139.0364375	97.951
39	11	137.926730769231	97.9261363636363
38	12	136.858486842105	97.8066666666667
37	13	135.746216216216	97.3634615384615
36	14	134.531388888889	97.0367857142857
35	15	133.560428571429	97.1013333333333
34	16	132.561029411765	96.82421875
33	17	131.384318181818	96.6833823529412
32	18	130.227734375	96.3977777777778
31	19	129.165725806452	96.2132894736842
30	20	127.994833333333	95.65725
29	21	126.916379310345	95.7757142857143
28	22	126.003303571429	95.662840909091
27	23	124.849814814815	95.3406521739131
26	24	123.551057692308	95.2889583333333
25	25	122.379	94.8066000000001
24	26	121.46	94.8772115384616
23	27	120.403043478261	94.6163888888889
22	28	119.347159090909	94.3690178571429
21	29	118.127738095238	94.2180172413794
20	30	117.169	93.8150833333333
19	31	115.910789473684	93.6745161290323
18	32	114.894722222222	93.46171875
17	33	113.706911764706	93.5930303030303
16	34	112.6921875	93.0957352941177
15	35	111.5505	92.8868571428571
14	36	110.469821428571	92.6572916666666
13	37	109.461346153846	92.5222297297297
12	38	108.304375	92.408947368421
11	39	107.241818181818	92.0216666666667
10	40	105.9795	91.736375
9	41	105.173333333333	91.7926219512196
8	42	104.0625	91.445
7	43	102.666785714286	91.0546511627907
6	44	101.494166666667	90.918125
5	45	100.443	90.8917777777778
4	46	99.03	90.5903804347826
3	47	98.665	90.3485106382979
2	48	97.8075	90.1519270833334
1	49	95.83	89.8816326530612
0	50	0	89.747
