num_of_generous_TFT	num_of_guilt_driven_amending	average_fitness_of_generous_TFT	average_fitness_of_guilt_driven_amending
20	0	100	0
19	1	99.9234210526316	100
18	2	99.8419444444445	100.1075
17	3	99.74	99.89
16	4	99.69375	99.8
15	5	99.5926666666667	99.715
14	6	99.5028571428572	99.5008333333333
13	7	99.4500000000001	99.4485714285714
12	8	99.3575000000001	99.32375
11	9	99.2749999999999	99.3183333333333
10	10	99.182	99.1835
9	11	99.0766666666667	99.0868181818182
8	12	99.063125	98.9579166666667
7	13	98.9542857142857	98.8607692307692
6	14	98.8358333333333	98.7582142857142
5	15	98.734	98.6373333333333
4	16	98.66375	98.5396875
3	17	98.5816666666667	98.4576470588235
2	18	98.535	98.353611111111
1	19	98.395	98.2326315789474
0	20	0	98.12175
