num_of_generous_TFT	num_of_TFT_with_trembling_hand	average_fitness_of_generous_TFT	average_fitness_of_TFT_with_trembling_hand
20	0	100	0
19	1	99.8715789473684	100.21
18	2	99.7386111111111	99.905
17	3	99.5926470588235	99.5966666666667
16	4	99.489375	99.18125
15	5	99.3033333333333	98.784
14	6	99.2360714285714	98.5583333333334
13	7	99.0496153846154	98.2828571428571
12	8	98.97375	97.923125
11	9	98.7663636363637	97.6311111111112
10	10	98.6415	97.276
9	11	98.5438888888889	96.945
8	12	98.374375	96.6091666666667
7	13	98.2657142857143	96.4280769230769
6	14	98.1291666666667	96.1096428571428
5	15	97.898	95.686
4	16	97.915	95.334375
3	17	97.6933333333334	95.1779411764706
2	18	97.6575	94.7519444444444
1	19	97.5	94.5147368421053
0	20	0	94.135
