num_of_generous_TFT	num_of_shame_driven_hiding	average_fitness_of_generous_TFT	average_fitness_of_shame_driven_hiding
20	0	100	0
19	1	99.9026315789474	101
18	2	99.8155555555555	100.915
17	3	99.6829411764707	100.753333333333
16	4	99.600625	100.735
15	5	99.492	100.614
14	6	99.4264285714286	100.465
13	7	99.2861538461538	100.394285714286
12	8	99.1741666666667	100.30375
11	9	99.0363636363637	100.192222222222
10	10	98.994	100.043
9	11	98.7999999999999	99.9627272727272
8	12	98.74	99.8558333333333
7	13	98.6657142857143	99.7600000000001
6	14	98.5433333333333	99.6435714285714
5	15	98.444	99.57
4	16	98.35	99.43125
3	17	98.2066666666667	99.3347058823528
2	18	98.11	99.2311111111111
1	19	98	99.1084210526316
0	20	0	99
