num_of_generous_TFT	num_of_shame_driven_denying	average_fitness_of_generous_TFT	average_fitness_of_shame_driven_denying
20	0	100	0
19	1	99.4865789473684	101.195
18	2	99.0280555555556	100.565
17	3	98.4729411764706	99.5983333333334
16	4	98.09125	99.04
15	5	97.438	98.687
14	6	96.9110714285714	97.9541666666666
13	7	96.2615384615385	97.0471428571428
12	8	95.8016666666666	96.659375
11	9	95.3536363636364	96.0627777777778
10	10	94.679	95.416
9	11	94.3494444444445	94.77
8	12	94.049375	94.245
7	13	93.5	93.4949999999999
6	14	92.8766666666666	93.0735714285714
5	15	92.328	92.4123333333333
4	16	92.155	91.6025
3	17	91.145	91.1894117647059
2	18	90.9375	90.5191666666667
1	19	90.055	89.7723684210527
0	20	0	89.31
