num_of_generous_TFT	num_of_always_defect	average_fitness_of_generous_TFT	average_fitness_of_always_defect
20	0	100	0
19	1	91.8318421052631	108.65
18	2	83.7722222222223	103.78
17	3	75.5958823529412	97.53
16	4	67.3478125	91.8825
15	5	59.314	86.4
14	6	51.4035714285714	80.3866666666667
13	7	43.16	75.0685714285714
12	8	34.8808333333333	69.25625
11	9	26.7840909090909	63.3466666666667
10	10	18.725	57.641
9	11	10.5094444444444	52.1272727272727
8	12	2.366875	45.9833333333333
7	13	-5.46142857142857	40.4169230769231
6	14	-13.765	34.5042857142857
5	15	-21.658	28.9453333333333
4	16	-30.185	22.983125
3	17	-38.4616666666667	17.2723529411765
2	18	-46.7025	11.5066666666667
1	19	-54.93	5.79315789473684
0	20	0	0
