num_of_generous_TFT	num_of_always_trembling	average_fitness_of_generous_TFT	average_fitness_of_always_trembling
20	0	100	0
19	1	95.413947368421	121.24
18	2	90.8744444444444	118.3875
17	3	86.485	113.495
16	4	81.749375	109.97125
15	5	77.328	106.306
14	6	72.8385714285714	102.813333333333
13	7	68.2007692307692	99.2771428571428
12	8	63.9204166666666	95.251875
11	9	59.025	91.6672222222223
10	10	54.584	87.836
9	11	50.2011111111111	83.9654545454545
8	12	45.540625	80.3345833333333
7	13	41.0814285714286	76.4403846153846
6	14	36.7758333333333	73.1342857142857
5	15	32.181	68.9306666666667
4	16	27.87	65.1484375
3	17	23.61	61.2805882352941
2	18	19.2025	57.6386111111112
1	19	14.11	53.7834210526316
0	20	0	50.313
