num_of_generous_TFT	num_of_TFT_with_trembling_hand	average_fitness_of_generous_TFT	average_fitness_of_TFT_with_trembling_hand
20	0	50	0
19	1	48.1913157894737	60.11
18	2	46.3998611111111	58.2275
17	3	44.6392647058824	56.6891666666667
16	4	42.92375	54.518125
15	5	41.0935	53.0815
14	6	39.3607142857143	51.05875
13	7	37.4671153846154	49.2278571428571
12	8	35.6245833333333	47.1871875
11	9	33.8520454545454	45.6188888888889
10	10	32.2215	43.70925
9	11	30.3033333333333	41.91
8	12	28.6778125	40.15375
7	13	26.7717857142857	38.3159615384616
6	14	24.9970833333333	36.4128571428572
5	15	23.2725	34.9293333333333
4	16	21.385625	32.93015625
3	17	19.8575	31.0073529411765
2	18	17.85625	29.2943055555556
1	19	15.6425	27.5963157894737
0	20	0	25.723875
