num_of_generous_TFT	num_of_shame_driven_denying	average_fitness_of_generous_TFT	average_fitness_of_shame_driven_denying
20	0	50	0
19	1	46.4652631578948	63.125
18	2	42.8418055555555	59.9125
17	3	39.2342647058823	57.2841666666667
16	4	35.67109375	54.833125
15	5	32.1526666666667	51.6215
14	6	28.50875	49.0179166666667
13	7	24.9205769230769	46.315
12	8	21.4360416666667	43.68375
11	9	17.8484090909091	41.06
10	10	14.1035	38.26475
9	11	10.4052777777778	35.95
8	12	7.02875	32.8504166666667
7	13	3.4425	30.1601923076923
6	14	-0.290833333333333	27.50875
5	15	-4.104	24.7868333333333
4	16	-7.460625	22.1346875
3	17	-10.9991666666667	19.5307352941176
2	18	-14.67	16.7025
1	19	-17.71	14.0853947368421
0	20	0	11.486125
