num_of_generous_TFT	num_of_shame_driven_hiding	average_fitness_of_generous_TFT	average_fitness_of_shame_driven_hiding
20	0	50	0
19	1	49.1289473684211	63.9425
18	2	48.2111111111111	62.99125
17	3	47.2988235294117	60.5583333333334
16	4	46.358125	59.48875
15	5	45.384	57.168
14	6	44.415	55.5879166666667
13	7	43.4346153846154	53.1725
12	8	42.4225	51.048125
11	9	41.3918181818182	48.8655555555555
10	10	40.353	46.8065
9	11	39.2933333333333	44.1306818181818
8	12	38.2325	41.5495833333333
7	13	37.1685714285714	38.6878846153846
6	14	36.085	35.8371428571429
5	15	35.034	32.5385
4	16	34.01	29.12390625
3	17	33	25.4688235294118
2	18	32	21.1813888888889
1	19	-15.295	16.7481578947368
0	20	0	11.809875
