num_of_generous_TFT	num_of_guilt_driven_amending	average_fitness_of_generous_TFT	average_fitness_of_guilt_driven_amending
20	0	50	0
19	1	48.9596052631579	55.4325
18	2	47.9404166666667	55.39625
17	3	46.8969117647059	53.8966666666667
16	4	45.8534375	52.78125
15	5	44.9101666666667	52.1705
14	6	43.8317857142857	50.9425
13	7	42.9675	50.1253571428571
12	8	41.890625	48.878125
11	9	41.0113636363636	47.7688888888889
10	10	39.7635	46.65925
9	11	38.8011111111111	45.8225
8	12	37.7159375	44.5610416666667
7	13	36.8382142857143	43.9338461538461
6	14	35.8241666666667	42.7725
5	15	34.686	41.7495
4	16	33.72125	40.6171875
3	17	32.8233333333333	39.6798529411765
2	18	31.75125	38.5831944444445
1	19	30.7775	37.5968421052632
0	20	0	36.630125
