num_of_generous_TFT	num_of_Pavlov	average_fitness_of_generous_TFT	average_fitness_of_Pavlov
20	0	50	0
19	1	47.678552631579	70.635
18	2	45.3077777777778	69.25125
17	3	42.8951470588235	66.2691666666667
16	4	40.7190625	63.89
15	5	38.189	62.9755
14	6	36.0144642857143	60.4854166666667
13	7	33.5623076923077	58.45
12	8	31.520625	56.375
11	9	28.9322727272727	54.0180555555555
10	10	26.6665	51.9715
9	11	24.7736111111111	49.9281818181818
8	12	22.185	47.663125
7	13	20.1453571428571	45.5917307692308
6	14	17.4854166666667	43.9048214285714
5	15	14.8605	41.3163333333333
4	16	12.444375	39.44265625
3	17	10.1841666666667	36.9479411764706
2	18	8.35625	34.5713888888889
1	19	5.6425	32.7464473684211
0	20	0	30.669875
